datetime,original,predicted
20180504090200,336125.0,337176.6764521599
20180504090300,335499.99999999994,336317.7921772003
20180504090400,335000.0,335690.46753644943
20180504090500,334500.0,335131.7145228386
20180504090600,334625.0,334631.0995221138
20180504090700,335000.0,334468.94294023514
20180504090800,335250.0,334729.2782664299
20180504090900,335125.0,335037.11730241776
20180504091000,335250.0,335084.42252874374
20180504091100,335874.99999999994,335094.62237358093
20180504091200,336125.0,335490.91225862503
20180504091300,336250.00000000006,335914.4825935364
20180504091400,336375.0,336097.5791811943
20180504091500,336125.0,336223.10012578964
20180504091600,336000.0,336144.9241042137
20180504091700,335625.0,335961.83413267136
20180504091800,335750.0,335700.72251558304
20180504091900,336000.0,335595.82620859146
20180504092000,335625.0,335789.0410423279
20180504092100,335625.0,335700.72251558304
20180504092200,335250.0,335528.0286669731
20180504092300,335250.0,335324.7110247612
20180504092400,335000.0,335152.1428823471
20180504092500,334625.0,335016.71320199966
20180504092600,335250.0,334698.7426877022
20180504092700,336250.00000000006,334864.59988355637
20180504092800,336750.0,335694.3092942238
20180504092900,336375.0,336426.86545848846
20180504093000,336375.0,336453.6541104317
20180504093100,336000.0,336280.73531389236
20180504093200,336000.0,336077.0383477211
20180504093300,336500.0,335904.2320251465
20180504093400,336500.0,336175.72873830795
20180504093500,336250.00000000006,336406.30036592484
20180504093600,336875.0,336270.4516649246
20180504093700,337750.0,336494.80414390564
20180504093800,338500.0,337259.3955397606
20180504093900,338750.0,338072.5823044777
20180504094000,338875.0,338555.94688653946
20180504094100,339125.0,338739.88151550293
20180504094200,339125.0,338934.2960715294
20180504094300,338875.0,339050.02295970917
20180504094400,338750.0,338913.4178161621
20180504094500,338750.0,338729.45231199265
20180504094600,338500.0,338671.6142296791
20180504094700,338000.0,338535.11494398117
20180504094800,338125.0,338146.6298699379
20180504094900,338125.0,337983.661711216
20180504095000,338250.0,338041.44686460495
20180504095100,338125.0,338109.62814092636
20180504095200,337875.0,338099.24083948135
20180504095300,337750.0,337905.1151871681
20180504095400,337500.0,337721.43417596817
20180504095500,336875.0,337527.4430513382
20180504095600,337125.0,337071.6390013695
20180504095700,337125.0,336919.1992878914
20180504095800,338250.0,337034.60639715195
20180504095900,338000.0,337647.29398489
20180504100000,337750.0,338031.05956315994
20180504100100,337875.0,337779.19286489487
20180504100200,337750.0,337731.80162906647
20180504100300,338250.0,337721.43417596817
20180504100400,338625.0,337936.24180555344
20180504100500,339375.0,338372.05415964127
20180504100600,339125.0,338955.1478624344
20180504100700,339125.0,339165.74543714523
20180504100800,339250.0,339050.02295970917
20180504100900,339250.0,339118.3343529701
20180504101000,339375.0,339176.20331048965
20180504101100,339625.0,339244.5345520973
20180504101200,339625.0,339439.1056895256
20180504101300,339250.0,339554.8965334892
20180504101400,339250.0,339349.82120990753
20180504101500,339500.0,339176.20331048965
20180504101600,340124.99999999994,339312.8702044487
20180504101700,340250.0,339770.5135345459
20180504101800,340000.0,340128.56006622314
20180504101900,340124.99999999994,340049.61878061295
20180504102000,340750.0,340002.2032856941
20180504102100,340750.0,340402.3547768593
20180504102200,341125.0,340692.13622808456
20180504102300,341000.0,340897.6526260376
20180504102400,340875.00000000006,341003.0407309532
20180504102500,340750.0,340876.55383348465
20180504102600,340625.0,340750.0911951065
20180504102700,340875.00000000006,340623.6461997032
20180504102800,341375.0,340702.6734948158
20180504102900,341250.00000000006,341092.68468618393
20180504103000,341625.0,341256.0674548149
20180504103100,341625.0,341403.75238657
20180504103200,341875.0,341577.7341723442
20180504103300,342125.0,341714.912712574
20180504103400,341875.0,341968.1379199028
20180504103500,341625.0,341946.9244480133
20180504103600,341625.0,341693.7190890312
20180504103700,341125.0,341577.7341723442
20180504103800,341500.0,341303.45648527145
20180504103900,341750.0,341277.1993279457
20180504104000,342125.0,341588.3199572563
20180504104100,342375.0,341910.1234078407
20180504104200,342500.0,342221.42708301544
20180504104300,342750.0,342406.1159491539
20180504104400,342875.0,342601.46337747574
20180504104500,342500.0,342786.2073779106
20180504104600,342500.0,342638.1938457489
20180504104700,343125.0,342464.1392827034
20180504104800,343500.0,342807.4936270714
20180504104900,343625.0,343303.8456439972
20180504105000,343625.0,343546.7232465744
20180504105100,343750.0,343604.7730445862
20180504105200,343750.0,343673.51669073105
20180504105300,343750.0,343731.5664887428
20180504105400,343750.0,343731.5664887428
20180504105500,343625.0,343731.5664887428
20180504105600,343750.0,343662.8162264824
20180504105700,343125.0,343673.51669073105
20180504105800,343250.0,343387.8636956215
20180504105900,343375.0,343166.4178967476
20180504110000,343250.0,343293.1760549545
20180504110100,343125.0,343282.49102830887
20180504110200,343125.0,343155.7438969612
20180504110300,343375.0,343097.7051258087
20180504110400,343375.0,343235.1240515709
20180504110500,343250.0,343351.2104153633
20180504110600,343000.0,343282.49102830887
20180504110700,343000.0,343087.0333313942
20180504110800,342750.0,342970.9624052048
20180504110900,342875.0,342833.58097076416
20180504111000,343125.0,342786.2073779106
20180504111100,343375.0,342981.62537813187
20180504111200,342875.0,343235.1240515709
20180504111300,342500.0,343076.3505101204
20180504111400,342750.0,342638.1938457489
20180504111500,342875.0,342601.46337747574
20180504111600,342625.0,342786.2073779106
20180504111700,342750.0,342706.8735361099
20180504111800,342875.0,342659.49112176895
20180504111900,342875.0,342786.2073779106
20180504112000,342750.0,342844.23953294754
20180504112100,342625.0,342775.55322647095
20180504112200,342375.0,342648.84799718857
20180504112300,342250.0,342453.50056886673
20180504112400,342375.0,342268.82272958755
20180504112500,342250.0,342279.4438004494
20180504112600,342375.0,342268.82272958755
20180504112700,342125.0,342279.4438004494
20180504112800,342375.0,342200.18273591995
20180504112900,342250.0,342221.42708301544
20180504113000,342000.0,342268.82272958755
20180504113100,342500.0,342073.5436677933
20180504113200,342250.0,342232.037127018
20180504113300,342375.0,342326.8328309059
20180504113400,342250.0,342279.4438004494
20180504113500,342375.0,342268.82272958755
20180504113600,342500.0,342279.4438004494
20180504113700,342750.0,342406.1159491539
20180504113800,342375.0,342601.46337747574
20180504113900,342250.0,342511.5150809288
20180504114000,342250.0,342268.82272958755
20180504114100,342375.0,342210.80380678177
20180504114200,342250.0,342279.4438004494
20180504114300,342375.0,342268.82272958755
20180504114400,342375.0,342279.4438004494
20180504114500,342375.0,342337.46713399887
20180504114600,342375.0,342337.46713399887
20180504114700,342750.0,342337.46713399887
20180504114800,342875.0,342543.4268116951
20180504114900,342625.0,342786.2073779106
20180504115000,342875.0,342706.8735361099
20180504115100,342750.0,342728.17301750183
20180504115200,342875.0,342775.55322647095
20180504115300,343250.0,342786.2073779106
20180504115400,343250.0,343050.32271146774
20180504115500,343250.0,343224.4544625282
20180504115600,343375.0,343224.4544625282
20180504115700,343250.0,343293.1760549545
20180504115800,343375.0,343282.49102830887
20180504115900,343250.0,343293.1760549545
20180504120000,343375.0,343282.49102830887
20180504120100,343250.0,343293.1760549545
20180504120200,343375.0,343282.49102830887
20180504120300,343375.0,343293.1760549545
20180504120400,343375.0,343351.2104153633
20180504120500,343375.0,343351.2104153633
20180504120600,343375.0,343351.2104153633
20180504120700,343250.0,343351.2104153633
20180504120800,343250.0,343282.49102830887
20180504120900,343250.0,343224.4544625282
20180504121000,343375.0,343224.4544625282
20180504121100,343375.0,343293.1760549545
20180504121200,343625.0,343351.2104153633
20180504121300,343500.0,343488.67124319077
20180504121400,343375.0,343536.0316038132
20180504121500,343375.0,343409.25800800323
20180504121600,343250.0,343351.2104153633
20180504121700,343250.0,343282.49102830887
20180504121800,343375.0,343224.4544625282
20180504121900,343375.0,343293.1760549545
20180504122000,343125.0,343351.2104153633
20180504122100,343375.0,343213.77605199814
20180504122200,343375.0,343235.1240515709
20180504122300,343375.0,343351.2104153633
20180504122400,343250.0,343351.2104153633
20180504122500,343500.0,343282.49102830887
20180504122600,343625.0,343361.8932366371
20180504122700,343375.0,343546.7232465744
20180504122800,343625.0,343467.292368412
20180504122900,343750.0,343488.67124319077
20180504123000,343750.0,343673.51669073105
20180504123100,343875.0,343731.5664887428
20180504123200,343875.0,343800.3189563751
20180504123300,343750.0,343858.36654901505
20180504123400,343750.0,343789.6118760109
20180504123500,343750.0,343731.5664887428
20180504123600,343750.0,343731.5664887428
20180504123700,343750.0,343731.5664887428
20180504123800,343875.0,343731.5664887428
20180504123900,343625.0,343800.3189563751
20180504124000,343375.0,343720.85720300674
20180504124100,343375.0,343467.292368412
20180504124200,343375.0,343351.2104153633
20180504124300,343250.0,343351.2104153633
20180504124400,343375.0,343282.49102830887
20180504124500,343250.0,343293.1760549545
20180504124600,343250.0,343282.49102830887
20180504124700,343250.0,343224.4544625282
20180504124800,343375.0,343224.4544625282
20180504124900,343250.0,343293.1760549545
20180504125000,343375.0,343282.49102830887
20180504125100,343250.0,343293.1760549545
20180504125200,343250.0,343282.49102830887
20180504125300,343125.0,343224.4544625282
20180504125400,343250.0,343155.7438969612
20180504125500,343375.0,343166.4178967476
20180504125600,343250.0,343293.1760549545
20180504125700,343125.0,343282.49102830887
20180504125800,343250.0,343155.7438969612
20180504125900,343250.0,343166.4178967476
20180504130000,343250.0,343224.4544625282
20180504130100,343375.0,343224.4544625282
20180504130200,343500.0,343293.1760549545
20180504130300,343875.0,343419.9430346489
20180504130400,343875.0,343684.2061281204
20180504130500,343750.0,343858.36654901505
20180504130600,343625.0,343789.6118760109
20180504130700,343625.0,343662.8162264824
20180504130800,343625.0,343604.7730445862
20180504130900,343750.0,343604.7730445862
20180504131000,343750.0,343673.51669073105
20180504131100,343625.0,343731.5664887428
20180504131200,343875.0,343662.8162264824
20180504131300,343750.0,343742.2647476196
20180504131400,343875.0,343789.6118760109
20180504131500,343625.0,343800.3189563751
20180504131600,343875.0,343720.85720300674
20180504131700,343875.0,343742.2647476196
20180504131800,343875.0,343858.36654901505
20180504131900,343750.0,343858.36654901505
20180504132000,343875.0,343789.6118760109
20180504132100,343625.0,343800.3189563751
20180504132200,343125.0,343720.85720300674
20180504132300,343250.0,343329.8337459564
20180504132400,343250.0,343166.4178967476
20180504132500,343250.0,343224.4544625282
20180504132600,343250.0,343224.4544625282
20180504132700,343375.0,343224.4544625282
20180504132800,343125.0,343293.1760549545
20180504132900,343500.0,343213.77605199814
20180504133000,343875.0,343303.8456439972
20180504133100,343875.0,343684.2061281204
20180504133200,343750.0,343858.36654901505
20180504133300,343875.0,343789.6118760109
20180504133400,343875.0,343800.3189563751
20180504133500,343750.0,343858.36654901505
20180504133600,343750.0,343789.6118760109
20180504133700,343750.0,343731.5664887428
20180504133800,343625.0,343731.5664887428
20180504133900,343750.0,343662.8162264824
20180504134000,344125.0,343673.51669073105
20180504134100,344125.0,343937.834918499
20180504134200,344125.0,344112.00857162476
20180504134300,344250.0,344112.00857162476
20180504134400,344250.0,344180.7830929756
20180504134500,344250.0,344238.83950710297
20180504134600,344375.0,344238.83950710297
20180504134700,344125.0,344307.62284994125
20180504134800,344125.0,344228.10596227646
20180504134900,344125.0,344112.00857162476
20180504135000,344375.0,344112.00857162476
20180504135100,344375.0,344249.55981969833
20180504135200,344250.0,344365.67705869675
20180504135300,344250.0,344296.88930511475
20180504135400,344250.0,344238.83950710297
20180504135500,344375.0,344238.83950710297
20180504135600,344000.0,344307.62284994125
20180504135700,343750.0,344159.32482481
20180504135800,343500.0,343847.6594686508
20180504135900,343500.0,343594.07037496567
20180504140000,343375.0,343477.98842191696
20180504140100,343375.0,343409.25800800323
20180504140200,343500.0,343351.2104153633
20180504140300,343375.0,343419.9430346489
20180504140400,343625.0,343409.25800800323
20180504140500,343500.0,343488.67124319077
20180504140600,343500.0,343536.0316038132
20180504140700,343500.0,343477.98842191696
20180504140800,343750.0,343477.98842191696
20180504140900,343875.0,343615.46248197556
20180504141000,343875.0,343800.3189563751
20180504141100,344125.0,343858.36654901505
20180504141200,344250.0,343995.89574337006
20180504141300,344375.0,344180.7830929756
20180504141400,344125.0,344307.62284994125
20180504141500,344125.0,344228.10596227646
20180504141600,344375.0,344112.00857162476
20180504141700,344500.0,344249.55981969833
20180504141800,344250.0,344434.46481227875
20180504141900,344250.0,344354.9413084984
20180504142000,344375.0,344238.83950710297
20180504142100,344375.0,344307.62284994125
20180504142200,344625.0,344365.67705869675
20180504142300,344875.0,344503.2613873482
20180504142400,344875.0,344756.9982409477
20180504142500,344875.0,344873.117685318
20180504142600,344875.0,344873.117685318
20180504142700,344875.0,344873.117685318
20180504142800,344749.99999999994,344873.117685318
20180504142900,344875.0,344804.30567264557
20180504143000,344875.0,344815.0590658188
20180504143100,344875.0,344873.117685318
20180504143200,344875.0,344873.117685318
20180504143300,344749.99999999994,344873.117685318
20180504143400,344875.0,344804.30567264557
20180504143500,344875.0,344815.0590658188
20180504143600,344875.0,344873.117685318
20180504143700,344875.0,344873.117685318
20180504143800,344749.99999999994,344873.117685318
20180504143900,344875.0,344804.30567264557
20180504144000,344749.99999999994,344815.0590658188
20180504144100,344875.0,344804.30567264557
20180504144200,345000.0,344815.0590658188
20180504144300,345375.0,344941.936314106
20180504144400,345000.0,345206.4794898033
20180504144500,345124.99999999994,345174.15314912796
20180504144600,345124.99999999994,345068.82017850876
20180504144700,345375.0,345126.87879800797
20180504144800,345250.0,345264.54252004623
20180504144900,345250.0,345311.83010339737
20180504145000,345124.99999999994,345253.77148389816
20180504145100,345250.0,345184.9374175072
20180504145200,345000.0,345195.70845365524
20180504145300,344875.0,345116.1033511162
20180504145400,344875.0,344931.17851018906
20180504145500,344875.0,344873.117685318
20180504145600,344875.0,344873.117685318
20180504145700,344875.0,344873.117685318
20180504145800,344875.0,344873.117685318
20180504145900,344625.0,344873.117685318
20180504150000,344749.99999999994,344735.4914546013
20180504150100,344875.0,344688.190639019
20180504150200,344875.0,344815.0590658188
20180504150300,344749.99999999994,344873.117685318
20180504150400,344500.0,344804.30567264557
20180504150500,344250.0,344608.6340546608
20180504150600,343875.0,344354.9413084984
20180504150700,344000.0,344032.50712156296
20180504150800,344375.0,343927.1300435066
20180504150900,344500.0,344191.49458408356
20180504151000,344625.0,344434.46481227875
20180504151100,344375.0,344561.3244175911
20180504151200,344250.0,344481.781065464
20180504151300,344125.0,344296.88930511475
20180504151400,343625.0,344170.0561642647
20180504151500,343750.0,343836.9413614273
20180504151600,343750.0,343673.51669073105
20180504151700,343625.0,343731.5664887428
20180504151800,344000.0,343662.8162264824
20180504151900,343500.0,343811.0128045082
20180504153000,342500.0,343710.14791727066
20180504153500,342500.0,342928.2597899437
20180508090000,344749.99999999994,342464.1392827034
20180508090100,344749.99999999994,343700.73980093
20180508090200,344250.0,344746.24705314636
20180508090300,343875.0,344471.0364937782
20180508090400,344000.0,344032.50712156296
20180508090500,343875.0,343927.1300435066
20180508090600,343750.0,343916.4163470268
20180508090700,343750.0,343789.6118760109
20180508090800,344000.0,343731.5664887428
20180508090900,344125.0,343869.0736293793
20180508091000,344000.0,344053.9521574974
20180508091100,343625.0,344043.2340502739
20180508091200,343625.0,343778.9025902748
20180508091300,343375.0,343604.7730445862
20180508091400,343625.0,343467.292368412
20180508091500,343750.0,343488.67124319077
20180508091600,343625.0,343673.51669073105
20180508091700,343750.0,343662.8162264824
20180508091800,343750.0,343673.51669073105
20180508091900,343625.0,343731.5664887428
20180508092000,343375.0,343662.8162264824
20180508092100,343250.0,343467.292368412
20180508092200,343375.0,343282.49102830887
20180508092300,343250.0,343293.1760549545
20180508092400,343375.0,343282.49102830887
20180508092500,343250.0,343293.1760549545
20180508092600,343375.0,343282.49102830887
20180508092700,343125.0,343293.1760549545
20180508092800,342750.0,343213.77605199814
20180508092900,343375.0,342891.6065096855
20180508093000,343000.0,343060.9768629074
20180508093100,343375.0,343145.0610756874
20180508093200,343000.0,343177.0786643028
20180508093300,342750.0,343145.0610756874
20180508093400,342875.0,342833.58097076416
20180508093500,342750.0,342786.2073779106
20180508093600,343000.0,342775.55322647095
20180508093700,343375.0,342854.89147901535
20180508093800,343250.0,343177.0786643028
20180508093900,343250.0,343282.49102830887
20180508094000,343500.0,343224.4544625282
20180508094100,343000.0,343361.8932366371
20180508094200,343000.0,343203.0910253525
20180508094300,343250.0,342970.9624052048
20180508094400,343625.0,343108.3680987358
20180508094500,343750.0,343430.6192398071
20180508094600,343875.0,343673.51669073105
20180508094700,343625.0,343800.3189563751
20180508094800,343750.0,343720.85720300674
20180508094900,343875.0,343673.51669073105
20180508095000,343875.0,343800.3189563751
20180508095100,343375.0,343858.36654901505
20180508095200,343250.0,343583.36770534515
20180508095300,343375.0,343282.49102830887
20180508095400,343250.0,343293.1760549545
20180508095500,343250.0,343282.49102830887
20180508095600,343125.0,343224.4544625282
20180508095700,343125.0,343155.7438969612
20180508095800,343375.0,343097.7051258087
20180508095900,343375.0,343235.1240515709
20180508100000,343375.0,343351.2104153633
20180508100100,343625.0,343351.2104153633
20180508100200,343750.0,343488.67124319077
20180508100300,343750.0,343673.51669073105
20180508100400,343625.0,343731.5664887428
20180508100500,342750.0,343662.8162264824
20180508100600,342750.0,343123.67779016495
20180508100700,342500.0,342717.52548217773
20180508100800,342125.0,342580.1815390587
20180508100900,341750.0,342258.1884264946
20180508101000,341375.0,341878.3087134361
20180508101100,341125.0,341498.56573343277
20180508101200,341125.0,341187.5156760216
20180508101300,341000.0,341071.570456028
20180508101400,341125.0,341003.0407309532
20180508101500,340875.00000000006,341013.60005140305
20180508101600,341125.0,340934.51541662216
20180508101700,341250.00000000006,340955.62303066254
20180508101800,341625.0,341140.1090025902
20180508101900,341750.0,341403.75238657
20180508102000,342250.0,341646.32123708725
20180508102100,342125.0,341978.73693704605
20180508102200,342000.0,342142.1726346016
20180508102300,342125.0,342015.5357718468
20180508102400,342125.0,342026.1524319649
20180508102500,342375.0,342084.16253328323
20180508102600,342250.0,342221.42708301544
20180508102700,342250.0,342268.82272958755
20180508102800,342250.0,342210.80380678177
20180508102900,342125.0,342210.80380678177
20180508103000,341750.0,342142.1726346016
20180508103100,341750.0,341878.3087134361
20180508103200,341250.00000000006,341704.3203115463
20180508103300,341750.0,341429.9941062927
20180508103400,341750.0,341472.3196029663
20180508103500,341625.0,341704.3203115463
20180508103600,341750.0,341635.7310414314
20180508103700,341875.0,341646.32123708725
20180508103800,342375.0,341772.91399240494
20180508103900,341750.0,342105.3782105446
20180508104000,341625.0,341994.295835495
20180508104100,341625.0,341635.7310414314
20180508104200,342000.0,341577.7341723442
20180508104300,342250.0,341783.5085988045
20180508104400,342250.0,342094.77257728577
20180508104500,342250.0,342210.80380678177
20180508104600,342750.0,342210.80380678177
20180508104700,342875.0,342485.39686203003
20180508104800,342875.0,342786.2073779106
20180508104900,342625.0,342844.23953294754
20180508105000,342875.0,342706.8735361099
20180508105100,342625.0,342728.17301750183
20180508105200,342750.0,342706.8735361099
20180508105300,342875.0,342659.49112176895
20180508105400,342875.0,342786.2073779106
20180508105500,342625.0,342844.23953294754
20180508105600,342750.0,342706.8735361099
20180508105700,342625.0,342659.49112176895
20180508105800,342750.0,342648.84799718857
20180508105900,342750.0,342659.49112176895
20180508110000,342625.0,342717.52548217773
20180508110100,342750.0,342648.84799718857
20180508110200,342750.0,342659.49112176895
20180508110300,342875.0,342717.52548217773
20180508110400,342750.0,342786.2073779106
20180508110500,343375.0,342775.55322647095
20180508110600,343375.0,343060.9768629074
20180508110700,343625.0,343351.2104153633
20180508110800,343625.0,343488.67124319077
20180508110900,343750.0,343604.7730445862
20180508111000,343750.0,343673.51669073105
20180508111100,343750.0,343731.5664887428
20180508111200,343750.0,343731.5664887428
20180508111300,343875.0,343731.5664887428
20180508111400,343750.0,343800.3189563751
20180508111500,343750.0,343789.6118760109
20180508111600,343750.0,343731.5664887428
20180508111700,343750.0,343731.5664887428
20180508111800,343625.0,343731.5664887428
20180508111900,343750.0,343662.8162264824
20180508112000,343750.0,343673.51669073105
20180508112100,343750.0,343731.5664887428
20180508112200,343625.0,343731.5664887428
20180508112300,343750.0,343662.8162264824
20180508112400,343750.0,343673.51669073105
20180508112500,343250.0,343731.5664887428
20180508112600,343250.0,343456.5963149071
20180508112700,343000.0,343224.4544625282
20180508112800,343250.0,343087.0333313942
20180508112900,343125.0,343108.3680987358
20180508113000,343125.0,343155.7438969612
20180508113100,343125.0,343097.7051258087
20180508113200,343125.0,343097.7051258087
20180508113300,343250.0,343097.7051258087
20180508113400,343125.0,343166.4178967476
20180508113500,343125.0,343155.7438969612
20180508113600,343250.0,343097.7051258087
20180508113700,343375.0,343166.4178967476
20180508113800,343375.0,343293.1760549545
20180508113900,343250.0,343351.2104153633
20180508114000,343250.0,343282.49102830887
20180508114100,343375.0,343224.4544625282
20180508114200,343625.0,343293.1760549545
20180508114300,343750.0,343488.67124319077
20180508114400,343750.0,343673.51669073105
20180508114500,343750.0,343731.5664887428
20180508114600,343875.0,343731.5664887428
20180508114700,343625.0,343800.3189563751
20180508114800,343500.0,343720.85720300674
20180508114900,343375.0,343536.0316038132
20180508115000,343375.0,343409.25800800323
20180508115100,343125.0,343351.2104153633
20180508115200,343375.0,343213.77605199814
20180508115300,343250.0,343235.1240515709
20180508115400,343375.0,343282.49102830887
20180508115500,343125.0,343293.1760549545
20180508115600,343250.0,343213.77605199814
20180508115700,343375.0,343166.4178967476
20180508115800,343125.0,343293.1760549545
20180508115900,343125.0,343213.77605199814
20180508120000,343250.0,343097.7051258087
20180508120100,343250.0,343166.4178967476
20180508120200,343250.0,343224.4544625282
20180508120300,343250.0,343224.4544625282
20180508120400,343625.0,343224.4544625282
20180508120500,343750.0,343430.6192398071
20180508120600,343625.0,343673.51669073105
20180508120700,343750.0,343662.8162264824
20180508120800,343625.0,343673.51669073105
20180508120900,343750.0,343662.8162264824
20180508121000,343750.0,343673.51669073105
20180508121100,343625.0,343731.5664887428
20180508121200,343875.0,343662.8162264824
20180508121300,343750.0,343742.2647476196
20180508121400,343625.0,343789.6118760109
20180508121500,343625.0,343662.8162264824
20180508121600,343625.0,343604.7730445862
20180508121700,343625.0,343604.7730445862
20180508121800,343750.0,343604.7730445862
20180508121900,343750.0,343673.51669073105
20180508122000,343875.0,343731.5664887428
20180508122100,343750.0,343800.3189563751
20180508122200,343750.0,343789.6118760109
20180508122300,343750.0,343731.5664887428
20180508122400,343750.0,343731.5664887428
20180508122500,343750.0,343731.5664887428
20180508122600,343875.0,343731.5664887428
20180508122700,343750.0,343800.3189563751
20180508122800,343875.0,343789.6118760109
20180508122900,343625.0,343800.3189563751
20180508123000,343750.0,343720.85720300674
20180508123100,343750.0,343673.51669073105
20180508123200,343625.0,343731.5664887428
20180508123300,343750.0,343662.8162264824
20180508123400,343625.0,343673.51669073105
20180508123500,343625.0,343662.8162264824
20180508123600,343625.0,343604.7730445862
20180508123700,343750.0,343604.7730445862
20180508123800,343750.0,343673.51669073105
20180508123900,343750.0,343731.5664887428
20180508124000,343750.0,343731.5664887428
20180508124100,343750.0,343731.5664887428
20180508124200,343750.0,343731.5664887428
20180508124300,343875.0,343731.5664887428
20180508124400,344125.0,343800.3189563751
20180508124500,344250.0,343995.89574337006
20180508124600,344250.0,344180.7830929756
20180508124700,344125.0,344238.83950710297
20180508124800,344375.0,344170.0561642647
20180508124900,344375.0,344249.55981969833
20180508125000,344375.0,344365.67705869675
20180508125100,344250.0,344365.67705869675
20180508125200,344125.0,344296.88930511475
20180508125300,344250.0,344170.0561642647
20180508125400,344375.0,344180.7830929756
20180508125500,344125.0,344307.62284994125
20180508125600,344125.0,344228.10596227646
20180508125700,343625.0,344112.00857162476
20180508125800,343625.0,343836.9413614273
20180508125900,343750.0,343604.7730445862
20180508130000,343750.0,343673.51669073105
20180508130100,343625.0,343731.5664887428
20180508130200,343625.0,343662.8162264824
20180508130300,343750.0,343604.7730445862
20180508130400,343750.0,343673.51669073105
20180508130500,343750.0,343731.5664887428
20180508130600,343875.0,343731.5664887428
20180508130700,343750.0,343800.3189563751
20180508130800,343750.0,343789.6118760109
20180508130900,343875.0,343731.5664887428
20180508131000,343750.0,343800.3189563751
20180508131100,343750.0,343789.6118760109
20180508131200,343625.0,343731.5664887428
20180508131300,343750.0,343662.8162264824
20180508131400,343625.0,343673.51669073105
20180508131500,343625.0,343662.8162264824
20180508131600,343750.0,343604.7730445862
20180508131700,343625.0,343673.51669073105
20180508131800,343875.0,343662.8162264824
20180508131900,343750.0,343742.2647476196
20180508132000,343625.0,343789.6118760109
20180508132100,343750.0,343662.8162264824
20180508132200,343875.0,343673.51669073105
20180508132300,343750.0,343800.3189563751
20180508132400,343750.0,343789.6118760109
20180508132500,343750.0,343731.5664887428
20180508132600,343750.0,343731.5664887428
20180508132700,343750.0,343731.5664887428
20180508132800,343625.0,343731.5664887428
20180508132900,343625.0,343662.8162264824
20180508133000,343250.0,343604.7730445862
20180508133100,343125.0,343398.56415987015
20180508133200,343250.0,343155.7438969612
20180508133300,343125.0,343166.4178967476
20180508133400,343250.0,343155.7438969612
20180508133500,343375.0,343166.4178967476
20180508133600,343250.0,343293.1760549545
20180508133700,343250.0,343282.49102830887
20180508133800,343250.0,343224.4544625282
20180508133900,343250.0,343224.4544625282
20180508134000,343375.0,343224.4544625282
20180508134100,343250.0,343293.1760549545
20180508134200,343375.0,343282.49102830887
20180508134300,342500.0,343293.1760549545
20180508134400,341875.0,342870.24968862534
20180508134500,341875.0,342120.9172606468
20180508134600,341625.0,341830.9174776077
20180508134700,341625.0,341693.7190890312
20180508134800,341875.0,341577.7341723442
20180508134900,341875.0,341714.912712574
20180508135000,341625.0,341830.9174776077
20180508135100,341750.0,341693.7190890312
20180508135200,341750.0,341646.32123708725
20180508135300,341750.0,341704.3203115463
20180508135400,341625.0,341704.3203115463
20180508135500,341500.0,341635.7310414314
20180508135600,341625.0,341509.15813446045
20180508135700,341750.0,341519.74391937256
20180508135800,341750.0,341646.32123708725
20180508135900,341625.0,341704.3203115463
20180508140000,341750.0,341635.7310414314
20180508140100,341875.0,341646.32123708725
20180508140200,341625.0,341772.91399240494
20180508140300,341750.0,341693.7190890312
20180508140400,341875.0,341646.32123708725
20180508140500,341750.0,341772.91399240494
20180508140600,341625.0,341762.3149752617
20180508140700,341750.0,341635.7310414314
20180508140800,341875.0,341646.32123708725
20180508140900,341750.0,341772.91399240494
20180508141000,341750.0,341762.3149752617
20180508141100,341750.0,341704.3203115463
20180508141200,341625.0,341704.3203115463
20180508141300,341875.0,341635.7310414314
20180508141400,341750.0,341714.912712574
20180508141500,341875.0,341762.3149752617
20180508141600,341750.0,341772.91399240494
20180508141700,342000.0,341762.3149752617
20180508141800,342125.0,341841.516494751
20180508141900,342375.0,342026.1524319649
20180508142000,342875.0,342221.42708301544
20180508142100,343250.0,342612.0976805687
20180508142200,343375.0,343050.32271146774
20180508142300,343250.0,343293.1760549545
20180508142400,343250.0,343282.49102830887
20180508142500,343375.0,343224.4544625282
20180508142600,343250.0,343293.1760549545
20180508142700,343375.0,343282.49102830887
20180508142800,343500.0,343293.1760549545
20180508142900,343625.0,343419.9430346489
20180508143000,343750.0,343546.7232465744
20180508143100,343750.0,343673.51669073105
20180508143200,343875.0,343731.5664887428
20180508143300,343875.0,343800.3189563751
20180508143400,343875.0,343858.36654901505
20180508143500,343875.0,343858.36654901505
20180508143600,343750.0,343858.36654901505
20180508143700,343750.0,343789.6118760109
20180508143800,343750.0,343731.5664887428
20180508143900,343875.0,343731.5664887428
20180508144000,343875.0,343800.3189563751
20180508144100,343875.0,343858.36654901505
20180508144200,343875.0,343858.36654901505
20180508144300,343875.0,343858.36654901505
20180508144400,343875.0,343858.36654901505
20180508144500,343875.0,343858.36654901505
20180508144600,343875.0,343858.36654901505
20180508144700,343875.0,343858.36654901505
20180508144800,343750.0,343858.36654901505
20180508144900,343875.0,343789.6118760109
20180508145000,343750.0,343800.3189563751
20180508145100,343875.0,343789.6118760109
20180508145200,343875.0,343800.3189563751
20180508145300,343750.0,343858.36654901505
20180508145400,343875.0,343789.6118760109
20180508145500,343750.0,343800.3189563751
20180508145600,343875.0,343789.6118760109
20180508145700,343875.0,343800.3189563751
20180508145800,343750.0,343858.36654901505
20180508145900,343500.0,343789.6118760109
20180508150000,343125.0,343594.07037496567
20180508150100,343125.0,343271.8104124069
20180508150200,343250.0,343097.7051258087
20180508150300,343375.0,343166.4178967476
20180508150400,343250.0,343293.1760549545
20180508150500,342625.0,343282.49102830887
20180508150600,342625.0,342880.9280991554
20180508150700,342625.0,342590.82466363907
20180508150800,342750.0,342590.82466363907
20180508150900,342625.0,342659.49112176895
20180508151000,342875.0,342648.84799718857
20180508151100,343250.0,342728.17301750183
20180508151200,343125.0,343050.32271146774
20180508151300,343375.0,343155.7438969612
20180508151400,343125.0,343235.1240515709
20180508151500,343250.0,343213.77605199814
20180508151600,343250.0,343166.4178967476
20180508151700,342750.0,343224.4544625282
20180508151800,342875.0,342949.6254324913
20180508151900,342625.0,342786.2073779106
20180508153000,342500.0,342706.8735361099
20180508153500,342500.0,342522.1626162529
20180509090000,342250.0,342464.1392827034
20180509090100,341750.0,342326.8328309059
20180509090200,340625.0,341936.30117177963
20180509090300,340250.0,341087.2219800949
20180509090400,339000.0,340360.28069257736
20180509090500,338875.0,339502.44176387787
20180509090600,339000.0,338855.573117733
20180509090700,339000.0,338866.00893735886
20180509090800,339000.0,338923.86025190353
20180509090900,339000.0,338923.86025190353
20180509091000,339250.0,338923.86025190353
20180509091100,339000.0,339060.4609847069
20180509091200,339375.0,339039.5717024803
20180509091300,340000.0,339128.7789940834
20180509091400,339500.0,339644.2052721977
20180509091500,339500.0,339660.1942181587
20180509091600,339000.0,339428.6412000656
20180509091700,337625.0,339155.2831530571
20180509091800,338000.0,338173.1494665146
20180509091900,339625.0,337742.16026067734
20180509092000,339000.0,338802.31779813766
20180509092100,337500.0,339213.14549446106
20180509092200,338750.0,338104.9571633339
20180509092300,339250.0,338093.30397844315
20180509092400,338250.0,338944.72748041153
20180509092500,338750.0,338629.8709511757
20180509092600,339000.0,338440.2795433998
20180509092700,338500.0,338808.1576228142
20180509092800,338750.0,338650.75582265854
20180509092900,338125.0,338555.94688653946
20180509093000,337750.0,338330.41673898697
20180509093100,337500.0,337836.960375309
20180509093200,337375.0,337527.4430513382
20180509093300,336750.0,337343.87451410294
20180509093400,336750.0,336945.91957330704
20180509093500,337000.0,336657.5319170952
20180509093600,336750.0,336793.49970817566
20180509093700,336375.0,336772.8794813156
20180509093800,336250.00000000006,336453.6541104317
20180509093900,336500.0,336212.82309293747
20180509094000,336375.0,336291.0145521164
20180509094100,335750.0,336338.3705019951
20180509094200,336000.0,335941.29329919815
20180509094300,336500.0,335789.0410423279
20180509094400,337000.0,336175.72873830795
20180509094500,337000.0,336678.12567949295
20180509094600,337625.0,336908.8869690895
20180509094700,337875.0,337249.078810215
20180509094800,337375.0,337674.02970790863
20180509094900,337250.0,337517.0755982399
20180509095000,337375.0,337218.08010339737
20180509095100,337250.0,337228.41888666153
20180509095200,337250.0,337218.08010339737
20180509095300,337250.0,337160.3611111641
20180509095400,337000.0,337160.3611111641
20180509095500,337375.0,337024.2830514908
20180509095600,337250.0,337112.96766996384
20180509095700,337250.0,337218.08010339737
20180509095800,337625.0,337160.3611111641
20180509095900,338500.0,337364.5609021187
20180509100000,338375.0,338014.7728919983
20180509100100,338375.0,338351.2508869171
20180509100200,338000.0,338293.437063694
20180509100300,337750.0,338088.8469219208
20180509100400,337750.0,337779.19286489487
20180509100500,338250.0,337663.67107629776
20180509100600,338250.0,337936.24180555344
20180509100700,338250.0,338167.4309372902
20180509100800,338375.0,338167.4309372902
20180509100900,338250.0,338235.6276512146
20180509101000,338250.0,338225.2293229103
20180509101100,338250.0,338167.4309372902
20180509101200,338375.0,338167.4309372902
20180509101300,338250.0,338235.6276512146
20180509101400,338125.0,338225.2293229103
20180509101500,337875.0,338099.24083948135
20180509101600,337500.0,337905.1151871681
20180509101700,337250.0,337585.1863026619
20180509101800,337375.0,337275.80350637436
20180509101900,337000.0,337228.41888666153
20180509102000,336625.00000000006,337081.98219537735
20180509102100,336875.0,336704.89448308945
20180509102200,336750.0,336667.8310036659
20180509102300,336750.0,336715.20459651947
20180509102400,336875.0,336657.5319170952
20180509102500,336875.0,336725.5102992058
20180509102600,337125.0,336783.19400548935
20180509102700,337125.0,336919.1992878914
20180509102800,337125.0,337034.60639715195
20180509102900,336625.00000000006,337034.60639715195
20180509103000,336750.0,336762.56054639816
20180509103100,336750.0,336599.86144304276
20180509103200,336625.00000000006,336657.5319170952
20180509103300,336625.00000000006,336589.562356472
20180509103400,335874.99999999994,336531.900703907
20180509103500,335625.0,336124.36121702194
20180509103600,335125.0,335643.153488636
20180509103700,335250.0,335256.95979595184
20180509103800,335750.0,335094.62237358093
20180509103900,335750.0,335423.13235998154
20180509104000,335750.0,335653.3952355385
20180509104100,335874.99999999994,335653.3952355385
20180509104200,335750.0,335721.2148308754
20180509104300,336000.0,335710.9686732292
20180509104400,336750.0,335789.0410423279
20180509104500,337000.0,336311.5465641022
20180509104600,336625.00000000006,336793.49970817566
20180509104700,336375.0,336704.89448308945
20180509104800,336125.0,336396.0123062134
20180509104900,335625.0,336144.9241042137
20180509105000,335250.0,335758.29154253006
20180509105100,335499.99999999994,335324.7110247612
20180509105200,335250.0,335287.6144647598
20180509105300,335250.0,335267.1816945076
20180509105400,335250.0,335152.1428823471
20180509105500,335750.0,335152.1428823471
20180509105600,336500.0,335423.13235998154
20180509105700,336750.0,336060.4627728462
20180509105800,336875.0,336542.1931743622
20180509105900,336750.0,336725.5102992058
20180509110000,336875.0,336715.20459651947
20180509110100,337250.0,336725.5102992058
20180509110200,337250.0,336987.2173666954
20180509110300,337375.0,337160.3611111641
20180509110400,337500.0,337228.41888666153
20180509110500,337750.0,337354.2177081108
20180509110600,337750.0,337548.15369844437
20180509110700,337875.0,337663.67107629776
20180509110800,337750.0,337731.80162906647
20180509110900,337750.0,337721.43417596817
20180509111000,338250.0,337663.67107629776
20180509111100,338250.0,337936.24180555344
20180509111200,338375.0,338167.4309372902
20180509111300,338125.0,338235.6276512146
20180509111400,338500.0,338157.03040361404
20180509111500,337750.0,338246.0215687752
20180509111600,337375.0,338010.26290655136
20180509111700,337250.0,337459.3411684036
20180509111800,336875.0,337218.08010339737
20180509111900,337000.0,336956.2539458275
20180509112000,336875.0,336851.1900305748
20180509112100,337125.0,336840.8777117729
20180509112200,337375.0,336919.1992878914
20180509112300,337375.0,337170.6910729408
20180509112400,337375.0,337286.1422896385
20180509112500,337500.0,337286.1422896385
20180509112600,337750.0,337354.2177081108
20180509112700,337750.0,337548.15369844437
20180509112800,337375.0,337663.67107629776
20180509112900,337125.0,337459.3411684036
20180509113000,337125.0,337150.02673864365
20180509113100,337250.0,337034.60639715195
20180509113200,337125.0,337102.64652967453
20180509113300,337000.0,337092.3165678978
20180509113400,337375.0,336966.5794968605
20180509113500,337250.0,337112.96766996384
20180509113600,337375.0,337218.08010339737
20180509113700,337250.0,337228.41888666153
20180509113800,337375.0,337218.08010339737
20180509113900,337750.0,337228.41888666153
20180509114000,337875.0,337490.3972148895
20180509114100,337875.0,337731.80162906647
20180509114200,337875.0,337789.57134485245
20180509114300,337750.0,337789.57134485245
20180509114400,337750.0,337721.43417596817
20180509114500,337750.0,337663.67107629776
20180509114600,337750.0,337663.67107629776
20180509114700,337875.0,337663.67107629776
20180509114800,337875.0,337731.80162906647
20180509114900,337625.0,337789.57134485245
20180509115000,337750.0,337653.3058285713
20180509115100,337875.0,337605.91238737106
20180509115200,338250.0,337731.80162906647
20180509115300,338375.0,337994.04019117355
20180509115400,338250.0,338235.6276512146
20180509115500,338375.0,338225.2293229103
20180509115600,338750.0,338235.6276512146
20180509115700,339000.0,338498.1110095978
20180509115800,338750.0,338808.1576228142
20180509115900,338875.0,338787.2948050499
20180509120000,338875.0,338739.88151550293
20180509120100,338875.0,338797.73062467575
20180509120200,338875.0,338797.73062467575
20180509120300,338875.0,338797.73062467575
20180509120400,339125.0,338797.73062467575
20180509120500,339375.0,338934.2960715294
20180509120600,339250.0,339186.6545677185
20180509120700,339375.0,339234.0766787529
20180509120800,339375.0,339244.5345520973
20180509120900,339375.0,339302.40792036057
20180509121000,339625.0,339302.40792036057
20180509121100,339750.0,339439.1056895256
20180509121200,339125.0,339623.26967716217
20180509121300,339375.0,339339.3434882164
20180509121400,339375.0,339186.6545677185
20180509121500,339375.0,339302.40792036057
20180509121600,339250.0,339302.40792036057
20180509121700,339250.0,339234.0766787529
20180509121800,339375.0,339176.20331048965
20180509121900,339375.0,339244.5345520973
20180509122000,339375.0,339302.40792036057
20180509122100,339125.0,339302.40792036057
20180509122200,339750.0,339165.74543714523
20180509122300,339875.0,339391.66593551636
20180509122400,339875.0,339749.5558857918
20180509122500,339875.0,339807.46454000473
20180509122600,339625.0,339807.46454000473
20180509122700,339875.0,339670.685172081
20180509122800,339750.0,339691.65164232254
20180509122900,340124.99999999994,339739.07375335693
20180509123000,340375.0,339886.3573074341
20180509123100,340375.0,340196.99716567993
20180509123200,340375.0,340312.8718137741
20180509123300,340375.0,340312.8718137741
20180509123400,340250.0,340312.8718137741
20180509123500,340124.99999999994,340244.4192767143
20180509123600,340499.99999999994,340118.051469326
20180509123700,340375.0,340265.4408812523
20180509123800,340250.0,340370.80693244934
20180509123900,340250.0,340244.4192767143
20180509124000,340375.0,340186.4885687828
20180509124100,340250.0,340254.9300789833
20180509124200,340375.0,340244.4192767143
20180509124300,340250.0,340254.9300789833
20180509124400,340124.99999999994,340244.4192767143
20180509124500,340625.0,340118.051469326
20180509124600,340875.00000000006,340333.8934183121
20180509124700,340875.00000000006,340702.6734948158
20180509124800,340750.0,340818.59666109085
20180509124900,340750.0,340750.0911951065
20180509125000,340375.0,340692.13622808456
20180509125100,340375.0,340486.67937517166
20180509125200,340375.0,340312.8718137741
20180509125300,340750.0,340312.8718137741
20180509125400,340750.0,340518.266916275
20180509125500,340875.00000000006,340692.13622808456
20180509125600,340750.0,340760.6328725815
20180509125700,340750.0,340750.0911951065
20180509125800,340750.0,340692.13622808456
20180509125900,340875.00000000006,340692.13622808456
20180509130000,340875.00000000006,340760.6328725815
20180509130100,341000.0,340818.59666109085
20180509130200,340875.00000000006,340887.10874319077
20180509130300,341125.0,340876.55383348465
20180509130400,341250.00000000006,340955.62303066254
20180509130500,341250.00000000006,341140.1090025902
20180509130600,341250.00000000006,341198.08822870255
20180509130700,341375.0,341198.08822870255
20180509130800,341250.00000000006,341266.63559675217
20180509130900,341500.0,341256.0674548149
20180509131000,341500.0,341335.1873755455
20180509131100,341375.0,341451.1678814888
20180509131200,341625.0,341382.6028704643
20180509131300,341625.0,341461.7492556572
20180509131400,341500.0,341577.7341723442
20180509131500,341875.0,341509.15813446045
20180509131600,341750.0,341656.90702199936
20180509131700,341625.0,341762.3149752617
20180509131800,341750.0,341635.7310414314
20180509131900,341875.0,341646.32123708725
20180509132000,341875.0,341772.91399240494
20180509132100,341500.0,341830.9174776077
20180509132200,341750.0,341625.1320242882
20180509132300,341625.0,341588.3199572563
20180509132400,341750.0,341635.7310414314
20180509132500,342125.0,341646.32123708725
20180509132600,342250.0,341910.1234078407
20180509132700,342250.0,342152.7892947197
20180509132800,342375.0,342210.80380678177
20180509132900,342125.0,342279.4438004494
20180509133000,342500.0,342200.18273591995
20180509133100,342625.0,342290.06707668304
20180509133200,342250.0,342532.80133008957
20180509133300,342250.0,342384.8429322243
20180509133400,342375.0,342210.80380678177
20180509133500,342250.0,342279.4438004494
20180509133600,342250.0,342268.82272958755
20180509133700,342375.0,342210.80380678177
20180509133800,342250.0,342279.4438004494
20180509133900,342375.0,342268.82272958755
20180509134000,342250.0,342279.4438004494
20180509134100,342375.0,342268.82272958755
20180509134200,342375.0,342279.4438004494
20180509134300,342250.0,342337.46713399887
20180509134400,342375.0,342268.82272958755
20180509134500,342875.0,342279.4438004494
20180509134600,342875.0,342612.0976805687
20180509134700,342750.0,342844.23953294754
20180509134800,342875.0,342775.55322647095
20180509134900,342750.0,342786.2073779106
20180509135000,342875.0,342775.55322647095
20180509135100,342750.0,342786.2073779106
20180509135200,342875.0,342775.55322647095
20180509135300,342875.0,342786.2073779106
20180509135400,342625.0,342844.23953294754
20180509135500,342750.0,342706.8735361099
20180509135600,342750.0,342659.49112176895
20180509135700,342875.0,342717.52548217773
20180509135800,342750.0,342786.2073779106
20180509135900,342500.0,342775.55322647095
20180509140000,341750.0,342580.1815390587
20180509140100,341250.00000000006,342052.28167772293
20180509140200,341375.0,341429.9941062927
20180509140300,342000.0,341266.63559675217
20180509140400,342000.0,341667.48398542404
20180509140500,341875.0,341957.532286644
20180509140600,341875.0,341888.9165520668
20180509140700,341875.0,341830.9174776077
20180509140800,342125.0,341830.9174776077
20180509140900,342250.0,341968.1379199028
20180509141000,342375.0,342152.7892947197
20180509141100,342250.0,342279.4438004494
20180509141200,342125.0,342268.82272958755
20180509141300,342375.0,342142.1726346016
20180509141400,342125.0,342221.42708301544
20180509141500,342375.0,342200.18273591995
20180509141600,342375.0,342221.42708301544
20180509141700,342375.0,342337.46713399887
20180509141800,342375.0,342337.46713399887
20180509141900,342500.0,342337.46713399887
20180509142000,342875.0,342406.1159491539
20180509142100,342750.0,342670.13424634933
20180509142200,342750.0,342775.55322647095
20180509142300,342750.0,342717.52548217773
20180509142400,342875.0,342717.52548217773
20180509142500,342875.0,342786.2073779106
20180509142600,342875.0,342844.23953294754
20180509142700,343000.0,342844.23953294754
20180509142800,342875.0,342912.928044796
20180509142900,342875.0,342902.27168798447
20180509143000,342875.0,342844.23953294754
20180509143100,342875.0,342844.23953294754
20180509143200,342875.0,342844.23953294754
20180509143300,342750.0,342844.23953294754
20180509143400,342875.0,342775.55322647095
20180509143500,342750.0,342786.2073779106
20180509143600,342625.0,342775.55322647095
20180509143700,343125.0,342648.84799718857
20180509143800,343375.0,342865.53901433945
20180509143900,343250.0,343235.1240515709
20180509144000,343375.0,343282.49102830887
20180509144100,343250.0,343293.1760549545
20180509144200,343625.0,343282.49102830887
20180509144300,343500.0,343430.6192398071
20180509144400,343375.0,343536.0316038132
20180509144500,343500.0,343409.25800800323
20180509144600,343875.0,343419.9430346489
20180509144700,343625.0,343684.2061281204
20180509144800,343875.0,343720.85720300674
20180509144900,344125.0,343742.2647476196
20180509145000,344125.0,343995.89574337006
20180509145100,344125.0,344112.00857162476
20180509145200,344500.0,344112.00857162476
20180509145300,344375.0,344318.3431625366
20180509145400,344250.0,344423.73567819595
20180509145500,344250.0,344296.88930511475
20180509145600,344375.0,344238.83950710297
20180509145700,344500.0,344307.62284994125
20180509145800,344749.99999999994,344434.46481227875
20180509145900,344875.0,344630.1231980324
20180509150000,344875.0,344815.0590658188
20180509150100,344749.99999999994,344873.117685318
20180509150200,344749.99999999994,344804.30567264557
20180509150300,344749.99999999994,344746.24705314636
20180509150400,344749.99999999994,344746.24705314636
20180509150500,344749.99999999994,344746.24705314636
20180509150600,344749.99999999994,344746.24705314636
20180509150700,344749.99999999994,344746.24705314636
20180509150800,344749.99999999994,344746.24705314636
20180509150900,344500.0,344746.24705314636
20180509151000,344250.0,344608.6340546608
20180509151100,344125.0,344354.9413084984
20180509151200,344250.0,344170.0561642647
20180509151300,343875.0,344180.7830929756
20180509151400,343750.0,344032.50712156296
20180509151500,343750.0,343789.6118760109
20180509151600,344125.0,343731.5664887428
20180509151700,344125.0,343937.834918499
20180509151800,344000.0,344112.00857162476
20180509151900,343875.0,344043.2340502739
20180509153000,342000.0,343916.4163470268
20180509153500,342000.0,342827.46106386185
20180510090000,341875.0,341957.532286644
20180510090100,342625.0,341888.9165520668
20180510090200,342375.0,342242.6427602768
20180510090300,342250.0,342453.50056886673
20180510090400,342250.0,342268.82272958755
20180510090500,342500.0,342210.80380678177
20180510090600,342375.0,342348.0926156044
20180510090700,342250.0,342395.4838514328
20180510090800,342375.0,342268.82272958755
20180510090900,342000.0,342279.4438004494
20180510091000,342250.0,342131.54715299606
20180510091100,342250.0,342094.77257728577
20180510091200,342125.0,342210.80380678177
20180510091300,341125.0,342142.1726346016
20180510091400,340250.0,341535.3292822838
20180510091500,339875.0,340591.99690818787
20180510091600,338875.0,339981.1949133873
20180510091700,338750.0,339260.5190873146
20180510091800,338625.0,338729.45231199265
20180510091900,338875.0,338603.35797071457
20180510092000,339250.0,338682.03461170197
20180510092100,339625.0,339002.5942325592
20180510092200,339750.0,339381.2146782875
20180510092300,341250.00000000006,339623.26967716217
20180510092400,342250.0,340502.3110508919
20180510092500,341875.0,341746.6458082199
20180510092600,341500.0,342004.9213171005
20180510092700,341000.0,341625.1320242882
20180510092800,340625.0,341176.9387125969
20180510093000,340625.0,340739.5406961441
20180510093100,340124.99999999994,340565.695643425
20180510093200,339750.0,340291.821539402
20180510093300,339750.0,339854.87562417984
20180510093400,339750.0,339681.17171525955
20180510093500,339500.0,339681.17171525955
20180510093600,339875.0,339544.4188117981
20180510093700,339500.0,339633.74078273773
20180510093800,339375.0,339602.3032069206
20180510093900,340250.0,339360.2879047394
20180510094000,341750.0,339780.9780240059
20180510094100,341750.0,341008.2806944847
20180510094200,341750.0,341704.3203115463
20180510094300,341500.0,341704.3203115463
20180510094400,341250.00000000006,341567.1439766884
20180510094500,341375.0,341314.04227018356
20180510094600,341125.0,341266.63559675217
20180510094700,340875.00000000006,341187.5156760216
20180510094800,340625.0,340934.51541662216
20180510094900,340750.0,340681.5901398659
20180510095000,340750.0,340634.1812610626
20180510095100,340750.0,340692.13622808456
20180510095200,340625.0,340692.13622808456
20180510095300,340124.99999999994,340623.6461997032
20180510095400,339000.0,340291.821539402
20180510095500,339000.0,339444.5794224739
20180510095600,338750.0,338923.86025190353
20180510095700,338750.0,338787.2948050499
20180510095800,338750.0,338671.6142296791
20180510095900,338750.0,338671.6142296791
20180510100000,339000.0,338671.6142296791
20180510100100,339000.0,338808.1576228142
20180510100200,339250.0,338923.86025190353
20180510100300,339250.0,339060.4609847069
20180510100400,339000.0,339176.20331048965
20180510100500,339250.0,339039.5717024803
20180510100600,339000.0,339060.4609847069
20180510100700,339250.0,339039.5717024803
20180510100800,340000.0,339060.4609847069
20180510100900,340750.0,339586.29220724106
20180510101000,340750.0,340344.3976044655
20180510101100,340750.0,340692.13622808456
20180510101200,340875.00000000006,340692.13622808456
20180510101300,340499.99999999994,340760.6328725815
20180510101400,340499.99999999994,340613.0979061127
20180510101500,340625.0,340439.27270174026
20180510101600,341000.0,340507.74508714676
20180510101700,340875.00000000006,340771.1723446846
20180510101800,341125.0,340876.55383348465
20180510101900,340625.0,340955.62303066254
20180510102000,340750.0,340797.49125242233
20180510102100,340375.0,340634.1812610626
20180510102200,340000.0,340486.67937517166
20180510102300,340000.0,340107.54066705704
20180510102400,340124.99999999994,339933.7838292122
20180510102500,340250.0,340002.2032856941
20180510102600,340124.99999999994,340128.56006622314
20180510102700,340250.0,340118.051469326
20180510102800,340375.0,340128.56006622314
20180510102900,340250.0,340254.9300789833
20180510103000,339750.0,340244.4192767143
20180510103100,339500.0,339912.7842783928
20180510103200,339625.0,339544.4188117981
20180510103300,339500.0,339497.0011115074
20180510103400,339500.0,339486.53000593185
20180510103500,339125.0,339428.6412000656
20180510103600,339250.0,339223.61439466476
20180510103700,339250.0,339118.3343529701
20180510103800,339250.0,339176.20331048965
20180510103900,339750.0,339176.20331048965
20180510104000,339750.0,339449.56356287
20180510104100,339750.0,339681.17171525955
20180510104200,339875.0,339681.17171525955
20180510104300,340250.0,339749.5558857918
20180510104400,340000.0,340012.6986503601
20180510104500,340250.0,340049.61878061295
20180510104600,340750.0,340070.6293582916
20180510104700,341125.0,340460.3119492531
20180510104800,341250.00000000006,340897.6526260376
20180510104900,341250.00000000006,341140.1090025902
20180510105000,341250.00000000006,341198.08822870255
20180510105100,342000.0,341198.08822870255
20180510105200,342375.0,341609.46947336197
20180510105300,342375.0,342163.4015440941
20180510105400,342625.0,342337.46713399887
20180510105500,342750.0,342474.76917505264
20180510105600,343125.0,342659.49112176895
20180510105700,343375.0,342923.5844016075
20180510105800,343500.0,343235.1240515709
20180510105900,343625.0,343419.9430346489
20180510110000,343500.0,343546.7232465744
20180510110100,343125.0,343536.0316038132
20180510110200,343125.0,343271.8104124069
20180510110300,343250.0,343097.7051258087
20180510110400,343125.0,343166.4178967476
20180510110500,343750.0,343155.7438969612
20180510110600,343625.0,343441.2932395935
20180510110700,344000.0,343662.8162264824
20180510110800,343750.0,343811.0128045082
20180510110900,343750.0,343847.6594686508
20180510111000,343625.0,343731.5664887428
20180510111100,343750.0,343662.8162264824
20180510111200,343750.0,343673.51669073105
20180510111300,344125.0,343731.5664887428
20180510111400,344125.0,343937.834918499
20180510111500,344375.0,344112.00857162476
20180510111600,344375.0,344249.55981969833
20180510111700,344125.0,344365.67705869675
20180510111800,344125.0,344228.10596227646
20180510111900,343875.0,344112.00857162476
20180510112000,343750.0,343974.4661450386
20180510112100,343875.0,343789.6118760109
20180510112200,343500.0,343800.3189563751
20180510112300,343625.0,343652.11135149
20180510112400,343750.0,343546.7232465744
20180510112500,343750.0,343673.51669073105
20180510112600,343625.0,343731.5664887428
20180510112700,343750.0,343662.8162264824
20180510112800,343750.0,343673.51669073105
20180510112900,344000.0,343731.5664887428
20180510113000,343750.0,343869.0736293793
20180510113100,343750.0,343847.6594686508
20180510113200,343750.0,343731.5664887428
20180510113300,343625.0,343731.5664887428
20180510113400,344000.0,343662.8162264824
20180510113500,343875.0,343811.0128045082
20180510113600,343750.0,343916.4163470268
20180510113700,343750.0,343789.6118760109
20180510113800,343750.0,343731.5664887428
20180510113900,343250.0,343731.5664887428
20180510114000,343375.0,343456.5963149071
20180510114100,343250.0,343293.1760549545
20180510114200,343125.0,343282.49102830887
20180510114300,343250.0,343155.7438969612
20180510114400,343000.0,343166.4178967476
20180510114500,343125.0,343087.0333313942
20180510114600,343250.0,343039.6663546562
20180510114700,342750.0,343166.4178967476
20180510114800,342250.0,342949.6254324913
20180510114900,342125.0,342442.85303354263
20180510115000,341625.0,342142.1726346016
20180510115100,341750.0,341809.69738960266
20180510115200,341750.0,341646.32123708725
20180510115300,341625.0,341704.3203115463
20180510115400,341750.0,341635.7310414314
20180510115500,342250.0,341646.32123708725
20180510115600,342500.0,341978.73693704605
20180510115700,342750.0,342348.0926156044
20180510115800,342750.0,342601.46337747574
20180510115900,342500.0,342717.52548217773
20180510120000,342625.0,342580.1815390587
20180510120100,342750.0,342532.80133008957
20180510120200,342625.0,342659.49112176895
20180510120300,343000.0,342648.84799718857
20180510120400,342625.0,342796.8549132347
20180510120500,342750.0,342764.89466428757
20180510120600,342750.0,342659.49112176895
20180510120700,342500.0,342717.52548217773
20180510120800,342750.0,342580.1815390587
20180510120900,342750.0,342601.46337747574
20180510121000,342250.0,342717.52548217773
20180510121100,342125.0,342442.85303354263
20180510121200,341750.0,342142.1726346016
20180510121300,341750.0,341878.3087134361
20180510121400,341500.0,341704.3203115463
20180510121500,341750.0,341567.1439766884
20180510121600,341750.0,341588.3199572563
20180510121700,341750.0,341704.3203115463
20180510121800,341875.0,341704.3203115463
20180510121900,341625.0,341772.91399240494
20180510122000,341750.0,341693.7190890312
20180510122100,341625.0,341646.32123708725
20180510122200,341750.0,341635.7310414314
20180510122300,341750.0,341646.32123708725
20180510122400,341625.0,341704.3203115463
20180510122500,341750.0,341635.7310414314
20180510122600,342125.0,341646.32123708725
20180510122700,342250.0,341910.1234078407
20180510122800,342000.0,342152.7892947197
20180510122900,342250.0,342073.5436677933
20180510123000,342250.0,342094.77257728577
20180510123100,342125.0,342210.80380678177
20180510123200,342250.0,342142.1726346016
20180510123300,341875.0,342152.7892947197
20180510123400,341875.0,342004.9213171005
20180510123500,341750.0,341830.9174776077
20180510123600,341625.0,341762.3149752617
20180510123700,341500.0,341635.7310414314
20180510123800,341625.0,341509.15813446045
20180510123900,341625.0,341519.74391937256
20180510124000,341625.0,341577.7341723442
20180510124100,341750.0,341577.7341723442
20180510124200,341750.0,341646.32123708725
20180510124300,341750.0,341704.3203115463
20180510124400,341625.0,341704.3203115463
20180510124500,342000.0,341635.7310414314
20180510124600,341750.0,341783.5085988045
20180510124700,341750.0,341820.3118443489
20180510124800,341625.0,341704.3203115463
20180510124900,341875.0,341635.7310414314
20180510125000,341625.0,341714.912712574
20180510125100,341750.0,341693.7190890312
20180510125200,341875.0,341646.32123708725
20180510125300,341750.0,341772.91399240494
20180510125400,341750.0,341762.3149752617
20180510125500,341750.0,341704.3203115463
20180510125600,341750.0,341704.3203115463
20180510125700,341625.0,341704.3203115463
20180510125800,341750.0,341635.7310414314
20180510125900,341625.0,341646.32123708725
20180510130000,341750.0,341635.7310414314
20180510130100,341750.0,341646.32123708725
20180510130200,341500.0,341704.3203115463
20180510130300,341375.0,341567.1439766884
20180510130400,341000.0,341382.6028704643
20180510130500,341000.0,341118.97271871567
20180510130600,341125.0,340945.074737072
20180510130700,341000.0,341013.60005140305
20180510130800,340750.0,341003.0407309532
20180510130900,340499.99999999994,340808.04616212845
20180510131000,340625.0,340555.16278743744
20180510131100,340499.99999999994,340507.74508714676
20180510131200,340499.99999999994,340497.2166419029
20180510131300,340499.99999999994,340439.27270174026
20180510131400,340499.99999999994,340439.27270174026
20180510131500,340000.0,340439.27270174026
20180510131600,340124.99999999994,340165.4537320137
20180510131700,340000.0,340002.2032856941
20180510131800,340124.99999999994,339991.7035102844
20180510131900,340375.0,340002.2032856941
20180510132000,340250.0,340196.99716567993
20180510132100,340000.0,340244.4192767143
20180510132200,340124.99999999994,340049.61878061295
20180510132300,339750.0,340002.2032856941
20180510132400,339500.0,339854.87562417984
20180510132500,339750.0,339544.4188117981
20180510132600,339750.0,339565.3676390648
20180510132700,340000.0,339681.17171525955
20180510132800,339625.0,339817.95328855515
20180510132900,339750.0,339728.58279943466
20180510133000,340250.0,339623.26967716217
20180510133100,340750.0,339954.7679424286
20180510133200,340625.0,340460.3119492531
20180510133300,340625.0,340623.6461997032
20180510133400,341000.0,340565.695643425
20180510133500,340625.0,340771.1723446846
20180510133600,340750.0,340739.5406961441
20180510133700,341000.0,340634.1812610626
20180510133800,341375.0,340829.1405439377
20180510133900,341250.00000000006,341150.66832304
20180510134000,341125.0,341256.0674548149
20180510134100,341375.0,341129.5474767685
20180510134200,341125.0,341208.6563706398
20180510134300,341750.0,341187.5156760216
20180510134400,341750.0,341414.31391239166
20180510134500,341875.0,341704.3203115463
20180510134600,342125.0,341772.91399240494
20180510134700,342375.0,341968.1379199028
20180510134800,342250.0,342221.42708301544
20180510134900,343125.0,342268.82272958755
20180510135000,343750.0,342691.3940310478
20180510135100,344250.0,343441.2932395935
20180510135200,345750.0,344006.59841299057
20180510135300,347125.0,345064.4579529762
20180510135400,348125.0,346518.9337730408
20180510135500,349125.0,347708.8465690613
20180510135600,349374.99999999994,348724.44677352905
20180510135700,349749.99999999994,349326.2618780136
20180510135800,350625.0,349648.96953105927
20180510135900,351750.0,350305.2661418915
20180510140000,351750.0,351330.85668087006
20180510140100,352375.0,351851.57585144043
20180510140200,352625.0,352195.9843635559
20180510140300,352500.0,352622.7149963379
20180510140400,352125.0,352669.38948631287
20180510140500,352625.0,352405.01832962036
20180510140600,353625.0,352507.14468955994
20180510140700,354374.99999999994,353289.0063524246
20180510140800,355375.0,354163.52009773254
20180510140900,355375.0,355059.38625335693
20180510141000,355500.0,355519.8061466217
20180510141100,355125.00000000006,355588.512301445
20180510141200,354374.99999999994,355439.8834705353
20180510141300,354374.99999999994,354854.86006736755
20180510141400,354125.0,354509.35769081116
20180510141500,355000.0,354371.799826622
20180510141600,355000.0,354737.944483757
20180510141700,355000.0,355141.037940979
20180510141800,355625.0,355141.037940979
20180510141900,355875.0,355484.64369773865
20180510142000,356250.0,355909.5747470856
20180510142100,357000.0,356230.5181026459
20180510142200,357625.0,356814.5887851715
20180510142300,358624.99999999994,357501.6326904297
20180510142400,359375.00000000006,358336.07482910156
20180510142500,360000.0,359203.98128032684
20180510142600,360375.0,359888.0788087845
20180510142700,360000.0,360377.7904510498
20180510142800,360750.0,360343.7747955322
20180510142900,361625.0,360582.51953125
20180510143000,361625.0,361400.93302726746
20180510143100,361125.0,361798.22635650635
20180510143200,360375.0,361525.8055925369
20180510143300,359625.0,360889.70136642456
20180510143400,358999.99999999994,360138.9354467392
20180510143500,358500.0,359455.39808273315
20180510143600,357750.0,358896.4686393738
20180510143700,357375.0,358257.14015960693
20180510143800,357875.0,357708.2760334015
20180510143900,358375.0,357810.59646606445
20180510144000,358750.0,358313.5712146759
20180510144100,359250.0,358747.67661094666
20180510144200,360000.0,359192.698597908
20180510144300,360375.0,359831.06112480164
20180510144400,360750.0,360377.7904510498
20180510144500,361125.0,360753.21531295776
20180510144600,361125.0,361128.34906578064
20180510144700,361125.0,361298.76255989075
20180510144800,361125.0,361298.76255989075
20180510144900,361000.0,361298.76255989075
20180510145000,360625.0,361230.6077480316
20180510145100,360500.0,360969.2711830139
20180510145200,360750.0,360730.52644729614
20180510145300,360750.0,360810.0874423981
20180510145400,360500.0,360923.796415329
20180510145500,361125.0,360787.389755249
20180510145600,361250.0,361014.666557312
20180510145700,361250.0,361366.90855026245
20180510145800,361375.0,361423.67923259735
20180510145900,361500.0,361491.8119907379
20180510150000,361500.0,361616.6801452637
20180510150100,361250.0,361673.41113090515
20180510150200,361375.0,361537.1985435486
20180510150300,361625.0,361491.8119907379
20180510150400,361750.0,361684.78202819824
20180510150500,362125.0,361866.30177497864
20180510150600,362500.0,362127.1708011627
20180510150700,362750.0,362501.14011764526
20180510150800,362625.0,362806.84876441956
20180510150900,362750.0,362852.0015478134
20180510151000,363125.0,362863.3989095688
20180510151100,362500.0,363123.6901283264
20180510151200,362125.0,362953.6339044571
20180510151300,362375.0,362466.97449684143
20180510151400,362250.0,362433.15291404724
20180510151500,362375.0,362478.3718585968
20180510151600,362125.0,362489.7692203522
20180510151700,362125.0,362410.37583351135
20180510151800,362125.0,362297.13439941406
20180510151900,361250.0,362297.13439941406
20180510153000,359500.0,361820.74761390686
20180510153500,359500.0,360468.8855409622
20180511090000,354750.00000000006,359671.7891693115
20180511090100,353999.99999999994,357069.1592693329
20180511090200,354125.0,354475.82721710205
20180511090300,354625.0,354198.9119052887
20180511090400,354625.0,354531.658411026
20180511090500,354374.99999999994,354762.08448410034
20180511090600,354625.0,354624.5574951172
20180511090700,354750.00000000006,354646.8846797943
20180511090800,355125.00000000006,354830.8391571045
20180511090900,355750.0,355094.6545600891
20180511091000,355500.0,355610.87477207184
20180511091100,355250.0,355760.9944343567
20180511091200,354500.0,355508.6028575897
20180511091300,354125.0,354981.15730285645
20180511091400,353875.0,354429.40855026245
20180511091500,353875.0,354118.96276474
20180511091600,353875.0,354003.66592407227
20180511091700,353750.0,354003.66592407227
20180511091800,353375.0,353934.86273288727
20180511091900,353000.0,353670.75181007385
20180511092000,352750.0,353291.19408130646
20180511092100,353000.0,352980.3469181061
20180511092200,353250.0,353002.5682449341
20180511092300,353125.0,353255.72288036346
20180511092400,352625.0,353302.326798439
20180511092500,352750.0,352969.22302246094
20180511092600,352375.0,352807.101726532
20180511092700,351875.0,352658.2832336426
20180511092800,351125.0,352209.48123931885
20180511092900,351125.0,351564.92161750793
20180511093000,350500.00000000006,351217.8666591644
20180511093100,350625.0,350873.3081817627
20180511093200,351000.0,350652.80628204346
20180511093300,350875.0,350917.43767261505
20180511093400,350625.0,351022.17960357666
20180511093500,350625.0,350826.48372650146
20180511093600,350625.0,350710.70170402527
20180511093700,350625.0,350710.70170402527
20180511093800,350500.00000000006,350710.70170402527
20180511093900,350375.0,350641.78824424744
20180511094000,350000.0,350514.97054100037
20180511094100,349250.0,350250.29945373535
20180511094200,349500.0,349662.97364234924
20180511094300,349250.0,349453.1545639038
20180511094400,349125.0,349431.21552467346
20180511094500,348625.0,349246.3700771332
20180511094600,349000.0,348912.69290447235
20180511094700,349500.0,348887.5516653061
20180511094800,349875.0,349337.2093439102
20180511094900,350000.0,349775.8445739746
20180511095000,350000.0,350018.6074972153
20180511095100,350375.0,350076.5382051468
20180511095200,350500.00000000006,350283.30504894257
20180511095300,350750.0,350525.97975730896
20180511095400,350625.0,350721.7153310776
20180511095500,350375.0,350768.5971260071
20180511095600,350250.0,350572.8703737259
20180511095700,350375.0,350388.14401626587
20180511095800,350125.00000000006,350399.14882183075
20180511095900,350125.00000000006,350319.2217350006
20180511100000,350625.0,350203.39119434357
20180511100100,350625.0,350479.06267642975
20180511100200,350750.0,350710.70170402527
20180511100300,350875.0,350779.6195745468
20180511100400,351000.0,350906.42404556274
20180511100500,351000.0,351033.2064628601
20180511100600,350750.0,351091.0886526108
20180511100700,351000.0,350953.27496528625
20180511100800,350875.0,350975.32868385315
20180511100900,350750.0,351022.17960357666
20180511101000,350625.0,350895.3971862793
20180511101100,350750.0,350768.5971260071
20180511101200,350500.00000000006,350779.6195745468
20180511101300,350250.0,350699.67925548553
20180511101400,350500.00000000006,350446.0526704788
20180511101500,350625.0,350468.0666923523
20180511101600,350875.0,350652.80628204346
20180511101700,351250.0,350848.52862358093
20180511101800,351125.0,351171.02456092834
20180511101900,350750.0,351275.7223844528
20180511102000,350625.0,351011.13510131836
20180511102100,350750.0,350768.5971260071
20180511102200,350750.0,350779.6195745468
20180511102300,350625.0,350837.5105857849
20180511102400,351000.0,350768.5971260071
20180511102500,351250.0,350917.43767261505
20180511102600,351250.0,351228.8935184479
20180511102700,351250.0,351344.63143348694
20180511102800,351125.0,351344.63143348694
20180511102900,350750.0,351275.7223844528
20180511103000,350875.0,351011.13510131836
20180511103100,350625.0,350906.42404556274
20180511103200,350375.0,350826.48372650146
20180511103300,350375.0,350572.8703737259
20180511103400,349374.99999999994,350457.0662975311
20180511103500,348750.0,349905.6615829468
20180511103600,349000.0,349097.54276275635
20180511103700,349000.0,348945.5397129059
20180511103800,348750.0,349061.50698661804
20180511103900,348750.0,348923.6447811127
20180511104000,348625.0,348807.68632888794
20180511104100,348750.0,348738.7640476227
20180511104200,348750.0,348749.70269203186
20180511104300,348750.0,348807.68632888794
20180511104400,348625.0,348807.68632888794
20180511104500,348750.0,348738.7640476227
20180511104600,348875.0,348749.70269203186
20180511104700,348875.0,348876.6130208969
20180511104800,348750.0,348934.596657753
20180511104900,348875.0,348865.669965744
20180511105000,349500.0,348876.6130208969
20180511105100,349749.99999999994,349279.22570705414
20180511105200,350250.0,349706.92670345306
20180511105300,350375.0,350098.51253032684
20180511105400,350250.0,350399.14882183075
20180511105500,350250.0,350388.14401626587
20180511105600,350500.00000000006,350330.2309513092
20180511105700,350750.0,350468.0666923523
20180511105800,350625.0,350721.7153310776
20180511105900,350750.0,350768.5971260071
20180511110000,350875.0,350779.6195745468
20180511110100,351375.0,350906.42404556274
20180511110200,351250.0,351239.92919921875
20180511110300,351250.0,351402.4827480316
20180511110400,351375.0,351344.63143348694
20180511110500,351500.0,351413.5272502899
20180511110600,351375.0,351540.283203125
20180511110700,351250.0,351529.2298793793
20180511110800,351125.0,351402.4827480316
20180511110900,351375.0,351275.7223844528
20180511111000,351375.0,351355.67593574524
20180511111100,351375.0,351471.3829755783
20180511111200,351375.0,351471.3829755783
20180511111300,351250.0,351471.3829755783
20180511111400,351125.0,351402.4827480316
20180511111500,351250.0,351275.7223844528
20180511111600,351250.0,351286.7624759674
20180511111700,351375.0,351344.63143348694
20180511111800,351250.0,351413.5272502899
20180511111900,351125.0,351402.4827480316
20180511112000,351250.0,351275.7223844528
20180511112100,351250.0,351286.7624759674
20180511112200,351250.0,351344.63143348694
20180511112300,351250.0,351344.63143348694
20180511112400,351375.0,351344.63143348694
20180511112500,351375.0,351413.5272502899
20180511112600,351250.0,351471.3829755783
20180511112700,351125.0,351402.4827480316
20180511112800,351250.0,351275.7223844528
20180511112900,351125.0,351286.7624759674
20180511113000,351125.0,351275.7223844528
20180511113100,351125.0,351217.8666591644
20180511113200,351375.0,351217.8666591644
20180511113300,351500.0,351355.67593574524
20180511113400,351875.0,351540.283203125
20180511113500,351625.0,351804.80432510376
20180511113600,351625.0,351840.50488471985
20180511113700,351625.0,351724.85518455505
20180511113800,351750.0,351724.85518455505
20180511113900,352250.0,351793.75100135803
20180511114000,352250.0,352127.1061897278
20180511114100,352375.0,352358.32619667053
20180511114200,352125.0,352427.19995975494
20180511114300,352250.0,352347.2375869751
20180511114400,352125.0,352300.5278110504
20180511114500,352000.0,352289.45684432983
20180511114600,351750.0,352162.7802848816
20180511114700,351625.0,351967.2123193741
20180511114800,351750.0,351782.68444538116
20180511114900,351625.0,351793.75100135803
20180511115000,351625.0,351782.68444538116
20180511115100,351625.0,351724.85518455505
20180511115200,351750.0,351724.85518455505
20180511115300,351750.0,351793.75100135803
20180511115400,352000.0,351851.57585144043
20180511115500,352250.0,351989.34984207153
20180511115600,352375.0,352242.733836174
20180511115700,352375.0,352427.19995975494
20180511115800,352125.0,352484.9851131439
20180511115900,352250.0,352347.2375869751
20180511120000,352125.0,352300.5278110504
20180511120100,352250.0,352289.45684432983
20180511120200,352250.0,352300.5278110504
20180511120300,352125.0,352358.32619667053
20180511120400,352125.0,352289.45684432983
20180511120500,352250.0,352231.6584587097
20180511120600,352125.0,352300.5278110504
20180511120700,352250.0,352289.45684432983
20180511120800,352250.0,352300.5278110504
20180511120900,352250.0,352358.32619667053
20180511121000,352375.0,352358.32619667053
20180511121100,352375.0,352427.19995975494
20180511121200,352375.0,352484.9851131439
20180511121300,352125.0,352484.9851131439
20180511121400,352375.0,352347.2375869751
20180511121500,352125.0,352369.41039562225
20180511121600,352125.0,352347.2375869751
20180511121700,352125.0,352231.6584587097
20180511121800,352125.0,352231.6584587097
20180511121900,352250.0,352231.6584587097
20180511122000,352125.0,352300.5278110504
20180511122100,352375.0,352289.45684432983
20180511122200,352375.0,352369.41039562225
20180511122300,352125.0,352484.9851131439
20180511122400,352250.0,352347.2375869751
20180511122500,352250.0,352300.5278110504
20180511122600,352125.0,352358.32619667053
20180511122700,352625.0,352289.45684432983
20180511122800,352750.0,352507.14468955994
20180511122900,352750.0,352807.101726532
20180511123000,352750.0,352864.8648262024
20180511123100,352750.0,352864.8648262024
20180511123200,352625.0,352864.8648262024
20180511123300,352875.0,352796.0042953491
20180511123400,352750.0,352875.96225738525
20180511123500,352750.0,352922.61028289795
20180511123600,352875.0,352864.8648262024
20180511123700,352625.0,352933.71653556824
20180511123800,352625.0,352853.7585735321
20180511123900,352750.0,352738.2456064224
20180511124000,352625.0,352807.101726532
20180511124100,352750.0,352796.0042953491
20180511124200,352750.0,352807.101726532
20180511124300,352750.0,352864.8648262024
20180511124400,352750.0,352864.8648262024
20180511124500,352625.0,352864.8648262024
20180511124600,352750.0,352796.0042953491
20180511124700,353125.0,352807.101726532
20180511124800,353250.0,353071.4067220688
20180511124900,353375.0,353313.44628334045
20180511125000,353375.0,353439.9905204773
20180511125100,353375.0,353497.6918697357
20180511125200,353375.0,353497.6918697357
20180511125300,353375.0,353497.6918697357
20180511125400,353250.0,353497.6918697357
20180511125500,353250.0,353428.86662483215
20180511125600,353250.0,353371.1564540863
20180511125700,353500.0,353371.1564540863
20180511125800,353625.0,353508.81576538086
20180511125900,353750.0,353693.03488731384
20180511130000,353750.0,353819.5261955261
20180511130100,353750.0,353877.20108032227
20180511130200,353750.0,353877.20108032227
20180511130300,353875.0,353877.20108032227
20180511130400,354250.0,353945.99986076355
20180511130500,354250.0,354210.0534439087
20180511130600,354250.0,354382.95459747314
20180511130700,354500.0,354382.95459747314
20180511130800,354750.00000000006,354520.5124616623
20180511130900,354750.00000000006,354773.2524871826
20180511131000,354750.00000000006,354888.42141628265
20180511131100,354625.0,354888.42141628265
20180511131200,354750.00000000006,354819.6623325348
20180511131300,354750.00000000006,354830.8391571045
20180511131400,354750.00000000006,354888.42141628265
20180511131500,354750.00000000006,354888.42141628265
20180511131600,354750.00000000006,354888.42141628265
20180511131700,354750.00000000006,354888.42141628265
20180511131800,354750.00000000006,354888.42141628265
20180511131900,354625.0,354888.42141628265
20180511132000,354750.00000000006,354819.6623325348
20180511132100,354875.0,354830.8391571045
20180511132200,354875.0,354957.1716785431
20180511132300,354750.00000000006,355014.7407054901
20180511132400,354750.00000000006,354945.9904432297
20180511132500,354750.00000000006,354888.42141628265
20180511132600,354750.00000000006,354888.42141628265
20180511132700,354750.00000000006,354888.42141628265
20180511132800,354750.00000000006,354888.42141628265
20180511132900,354625.0,354888.42141628265
20180511133000,354750.00000000006,354819.6623325348
20180511133100,354750.00000000006,354830.8391571045
20180511133200,354625.0,354888.42141628265
20180511133300,354625.0,354819.6623325348
20180511133400,355000.0,354762.08448410034
20180511133500,355125.00000000006,354968.33968162537
20180511133600,355250.0,355209.7661495209
20180511133700,355125.00000000006,355336.0369205475
20180511133800,355375.0,355324.85127449036
20180511133900,355125.00000000006,355404.7563076019
20180511134000,355125.00000000006,355382.37619400024
20180511134100,355375.0,355267.3087120056
20180511134200,355250.0,355404.7563076019
20180511134300,355250.0,355451.08675956726
20180511134400,355500.0,355393.5662508011
20180511134500,355750.0,355531.00061416626
20180511134600,355625.0,355783.4098339081
20180511134700,355875.0,355829.68735694885
20180511134800,355750.0,355909.5747470856
20180511134900,355625.0,355955.8434486389
20180511135000,355250.0,355829.68735694885
20180511135100,355375.0,355566.1013126373
20180511135200,355375.0,355462.28563785553
20180511135300,355250.0,355519.8061466217
20180511135400,355375.0,355451.08675956726
20180511135500,355375.0,355462.28563785553
20180511135600,355125.00000000006,355519.8061466217
20180511135700,355250.0,355382.37619400024
20180511135800,355125.00000000006,355336.0369205475
20180511135900,355125.00000000006,355324.85127449036
20180511140000,355375.0,355267.3087120056
20180511140100,355125.00000000006,355404.7563076019
20180511140200,355125.00000000006,355382.37619400024
20180511140300,354625.0,355267.3087120056
20180511140400,354750.00000000006,354992.36500263214
20180511140500,354875.0,354830.8391571045
20180511140600,354750.00000000006,354957.1716785431
20180511140700,354750.00000000006,354945.9904432297
20180511140800,354875.0,354888.42141628265
20180511140900,354875.0,354957.1716785431
20180511141000,354875.0,355014.7407054901
20180511141100,354374.99999999994,355014.7407054901
20180511141200,354374.99999999994,354739.7264242172
20180511141300,354125.0,354509.35769081116
20180511141400,354125.0,354371.799826622
20180511141500,354125.0,354256.5426826477
20180511141600,354250.0,354256.5426826477
20180511141700,353875.0,354325.33264160156
20180511141800,353500.0,354176.593542099
20180511141900,353500.0,353797.24311828613
20180511142000,353875.0,353624.214053154
20180511142100,353875.0,353830.65009117126
20180511142200,354625.0,354003.66592407227
20180511142300,354750.00000000006,354416.38803482056
20180511142400,354875.0,354830.8391571045
20180511142500,355125.00000000006,354957.1716785431
20180511142600,355125.00000000006,355152.2147655487
20180511142700,355250.0,355267.3087120056
20180511142800,355125.00000000006,355336.0369205475
20180511142900,355375.0,355324.85127449036
20180511143000,355625.0,355404.7563076019
20180511143100,355875.0,355657.2140455246
20180511143200,355875.0,355909.5747470856
20180511143300,355875.0,356024.5187282562
20180511143400,356125.0,356024.5187282562
20180511143500,356250.0,356161.8604660034
20180511143600,356375.0,356345.40474414825
20180511143700,356250.0,356471.47262096405
20180511143800,356250.0,356460.2472782135
20180511143900,356250.0,356402.82821655273
20180511144000,356250.0,356402.82821655273
20180511144100,356375.0,356402.82821655273
20180511144200,356750.0,356471.47262096405
20180511144300,357000.0,356734.7631454468
20180511144400,357250.0,357044.1018342972
20180511144500,357625.0,357295.9508895874
20180511144600,357625.0,357616.24586582184
20180511144700,357875.0,357788.07961940765
20180511144800,358125.0,357925.12583732605
20180511144900,358250.0,358176.60439014435
20180511145000,358375.0,358359.50911045074
20180511145100,358500.0,358485.15796661377
20180511145200,358375.0,358610.79359054565
20180511145300,358250.0,358599.4976758957
20180511145400,358375.0,358473.87528419495
20180511145500,358375.0,358485.15796661377
20180511145600,358375.0,358542.338848114
20180511145700,358125.0,358542.338848114
20180511145800,358375.0,358405.40730953217
20180511145900,358250.0,358427.9770851135
20180511150000,358125.0,358473.87528419495
20180511150100,358375.0,358348.2220172882
20180511150200,357250.0,358427.9770851135
20180511150300,356750.0,357925.91094970703
20180511150400,356500.0,357136.2775564194
20180511150500,356250.0,356769.6785926819
20180511150600,356375.0,356517.65751838684
20180511150700,356125.0,356471.47262096405
20180511150800,356250.0,356391.5984630585
20180511150900,356375.0,356345.40474414825
20180511151000,356250.0,356471.47262096405
20180511151100,356125.0,356460.2472782135
20180511151200,356250.0,356334.1794013977
20180511151300,356250.0,356345.40474414825
20180511151400,356375.0,356402.82821655273
20180511151500,356250.0,356471.47262096405
20180511151600,356125.0,356460.2472782135
20180511151700,356250.0,356334.1794013977
20180511151800,356250.0,356345.40474414825
20180511151900,356125.0,356402.82821655273
20180511153000,356500.0,356334.1794013977
20180511153500,356500.0,356482.6891422272
20180514090000,356625.0,356654.9198627472
20180514090100,357250.0,356723.5378026962
20180514090200,358375.0,357123.9230632782
20180514090300,358125.0,358027.35805511475
20180514090400,357375.0,358405.40730953217
20180514090500,356625.0,357880.0039291382
20180514090600,355250.0,357125.0169277191
20180514090700,355125.00000000006,356025.7625579834
20180514090800,355000.0,355324.85127449036
20180514090900,354500.0,355198.58050346375
20180514091000,353625.0,354866.0545349121
20180514091100,354625.0,354154.248714447
20180514091200,355750.0,354301.0823726654
20180514091300,355500.0,355380.70011138916
20180514091400,354750.00000000006,355760.9944343567
20180514091500,354374.99999999994,355233.7076663971
20180514091600,355000.0,354682.1529865265
20180514091700,356000.0,354853.1575202942
20180514091800,356500.0,355690.74010849
20180514091900,357000.0,356425.261259079
20180514092000,357250.0,356929.36956882477
20180514092100,356750.0,357295.9508895874
20180514092200,356750.0,357136.2775564194
20180514092300,356500.0,356906.90565109253
20180514092400,356625.0,356769.6785926819
20180514092500,356500.0,356723.5378026962
20180514092600,356750.0,356712.3124599457
20180514092700,356750.0,356792.15574264526
20180514092800,356750.0,356906.90565109253
20180514092900,357250.0,356906.90565109253
20180514093000,357500.0,357181.27155303955
20180514093100,357625.0,357547.6984977722
20180514093200,357500.0,357730.81493377686
20180514093300,358125.0,357719.5543050766
20180514093400,358250.0,358004.8853158951
20180514093500,358375.0,358359.50911045074
20180514093600,358999.99999999994,358485.15796661377
20180514093700,358875.0,358884.52434539795
20180514093800,358750.0,359101.71377658844
20180514093900,358750.0,358976.20165348053
20180514094000,358750.0,358919.086933136
20180514094100,358750.0,358919.086933136
20180514094200,358250.0,358919.086933136
20180514094300,358000.0,358645.34294605255
20180514094400,358125.0,358279.745221138
20180514094500,358250.0,358233.824968338
20180514094600,357750.0,358359.50911045074
20180514094700,357750.0,358142.7563428879
20180514094800,357750.0,357913.8607978821
20180514094900,357750.0,357913.8607978821
20180514095000,357750.0,357913.8607978821
20180514095100,357625.0,357913.8607978821
20180514095200,357750.0,357845.34430503845
20180514095300,357750.0,357856.6093444824
20180514095400,357750.0,357913.8607978821
20180514095500,357750.0,357913.8607978821
20180514095600,357625.0,357913.8607978821
20180514095700,357750.0,357845.34430503845
20180514095800,358125.0,357856.6093444824
20180514095900,357625.0,358119.37940120697
20180514100000,357625.0,358017.04132556915
20180514100100,357625.0,357788.07961940765
20180514100200,357625.0,357788.07961940765
20180514100300,357625.0,357788.07961940765
20180514100400,357875.0,357788.07961940765
20180514100500,357750.0,357925.12583732605
20180514100600,357625.0,357971.1034297943
20180514100700,357750.0,357845.34430503845
20180514100800,357875.0,357856.6093444824
20180514100900,357625.0,357982.3772907257
20180514101000,357375.0,357902.5869369507
20180514101100,357250.0,357651.0113477707
20180514101200,357250.0,357467.89050102234
20180514101300,357250.0,357410.5861186981
20180514101400,357125.0,357410.5861186981
20180514101500,357250.0,357342.02110767365
20180514101600,357125.0,357353.2729148865
20180514101700,357125.0,357342.02110767365
20180514101800,356875.0,357284.7034931183
20180514101900,356750.0,357147.54259586334
20180514102000,356750.0,356964.267373085
20180514102100,356625.0,356906.90565109253
20180514102200,356750.0,356838.2965326309
20180514102300,356750.0,356849.5395183563
20180514102400,356625.0,356906.90565109253
20180514102500,356625.0,356838.2965326309
20180514102600,356750.0,356780.925989151
20180514102700,356375.0,356849.5395183563
20180514102800,356250.0,356701.06065273285
20180514102900,356375.0,356460.2472782135
20180514103000,356375.0,356471.47262096405
20180514103100,356125.0,356528.8872718811
20180514103200,356250.0,356391.5984630585
20180514103300,356125.0,356345.40474414825
20180514103400,356250.0,356334.1794013977
20180514103500,356125.0,356345.40474414825
20180514103600,356125.0,356334.1794013977
20180514103700,356250.0,356276.7471075058
20180514103800,356500.0,356345.40474414825
20180514103900,356375.0,356540.10820388794
20180514104000,356750.0,356586.288690567
20180514104100,356750.0,356734.7631454468
20180514104200,356875.0,356906.90565109253
20180514104300,356750.0,356975.5059480667
20180514104400,356625.0,356964.267373085
20180514104500,356625.0,356838.2965326309
20180514104600,356875.0,356780.925989151
20180514104700,356625.0,356918.1442260742
20180514104800,356875.0,356895.6626653671
20180514104900,356625.0,356918.1442260742
20180514105000,356750.0,356895.6626653671
20180514105100,356625.0,356849.5395183563
20180514105200,356625.0,356838.2965326309
20180514105300,356750.0,356780.925989151
20180514105400,356875.0,356849.5395183563
20180514105500,356750.0,356975.5059480667
20180514105600,356625.0,356964.267373085
20180514105700,356750.0,356838.2965326309
20180514105800,356750.0,356849.5395183563
20180514105900,356750.0,356906.90565109253
20180514110000,356625.0,356906.90565109253
20180514110100,356625.0,356838.2965326309
20180514110200,356625.0,356780.925989151
20180514110300,356625.0,356780.925989151
20180514110400,356625.0,356780.925989151
20180514110500,356750.0,356780.925989151
20180514110600,356750.0,356849.5395183563
20180514110700,356750.0,356906.90565109253
20180514110800,356750.0,356906.90565109253
20180514110900,356750.0,356906.90565109253
20180514111000,356750.0,356906.90565109253
20180514111100,356750.0,356906.90565109253
20180514111200,356750.0,356906.90565109253
20180514111300,356625.0,356906.90565109253
20180514111400,356625.0,356838.2965326309
20180514111500,356750.0,356780.925989151
20180514111600,357125.0,356849.5395183563
20180514111700,357375.0,357112.6888990402
20180514111800,357625.0,357421.83351516724
20180514111900,358125.0,357673.5370159149
20180514112000,358250.0,358062.14118003845
20180514112100,358375.0,358359.50911045074
20180514112200,358375.0,358485.15796661377
20180514112300,358375.0,358542.338848114
20180514112400,358375.0,358542.338848114
20180514112500,358375.0,358542.338848114
20180514112600,358250.0,358542.338848114
20180514112700,358125.0,358473.87528419495
20180514112800,358125.0,358348.2220172882
20180514112900,358624.99999999994,358291.0279035568
20180514113000,358875.0,358564.89539146423
20180514113100,358750.0,358930.38725852966
20180514113200,358875.0,358976.20165348053
20180514113300,358624.99999999994,358987.5063896179
20180514113400,358875.0,358907.7866077423
20180514113500,358624.99999999994,358930.38725852966
20180514113600,358750.0,358907.7866077423
20180514113700,358750.0,358861.963391304
20180514113800,358624.99999999994,358919.086933136
20180514113900,358750.0,358850.66747665405
20180514114000,358624.99999999994,358861.963391304
20180514114100,358875.0,358850.66747665405
20180514114200,358875.0,358930.38725852966
20180514114300,358875.0,359044.6078777313
20180514114400,358750.0,359044.6078777313
20180514114500,358750.0,358976.20165348053
20180514114600,358875.0,358919.086933136
20180514114700,358750.0,358987.5063896179
20180514114800,358875.0,358976.20165348053
20180514114900,359125.0,358987.5063896179
20180514115000,359250.0,359181.40268325806
20180514115100,359375.00000000006,359363.94572257996
20180514115200,359250.0,359489.3696308136
20180514115300,359375.00000000006,359478.0604839325
20180514115400,359250.0,359489.3696308136
20180514115500,359250.0,359478.0604839325
20180514115600,359250.0,359421.00751399994
20180514115700,359250.0,359421.00751399994
20180514115800,359250.0,359421.00751399994
20180514115900,359125.0,359421.00751399994
20180514120000,359250.0,359352.63657569885
20180514120100,359125.0,359363.94572257996
20180514120200,359250.0,359352.63657569885
20180514120300,359250.0,359363.94572257996
20180514120400,359375.00000000006,359421.00751399994
20180514120500,359250.0,359489.3696308136
20180514120600,359250.0,359478.0604839325
20180514120700,359125.0,359421.00751399994
20180514120800,359375.00000000006,359352.63657569885
20180514120900,359375.00000000006,359432.32107162476
20180514121000,359250.0,359546.41819000244
20180514121100,359250.0,359478.0604839325
20180514121200,359250.0,359421.00751399994
20180514121300,359250.0,359421.00751399994
20180514121400,359375.00000000006,359421.00751399994
20180514121500,359250.0,359489.3696308136
20180514121600,359125.0,359478.0604839325
20180514121700,358875.0,359352.63657569885
20180514121800,358750.0,359158.797621727
20180514121900,358875.0,358976.20165348053
20180514122000,358750.0,358987.5063896179
20180514122100,358750.0,358976.20165348053
20180514122200,358875.0,358919.086933136
20180514122300,358624.99999999994,358987.5063896179
20180514122400,358875.0,358907.7866077423
20180514122500,358624.99999999994,358930.38725852966
20180514122600,358750.0,358907.7866077423
20180514122700,358750.0,358861.963391304
20180514122800,358750.0,358919.086933136
20180514122900,358875.0,358919.086933136
20180514123000,358750.0,358987.5063896179
20180514123100,358999.99999999994,358976.20165348053
20180514123200,359375.00000000006,359055.9126138687
20180514123300,359250.0,359375.24604797363
20180514123400,359250.0,359478.0604839325
20180514123500,359125.0,359421.00751399994
20180514123600,359125.0,359352.63657569885
20180514123700,359375.00000000006,359295.57037353516
20180514123800,359250.0,359432.32107162476
20180514123900,359250.0,359478.0604839325
20180514124000,359125.0,359421.00751399994
20180514124100,359250.0,359352.63657569885
20180514124200,359250.0,359363.94572257996
20180514124300,359375.00000000006,359421.00751399994
20180514124400,359375.00000000006,359489.3696308136
20180514124500,359125.0,359546.41819000244
20180514124600,359250.0,359409.6939563751
20180514124700,359250.0,359363.94572257996
20180514124800,359125.0,359421.00751399994
20180514124900,359375.00000000006,359352.63657569885
20180514125000,359250.0,359432.32107162476
20180514125100,359375.00000000006,359478.0604839325
20180514125200,359375.00000000006,359489.3696308136
20180514125300,359375.00000000006,359546.41819000244
20180514125400,359250.0,359546.41819000244
20180514125500,359250.0,359478.0604839325
20180514125600,359250.0,359421.00751399994
20180514125700,359250.0,359421.00751399994
20180514125800,359250.0,359421.00751399994
20180514125900,359250.0,359421.00751399994
20180514130000,359250.0,359421.00751399994
20180514130100,359250.0,359421.00751399994
20180514130200,359250.0,359421.00751399994
20180514130300,359375.00000000006,359421.00751399994
20180514130400,359250.0,359489.3696308136
20180514130500,359125.0,359478.0604839325
20180514130600,359375.00000000006,359352.63657569885
20180514130700,359250.0,359432.32107162476
20180514130800,359125.0,359478.0604839325
20180514130900,359250.0,359352.63657569885
20180514131000,359375.00000000006,359363.94572257996
20180514131100,359250.0,359489.3696308136
20180514131200,359250.0,359478.0604839325
20180514131300,359375.00000000006,359421.00751399994
20180514131400,359250.0,359489.3696308136
20180514131500,359250.0,359478.0604839325
20180514131600,359125.0,359421.00751399994
20180514131700,359250.0,359352.63657569885
20180514131800,359250.0,359363.94572257996
20180514131900,359125.0,359421.00751399994
20180514132000,359250.0,359352.63657569885
20180514132100,359375.00000000006,359363.94572257996
20180514132200,359125.0,359489.3696308136
20180514132300,359375.00000000006,359409.6939563751
20180514132400,359250.0,359432.32107162476
20180514132500,359250.0,359478.0604839325
20180514132600,359250.0,359421.00751399994
20180514132700,359250.0,359421.00751399994
20180514132800,359125.0,359421.00751399994
20180514132900,359250.0,359352.63657569885
20180514133000,359375.00000000006,359363.94572257996
20180514133100,359250.0,359489.3696308136
20180514133200,359250.0,359478.0604839325
20180514133300,359250.0,359421.00751399994
20180514133400,359250.0,359421.00751399994
20180514133500,359250.0,359421.00751399994
20180514133600,359250.0,359421.00751399994
20180514133700,359250.0,359421.00751399994
20180514133800,359125.0,359421.00751399994
20180514133900,359375.00000000006,359352.63657569885
20180514134000,359250.0,359432.32107162476
20180514134100,359250.0,359478.0604839325
20180514134200,359125.0,359421.00751399994
20180514134300,359250.0,359352.63657569885
20180514134400,359250.0,359363.94572257996
20180514134500,359375.00000000006,359421.00751399994
20180514134600,359125.0,359489.3696308136
20180514134700,359375.00000000006,359409.6939563751
20180514134800,359125.0,359432.32107162476
20180514134900,359375.00000000006,359409.6939563751
20180514135000,359250.0,359432.32107162476
20180514135100,359250.0,359478.0604839325
20180514135200,359250.0,359421.00751399994
20180514135300,359375.00000000006,359421.00751399994
20180514135400,359250.0,359489.3696308136
20180514135500,359375.00000000006,359478.0604839325
20180514135600,359375.00000000006,359489.3696308136
20180514135700,359250.0,359546.41819000244
20180514135800,359250.0,359478.0604839325
20180514135900,359125.0,359421.00751399994
20180514140000,359375.00000000006,359352.63657569885
20180514140100,359250.0,359432.32107162476
20180514140200,359125.0,359478.0604839325
20180514140300,359500.0,359352.63657569885
20180514140400,359875.0,359500.674366951
20180514140500,359750.00000000006,359876.7740726471
20180514140600,359750.00000000006,359979.42531108856
20180514140700,359875.0,359922.45173454285
20180514140800,359750.00000000006,359990.75651168823
20180514140900,359750.00000000006,359979.42531108856
20180514141000,359750.00000000006,359922.45173454285
20180514141100,359750.00000000006,359922.45173454285
20180514141200,359875.0,359922.45173454285
20180514141300,359625.0,359990.75651168823
20180514141400,359750.00000000006,359911.11612319946
20180514141500,359625.0,359865.45169353485
20180514141600,359750.00000000006,359854.13813591003
20180514141700,359750.00000000006,359865.45169353485
20180514141800,359750.00000000006,359922.45173454285
20180514141900,359625.0,359922.45173454285
20180514142000,359250.0,359854.13813591003
20180514142100,359250.0,359592.11349487305
20180514142200,359250.0,359421.00751399994
20180514142300,359125.0,359421.00751399994
20180514142400,359250.0,359352.63657569885
20180514142500,359125.0,359363.94572257996
20180514142600,358875.0,359352.63657569885
20180514142700,358750.0,359158.797621727
20180514142800,358875.0,358976.20165348053
20180514142900,358750.0,358987.5063896179
20180514143000,358624.99999999994,358976.20165348053
20180514143100,358750.0,358850.66747665405
20180514143200,358750.0,358861.963391304
20180514143300,358750.0,358919.086933136
20180514143400,358624.99999999994,358919.086933136
20180514143500,358875.0,358850.66747665405
20180514143600,358750.0,358930.38725852966
20180514143700,358624.99999999994,358976.20165348053
20180514143800,358750.0,358850.66747665405
20180514143900,359125.0,358861.963391304
20180514144000,359375.00000000006,359124.30119514465
20180514144100,359250.0,359432.32107162476
20180514144200,359375.00000000006,359478.0604839325
20180514144300,359125.0,359489.3696308136
20180514144400,359250.0,359409.6939563751
20180514144500,359125.0,359363.94572257996
20180514144600,359125.0,359352.63657569885
20180514144700,359375.00000000006,359295.57037353516
20180514144800,359250.0,359432.32107162476
20180514144900,359250.0,359478.0604839325
20180514145000,359375.00000000006,359421.00751399994
20180514145100,359125.0,359489.3696308136
20180514145200,359250.0,359409.6939563751
20180514145300,359250.0,359363.94572257996
20180514145400,359125.0,359421.00751399994
20180514145500,359250.0,359352.63657569885
20180514145600,359375.00000000006,359363.94572257996
20180514145700,359375.00000000006,359489.3696308136
20180514145800,359375.00000000006,359546.41819000244
20180514145900,359250.0,359546.41819000244
20180514150000,359250.0,359478.0604839325
20180514150100,359125.0,359421.00751399994
20180514150200,359375.00000000006,359352.63657569885
20180514150300,358999.99999999994,359432.32107162476
20180514150400,358750.0,359341.3186073303
20180514150500,358624.99999999994,359033.30755233765
20180514150600,358750.0,358850.66747665405
20180514150700,358750.0,358861.963391304
20180514150800,358624.99999999994,358919.086933136
20180514150900,358750.0,358850.66747665405
20180514151000,358750.0,358861.963391304
20180514151100,358750.0,358919.086933136
20180514151200,358750.0,358919.086933136
20180514151300,358750.0,358919.086933136
20180514151400,358750.0,358919.086933136
20180514151500,358750.0,358919.086933136
20180514151600,358750.0,358919.086933136
20180514151700,358750.0,358919.086933136
20180514151800,358624.99999999994,358919.086933136
20180514151900,358750.0,358850.66747665405
20180514153000,359500.0,358861.963391304
20180514153500,359500.0,359329.45370674133
20180515090000,357000.0,359671.7891693115
20180515090100,357000.0,358303.3471107483
20180515090200,358250.0,357158.7944030762
20180515090300,358500.0,357844.29454803467
20180515090400,357500.0,358553.6171197891
20180515090500,355500.0,358120.1380491257
20180515090600,354625.0,356564.7510290146
20180515090700,355250.0,355164.9706363678
20180515090800,355500.0,355105.81374168396
20180515090900,355375.0,355531.00061416626
20180515091000,355875.0,355577.31342315674
20180515091100,355750.0,355794.5998907089
20180515091200,355750.0,355955.8434486389
20180515091300,355750.0,355898.380279541
20180515091400,356250.0,355898.380279541
20180515091500,356000.0,356173.0593442917
20180515091600,356250.0,356265.52176475525
20180515091700,356000.0,356287.97245025635
20180515091800,355875.0,356265.52176475525
20180515091900,356375.0,356081.9818973541
20180515092000,357000.0,356299.1713285446
20180515092100,357750.0,356871.98138237
20180515092200,356750.0,357570.184469223
20180515092300,356375.0,357365.4862642288
20180515092400,356625.0,356701.06065273285
20180515092500,357125.0,356666.140794754
20180515092600,357125.0,357055.33599853516
20180515092700,357000.0,357284.7034931183
20180515092800,356750.0,357216.1252498627
20180515092900,356500.0,357021.6202735901
20180515093000,356500.0,356769.6785926819
20180515093100,357000.0,356654.9198627472
20180515093200,356625.0,356929.36956882477
20180515093300,356500.0,356953.0155658722
20180515093400,356625.0,356712.3124599457
20180515093500,356250.0,356723.5378026962
20180515093600,356625.0,356575.0501155853
20180515093700,357000.0,356608.7393760681
20180515093800,357500.0,356986.7401123047
20180515093900,358000.0,357433.08091163635
20180515094000,358125.0,357936.3820552826
20180515094100,358500.0,358233.824968338
20180515094200,358750.0,358496.4406490326
20180515094300,358750.0,358804.8222064972
20180515094400,358250.0,358919.086933136
20180515094500,358250.0,358645.34294605255
20180515094600,358250.0,358416.6944026947
20180515094700,357375.0,358416.6944026947
20180515094800,356250.0,357937.22450733185
20180515094900,356625.0,356919.20280456543
20180515095000,356625.0,356608.7393760681
20180515095100,356250.0,356780.925989151
20180515095200,356125.0,356575.0501155853
20180515095300,356250.0,356334.1794013977
20180515095400,356250.0,356345.40474414825
20180515095500,356500.0,356402.82821655273
20180515095600,356625.0,356540.10820388794
20180515095700,356625.0,356723.5378026962
20180515095800,356500.0,356780.925989151
20180515095900,356125.0,356712.3124599457
20180515100000,356125.0,356449.0087032318
20180515100100,356500.0,356276.7471075058
20180515100200,356125.0,356482.6891422272
20180515100300,356125.0,356449.0087032318
20180515100400,356125.0,356276.7471075058
20180515100500,356500.0,356276.7471075058
20180515100600,356625.0,356482.6891422272
20180515100700,356500.0,356723.5378026962
20180515100800,356125.0,356712.3124599457
20180515100900,356250.0,356449.0087032318
20180515101000,356250.0,356345.40474414825
20180515101100,356125.0,356402.82821655273
20180515101200,356125.0,356334.1794013977
20180515101300,356250.0,356276.7471075058
20180515101400,357000.0,356345.40474414825
20180515101500,356625.0,356814.5887851715
20180515101600,356750.0,356953.0155658722
20180515101700,356875.0,356849.5395183563
20180515101800,357000.0,356975.5059480667
20180515101900,356875.0,357101.45473480225
20180515102000,356750.0,357090.20733833313
20180515102100,357125.0,356964.267373085
20180515102200,357250.0,357112.6888990402
20180515102300,356750.0,357353.2729148865
20180515102400,356875.0,357136.2775564194
20180515102500,356625.0,356975.5059480667
20180515102600,356750.0,356895.6626653671
20180515102700,356500.0,356849.5395183563
20180515102800,356125.0,356769.6785926819
20180515102900,355875.0,356449.0087032318
20180515103000,355875.0,356139.4318342209
20180515103100,356250.0,356024.5187282562
20180515103200,356375.0,356230.5181026459
20180515103300,356250.0,356471.47262096405
20180515103400,356125.0,356460.2472782135
20180515103500,355625.0,356334.1794013977
20180515103600,355625.0,356002.07686424255
20180515103700,355625.0,355772.2065448761
20180515103800,355750.0,355772.2065448761
20180515103900,355625.0,355840.89064598083
20180515104000,355750.0,355829.68735694885
20180515104100,355875.0,355840.89064598083
20180515104200,356375.0,355967.0555591583
20180515104300,356250.0,356299.1713285446
20180515104400,356250.0,356460.2472782135
20180515104500,356250.0,356402.82821655273
20180515104600,356250.0,356402.82821655273
20180515104700,356500.0,356402.82821655273
20180515104800,356875.0,356540.10820388794
20180515104900,356875.0,356860.76045036316
20180515105000,356750.0,357032.8632593155
20180515105100,356500.0,356964.267373085
20180515105200,356500.0,356769.6785926819
20180515105300,356125.0,356654.9198627472
20180515105400,356250.0,356449.0087032318
20180515105500,356000.0,356345.40474414825
20180515105600,355875.0,356265.52176475525
20180515105700,355625.0,356081.9818973541
20180515105800,355750.0,355887.1637582779
20180515105900,355750.0,355840.89064598083
20180515110000,355625.0,355898.380279541
20180515110100,355250.0,355829.68735694885
20180515110200,355125.00000000006,355566.1013126373
20180515110300,355250.0,355324.85127449036
20180515110400,354750.00000000006,355336.0369205475
20180515110500,354750.00000000006,355118.6490058899
20180515110600,354625.0,354888.42141628265
20180515110700,354625.0,354819.6623325348
20180515110800,354750.00000000006,354762.08448410034
20180515110900,354750.00000000006,354830.8391571045
20180515111000,355000.0,354888.42141628265
20180515111100,355125.00000000006,355025.9131193161
20180515111200,355125.00000000006,355209.7661495209
20180515111300,355125.00000000006,355267.3087120056
20180515111400,354875.0,355267.3087120056
20180515111500,354374.99999999994,355129.84788417816
20180515111600,354250.0,354739.7264242172
20180515111700,354500.0,354440.5765533447
20180515111800,354750.00000000006,354520.5124616623
20180515111900,354750.00000000006,354773.2524871826
20180515112000,354750.00000000006,354888.42141628265
20180515112100,354500.0,354888.42141628265
20180515112200,354500.0,354750.91207027435
20180515112300,354750.00000000006,354635.7299089432
20180515112400,354625.0,354773.2524871826
20180515112500,354750.00000000006,354819.6623325348
20180515112600,355125.00000000006,354830.8391571045
20180515112700,355250.0,355094.6545600891
20180515112800,355000.0,355336.0369205475
20180515112900,354750.00000000006,355256.1274766922
20180515113000,354750.00000000006,355003.555059433
20180515113100,354750.00000000006,354888.42141628265
20180515113200,354875.0,354888.42141628265
20180515113300,354625.0,354957.1716785431
20180515113400,354625.0,354877.24459171295
20180515113500,354875.0,354762.08448410034
20180515113600,354875.0,354899.59383010864
20180515113700,354750.00000000006,355014.7407054901
20180515113800,354374.99999999994,354945.9904432297
20180515113900,354250.0,354682.1529865265
20180515114000,354250.0,354440.5765533447
20180515114100,354125.0,354382.95459747314
20180515114200,354250.0,354314.1734600067
20180515114300,354250.0,354325.33264160156
20180515114400,354374.99999999994,354382.95459747314
20180515114500,354374.99999999994,354451.7357349396
20180515114600,354250.0,354509.35769081116
20180515114700,354125.0,354440.5765533447
20180515114800,354125.0,354314.1734600067
20180515114900,354250.0,354256.5426826477
20180515115000,354250.0,354325.33264160156
20180515115100,354250.0,354382.95459747314
20180515115200,354374.99999999994,354382.95459747314
20180515115300,354250.0,354451.7357349396
20180515115400,353875.0,354440.5765533447
20180515115500,353750.0,354176.593542099
20180515115600,353625.0,353934.86273288727
20180515115700,353750.0,353808.3846569061
20180515115800,353625.0,353819.5261955261
20180515115900,353625.0,353808.3846569061
20180515120000,353625.0,353750.70977211
20180515120100,353750.0,353750.70977211
20180515120200,353500.0,353819.5261955261
20180515120300,353375.0,353739.5726442337
20180515120400,353250.0,353555.39321899414
20180515120500,353250.0,353428.86662483215
20180515120600,353250.0,353371.1564540863
20180515120700,353125.0,353371.1564540863
20180515120800,353125.0,353302.326798439
20180515120900,353125.0,353244.60780620575
20180515121000,353250.0,353244.60780620575
20180515121100,353125.0,353313.44628334045
20180515121200,353375.0,353302.326798439
20180515121300,353375.0,353382.28034973145
20180515121400,353000.0,353497.6918697357
20180515121500,353000.0,353291.19408130646
20180515121600,353250.0,353118.04592609406
20180515121700,353250.0,353255.72288036346
20180515121800,353250.0,353371.1564540863
20180515121900,353375.0,353371.1564540863
20180515122000,353250.0,353439.9905204773
20180515122100,353375.0,353428.86662483215
20180515122200,353250.0,353439.9905204773
20180515122300,353125.0,353428.86662483215
20180515122400,353125.0,353302.326798439
20180515122500,353250.0,353244.60780620575
20180515122600,353250.0,353313.44628334045
20180515122700,352875.0,353371.1564540863
20180515122800,352750.0,353164.6454334259
20180515122900,352750.0,352922.61028289795
20180515123000,352625.0,352864.8648262024
20180515123100,352875.0,352796.0042953491
20180515123200,352625.0,352875.96225738525
20180515123300,352625.0,352853.7585735321
20180515123400,352750.0,352738.2456064224
20180515123500,352750.0,352807.101726532
20180515123600,352625.0,352864.8648262024
20180515123700,352750.0,352796.0042953491
20180515123800,352875.0,352807.101726532
20180515123900,352625.0,352933.71653556824
20180515124000,352875.0,352853.7585735321
20180515124100,352750.0,352875.96225738525
20180515124200,352750.0,352922.61028289795
20180515124300,352625.0,352864.8648262024
20180515124400,352625.0,352796.0042953491
20180515124500,352500.0,352738.2456064224
20180515124600,352250.0,352669.38948631287
20180515124700,352125.0,352473.88768196106
20180515124800,352250.0,352289.45684432983
20180515124900,352250.0,352300.5278110504
20180515125000,352625.0,352358.32619667053
20180515125100,353125.0,352564.9298429489
20180515125200,353625.0,353013.6568546295
20180515125300,353250.0,353519.9308395386
20180515125400,353000.0,353544.25168037415
20180515125500,352750.0,353233.4883213043
20180515125600,352625.0,352980.3469181061
20180515125700,352875.0,352796.0042953491
20180515125800,353375.0,352875.96225738525
20180515125900,353250.0,353266.8203115463
20180515130000,353000.0,353428.86662483215
20180515130100,353375.0,353233.4883213043
20180515130200,353375.0,353324.55253601074
20180515130300,353250.0,353497.6918697357
20180515130400,353125.0,353428.86662483215
20180515130500,353375.0,353302.326798439
20180515130600,353625.0,353382.28034973145
20180515130700,353500.0,353635.3335380554
20180515130800,353625.0,353681.89775943756
20180515130900,353999.99999999994,353693.03488731384
20180515131000,354374.99999999994,353957.14139938354
20180515131100,354875.0,354336.483001709
20180515131200,355375.0,354784.40725803375
20180515131300,355125.00000000006,355289.662361145
20180515131400,355750.0,355382.37619400024
20180515131500,355625.0,355610.87477207184
20180515131600,355875.0,355829.68735694885
20180515131700,356250.0,355909.5747470856
20180515131800,356125.0,356230.5181026459
20180515131900,355750.0,356334.1794013977
20180515132000,356250.0,356070.75214385986
20180515132100,356375.0,356173.0593442917
20180515132200,356250.0,356471.47262096405
20180515132300,356500.0,356460.2472782135
20180515132400,356750.0,356540.10820388794
20180515132500,356750.0,356792.15574264526
20180515132600,356875.0,356906.90565109253
20180515132700,357000.0,356975.5059480667
20180515132800,357125.0,357101.45473480225
20180515132900,357125.0,357227.3726463318
20180515133000,357375.0,357284.7034931183
20180515133100,357250.0,357421.83351516724
20180515133200,357250.0,357467.89050102234
20180515133300,357000.0,357410.5861186981
20180515133400,356875.0,357273.44727516174
20180515133500,356625.0,357090.20733833313
20180515133600,356750.0,356895.6626653671
20180515133700,356750.0,356849.5395183563
20180515133800,356375.0,356906.90565109253
20180515133900,356250.0,356701.06065273285
20180515134000,356250.0,356460.2472782135
20180515134100,355875.0,356402.82821655273
20180515134200,355750.0,356196.8597173691
20180515134300,355875.0,355955.8434486389
20180515134400,355750.0,355967.0555591583
20180515134500,355250.0,355955.8434486389
20180515134600,355375.0,355623.5953569412
20180515134700,355000.0,355462.28563785553
20180515134800,355000.0,355313.6479854584
20180515134900,355250.0,355141.037940979
20180515135000,355250.0,355278.49435806274
20180515135100,355375.0,355393.5662508011
20180515135200,355750.0,355462.28563785553
20180515135300,355500.0,355725.90696811676
20180515135400,355875.0,355760.9944343567
20180515135500,355500.0,355852.09834575653
20180515135600,355625.0,355818.47524642944
20180515135700,355375.0,355714.7169113159
20180515135800,355375.0,355634.80746746063
20180515135900,355750.0,355519.8061466217
20180515140000,355750.0,355725.90696811676
20180515140100,355500.0,355898.380279541
20180515140200,354250.0,355760.9944343567
20180515140300,353875.0,354958.7330818176
20180515140400,354125.0,354176.593542099
20180515140500,354374.99999999994,354141.26348495483
20180515140600,354374.99999999994,354394.113779068
20180515140700,354125.0,354509.35769081116
20180515140800,354250.0,354371.799826622
20180515140900,354250.0,354325.33264160156
20180515141000,354374.99999999994,354382.95459747314
20180515141100,354250.0,354451.7357349396
20180515141200,354125.0,354440.5765533447
20180515141300,354374.99999999994,354314.1734600067
20180515141400,354250.0,354394.113779068
20180515141500,354250.0,354440.5765533447
20180515141600,354374.99999999994,354382.95459747314
20180515141700,354374.99999999994,354451.7357349396
20180515141800,354250.0,354509.35769081116
20180515141900,354250.0,354440.5765533447
20180515142000,354250.0,354382.95459747314
20180515142100,354250.0,354382.95459747314
20180515142200,354125.0,354382.95459747314
20180515142300,354250.0,354314.1734600067
20180515142400,354374.99999999994,354325.33264160156
20180515142500,354125.0,354451.7357349396
20180515142600,353875.0,354371.799826622
20180515142700,353625.0,354118.96276474
20180515142800,353375.0,353866.05072021484
20180515142900,353375.0,353613.072514534
20180515143000,353000.0,353497.6918697357
20180515143100,353250.0,353291.19408130646
20180515143200,353250.0,353255.72288036346
20180515143300,353125.0,353371.1564540863
20180515143400,353250.0,353302.326798439
20180515143500,353375.0,353313.44628334045
20180515143600,353250.0,353439.9905204773
20180515143700,353375.0,353428.86662483215
20180515143800,353250.0,353439.9905204773
20180515143900,353125.0,353428.86662483215
20180515144000,353375.0,353302.326798439
20180515144100,353625.0,353382.28034973145
20180515144200,353750.0,353635.3335380554
20180515144300,353750.0,353819.5261955261
20180515144400,353875.0,353877.20108032227
20180515144500,353875.0,353945.99986076355
20180515144600,353750.0,354003.66592407227
20180515144700,353875.0,353934.86273288727
20180515144800,353875.0,353945.99986076355
20180515144900,353125.0,354003.66592407227
20180515145000,352750.0,353590.7850265503
20180515145100,352750.0,353038.0747318268
20180515145200,352750.0,352864.8648262024
20180515145300,352750.0,352864.8648262024
20180515145400,352750.0,352864.8648262024
20180515145500,352625.0,352864.8648262024
20180515145600,352625.0,352796.0042953491
20180515145700,352750.0,352738.2456064224
20180515145800,352625.0,352807.101726532
20180515145900,352750.0,352796.0042953491
20180515150000,352500.0,352807.101726532
20180515150100,352125.0,352727.14817523956
20180515150200,352125.0,352405.01832962036
20180515150300,352125.0,352231.6584587097
20180515150400,351875.0,352231.6584587097
20180515150500,351625.0,352093.90211105347
20180515150600,351375.0,351840.50488471985
20180515150700,351750.0,351587.0679616928
20180515150800,351375.0,351678.07042598724
20180515150900,351250.0,351644.8972225189
20180515151000,351375.0,351402.4827480316
20180515151100,352000.0,351413.5272502899
20180515151300,351750.0,351815.84882736206
20180515151400,351875.0,351967.2123193741
20180515151500,351625.0,351920.4672574997
20180515151600,351750.0,351840.50488471985
20180515151700,351625.0,351793.75100135803
20180515151800,351875.0,351782.68444538116
20180515151900,351750.0,351862.6379966736
20180515153000,351500.0,351909.3962907791
20180515153500,351500.0,351713.7930393219
20180516090000,352250.0,351598.12128543854
20180516090100,352375.0,352011.4520788193
20180516090200,353625.0,352427.19995975494
20180516090300,354750.00000000006,353173.4889745712
20180516090400,355375.0,354369.8590993881
20180516090500,356250.0,355232.1197986603
20180516090600,356750.0,356000.6345510483
20180516090700,357125.0,356677.36172676086
20180516090800,357125.0,357112.6888990402
20180516090900,356625.0,357284.7034931183
20180516091000,355500.0,357010.3552341461
20180516091100,355250.0,356163.12193870544
20180516091200,355125.00000000006,355508.6028575897
20180516091300,355250.0,355324.85127449036
20180516091400,355750.0,355336.0369205475
20180516091500,355625.0,355668.395280838
20180516091600,355625.0,355829.68735694885
20180516091700,355500.0,355772.2065448761
20180516091800,355250.0,355703.5092115402
20180516091900,355250.0,355508.6028575897
20180516092000,355125.00000000006,355393.5662508011
20180516092100,355250.0,355324.85127449036
20180516092200,355250.0,355336.0369205475
20180516092300,355125.00000000006,355393.5662508011
20180516092400,355375.0,355324.85127449036
20180516092500,355000.0,355404.7563076019
20180516092600,355125.00000000006,355313.6479854584
20180516092700,354750.00000000006,355209.7661495209
20180516092800,354750.00000000006,355061.10644340515
20180516092900,354625.0,354888.42141628265
20180516093000,354625.0,354819.6623325348
20180516093100,354250.0,354762.08448410034
20180516093200,354250.0,354555.7851791382
20180516093300,353750.0,354382.95459747314
20180516093400,353875.0,354107.7991724014
20180516093500,354125.0,353945.99986076355
20180516093600,354500.0,354141.26348495483
20180516093700,354374.99999999994,354462.886095047
20180516093800,353999.99999999994,354566.9620037079
20180516093900,353250.0,354303.01427841187
20180516094000,353125.0,353717.26751327515
20180516094100,353375.0,353302.326798439
20180516094200,353250.0,353382.28034973145
20180516094300,353750.0,353428.86662483215
20180516094400,353875.0,353646.45743370056
20180516094500,353750.0,353945.99986076355
20180516094600,353875.0,353934.86273288727
20180516094700,353750.0,353945.99986076355
20180516094800,353875.0,353934.86273288727
20180516094900,353750.0,353945.99986076355
20180516095000,353625.0,353934.86273288727
20180516095100,353250.0,353808.3846569061
20180516095200,353250.0,353544.25168037415
20180516095300,353000.0,353371.1564540863
20180516095400,352750.0,353233.4883213043
20180516095500,352375.0,352980.3469181061
20180516095600,352375.0,352658.2832336426
20180516095700,352625.0,352484.9851131439
20180516095800,352750.0,352622.7149963379
20180516095900,352625.0,352807.101726532
20180516100000,352750.0,352796.0042953491
20180516100100,352625.0,352807.101726532
20180516100200,352750.0,352796.0042953491
20180516100300,352750.0,352807.101726532
20180516100400,352750.0,352864.8648262024
20180516100500,352625.0,352864.8648262024
20180516100600,352375.0,352796.0042953491
20180516100700,352250.0,352600.5289554596
20180516100800,352250.0,352416.1113500595
20180516100900,352250.0,352358.32619667053
20180516101000,352375.0,352358.32619667053
20180516101100,352250.0,352427.19995975494
20180516101200,352375.0,352416.1113500595
20180516101300,352500.0,352427.19995975494
20180516101400,352750.0,352553.8500547409
20180516101500,352750.0,352749.347448349
20180516101600,352750.0,352864.8648262024
20180516101700,352750.0,352864.8648262024
20180516101800,352625.0,352864.8648262024
20180516101900,353250.0,352796.0042953491
20180516102000,353250.0,353082.49974250793
20180516102100,353375.0,353371.1564540863
20180516102200,353125.0,353439.9905204773
20180516102300,353250.0,353360.03255844116
20180516102400,352875.0,353313.44628334045
20180516102500,352750.0,353164.6454334259
20180516102600,352750.0,352922.61028289795
20180516102700,352625.0,352864.8648262024
20180516102800,352625.0,352796.0042953491
20180516102900,352375.0,352738.2456064224
20180516103000,352250.0,352600.5289554596
20180516103100,352125.0,352416.1113500595
20180516103200,352250.0,352289.45684432983
20180516103300,352375.0,352300.5278110504
20180516103400,352375.0,352427.19995975494
20180516103500,352375.0,352484.9851131439
20180516103600,352125.0,352484.9851131439
20180516103700,352125.0,352347.2375869751
20180516103800,352375.0,352231.6584587097
20180516103900,352250.0,352369.41039562225
20180516104000,352250.0,352416.1113500595
20180516104100,352750.0,352358.32619667053
20180516104200,352750.0,352633.7947845459
20180516104300,352875.0,352864.8648262024
20180516104400,352875.0,352933.71653556824
20180516104500,352750.0,352991.4619922638
20180516104600,352875.0,352922.61028289795
20180516104700,352750.0,352933.71653556824
20180516104800,352875.0,352922.61028289795
20180516104900,352875.0,352933.71653556824
20180516105000,352750.0,352991.4619922638
20180516105100,352875.0,352922.61028289795
20180516105200,352875.0,352933.71653556824
20180516105300,352750.0,352991.4619922638
20180516105400,352625.0,352922.61028289795
20180516105500,352750.0,352796.0042953491
20180516105600,352875.0,352807.101726532
20180516105700,352875.0,352933.71653556824
20180516105800,352875.0,352991.4619922638
20180516105900,353125.0,352991.4619922638
20180516110000,353250.0,353129.14776802063
20180516110100,353375.0,353313.44628334045
20180516110200,353375.0,353439.9905204773
20180516110300,353500.0,353497.6918697357
20180516110400,353875.0,353566.5171146393
20180516110500,353875.0,353830.65009117126
20180516110600,353625.0,354003.66592407227
20180516110700,353250.0,353866.05072021484
20180516110800,353250.0,353544.25168037415
20180516110900,353250.0,353371.1564540863
20180516111000,353375.0,353371.1564540863
20180516111100,353250.0,353439.9905204773
20180516111200,353375.0,353428.86662483215
20180516111300,353375.0,353439.9905204773
20180516111400,353375.0,353497.6918697357
20180516111500,353375.0,353497.6918697357
20180516111600,353250.0,353497.6918697357
20180516111700,353375.0,353428.86662483215
20180516111800,353125.0,353439.9905204773
20180516111900,353250.0,353360.03255844116
20180516112000,353375.0,353313.44628334045
20180516112100,353250.0,353439.9905204773
20180516112200,353125.0,353428.86662483215
20180516112300,353250.0,353302.326798439
20180516112400,353250.0,353313.44628334045
20180516112500,353250.0,353371.1564540863
20180516112600,353375.0,353371.1564540863
20180516112700,353375.0,353439.9905204773
20180516112800,353250.0,353497.6918697357
20180516112900,353625.0,353428.86662483215
20180516113000,353625.0,353577.6410102844
20180516113100,353750.0,353750.70977211
20180516113200,353750.0,353819.5261955261
20180516113300,353750.0,353877.20108032227
20180516113400,353875.0,353877.20108032227
20180516113500,353750.0,353945.99986076355
20180516113600,353750.0,353934.86273288727
20180516113700,354125.0,353877.20108032227
20180516113800,354374.99999999994,354083.60183238983
20180516113900,354250.0,354394.113779068
20180516114000,354125.0,354440.5765533447
20180516114100,354250.0,354314.1734600067
20180516114200,354374.99999999994,354325.33264160156
20180516114300,354374.99999999994,354451.7357349396
20180516114400,354500.0,354509.35769081116
20180516114500,354750.00000000006,354578.12559604645
20180516114600,354750.00000000006,354773.2524871826
20180516114700,354875.0,354888.42141628265
20180516114800,354750.00000000006,354957.1716785431
20180516114900,354750.00000000006,354945.9904432297
20180516115000,354374.99999999994,354888.42141628265
20180516115100,353750.0,354682.1529865265
20180516115200,353875.0,354165.4255390167
20180516115300,353500.0,353945.99986076355
20180516115400,353625.0,353797.24311828613
20180516115500,353625.0,353693.03488731384
20180516115600,354125.0,353750.70977211
20180516115700,354250.0,354025.9357690811
20180516115800,354250.0,354325.33264160156
20180516115900,354750.00000000006,354382.95459747314
20180516120000,354750.00000000006,354658.04386138916
20180516120100,354750.00000000006,354888.42141628265
20180516120200,354750.00000000006,354888.42141628265
20180516120300,354875.0,354888.42141628265
20180516120400,354875.0,354957.1716785431
20180516120500,354875.0,355014.7407054901
20180516120600,355000.0,355014.7407054901
20180516120700,355125.00000000006,355083.4821462631
20180516120800,355250.0,355209.7661495209
20180516120900,355625.0,355336.0369205475
20180516121000,355750.0,355599.70235824585
20180516121100,355875.0,355840.89064598083
20180516121200,355875.0,355967.0555591583
20180516121300,355875.0,356024.5187282562
20180516121400,355750.0,356024.5187282562
20180516121500,355875.0,355955.8434486389
20180516121600,355875.0,355967.0555591583
20180516121700,355875.0,356024.5187282562
20180516121800,355625.0,356024.5187282562
20180516121900,354625.0,355887.1637582779
20180516122000,354625.0,355222.48673439026
20180516122100,354875.0,354762.08448410034
20180516122200,354875.0,354899.59383010864
20180516122300,355000.0,355014.7407054901
20180516122400,354875.0,355083.4821462631
20180516122500,354875.0,355072.2920894623
20180516122600,354625.0,355014.7407054901
20180516122700,354875.0,354877.24459171295
20180516122800,354875.0,354899.59383010864
20180516122900,354875.0,355014.7407054901
20180516123000,354750.00000000006,355014.7407054901
20180516123100,354750.00000000006,354945.9904432297
20180516123200,354875.0,354888.42141628265
20180516123300,355000.0,354957.1716785431
20180516123400,355750.0,355083.4821462631
20180516123500,355875.0,355553.34985256195
20180516123600,355875.0,355967.0555591583
20180516123700,355875.0,356024.5187282562
20180516123800,355750.0,356024.5187282562
20180516123900,355750.0,355955.8434486389
20180516124000,356000.0,355898.380279541
20180516124100,356000.0,356035.73083877563
20180516124200,355875.0,356150.648355484
20180516124300,356125.0,356081.9818973541
20180516124400,356375.0,356161.8604660034
20180516124500,356125.0,356414.04914855957
20180516124600,356250.0,356391.5984630585
20180516124700,356375.0,356345.40474414825
20180516124800,356250.0,356471.47262096405
20180516124900,356375.0,356460.2472782135
20180516125000,356375.0,356471.47262096405
20180516125100,356250.0,356528.8872718811
20180516125200,356250.0,356460.2472782135
20180516125300,356375.0,356402.82821655273
20180516125400,356375.0,356471.47262096405
20180516125500,355750.0,356528.8872718811
20180516125600,355500.0,356185.6255531311
20180516125700,356000.0,355760.9944343567
20180516125800,355750.0,355920.77803611755
20180516125900,355750.0,356013.3022069931
20180516130000,355375.0,355898.380279541
20180516130100,355375.0,355692.3015117645
20180516130200,355375.0,355519.8061466217
20180516130300,355375.0,355519.8061466217
20180516130400,355250.0,355519.8061466217
20180516130500,355750.0,355451.08675956726
20180516130600,355875.0,355668.395280838
20180516130700,355875.0,355967.0555591583
20180516130800,355875.0,356024.5187282562
20180516130900,355875.0,356024.5187282562
20180516131000,355875.0,356024.5187282562
20180516131100,355875.0,356024.5187282562
20180516131200,355875.0,356024.5187282562
20180516131300,355875.0,356024.5187282562
20180516131400,355750.0,356024.5187282562
20180516131500,355750.0,355955.8434486389
20180516131600,355625.0,355898.380279541
20180516131700,355500.0,355829.68735694885
20180516131800,355375.0,355703.5092115402
20180516131900,355250.0,355577.31342315674
20180516132000,355250.0,355451.08675956726
20180516132100,355375.0,355393.5662508011
20180516132200,355500.0,355462.28563785553
20180516132300,355750.0,355588.512301445
20180516132400,355875.0,355783.4098339081
20180516132500,356250.0,355967.0555591583
20180516132600,356375.0,356230.5181026459
20180516132700,356250.0,356471.47262096405
20180516132800,356375.0,356460.2472782135
20180516132900,356375.0,356471.47262096405
20180516133000,356250.0,356528.8872718811
20180516133100,356250.0,356460.2472782135
20180516133200,356375.0,356402.82821655273
20180516133300,355750.0,356471.47262096405
20180516133400,355500.0,356185.6255531311
20180516133500,355250.0,355760.9944343567
20180516133600,355375.0,355508.6028575897
20180516133700,355250.0,355462.28563785553
20180516133800,355375.0,355451.08675956726
20180516133900,355375.0,355462.28563785553
20180516134000,355375.0,355519.8061466217
20180516134100,355250.0,355519.8061466217
20180516134200,355375.0,355451.08675956726
20180516134300,355125.00000000006,355462.28563785553
20180516134400,355250.0,355382.37619400024
20180516134500,355375.0,355336.0369205475
20180516134600,355500.0,355462.28563785553
20180516134700,355500.0,355588.512301445
20180516134800,355500.0,355646.0151672363
20180516134900,355250.0,355646.0151672363
20180516135000,355250.0,355508.6028575897
20180516135100,355375.0,355393.5662508011
20180516135200,355250.0,355462.28563785553
20180516135300,355250.0,355451.08675956726
20180516135400,355250.0,355393.5662508011
20180516135500,355375.0,355393.5662508011
20180516135600,355250.0,355462.28563785553
20180516135700,355375.0,355451.08675956726
20180516135800,355250.0,355462.28563785553
20180516135900,355250.0,355451.08675956726
20180516140000,355250.0,355393.5662508011
20180516140100,355250.0,355393.5662508011
20180516140200,355375.0,355393.5662508011
20180516140300,355375.0,355462.28563785553
20180516140400,355250.0,355519.8061466217
20180516140500,355250.0,355451.08675956726
20180516140600,355250.0,355393.5662508011
20180516140700,355375.0,355393.5662508011
20180516140800,355375.0,355462.28563785553
20180516140900,355375.0,355519.8061466217
20180516141000,355375.0,355519.8061466217
20180516141100,355250.0,355519.8061466217
20180516141200,355375.0,355451.08675956726
20180516141300,355250.0,355462.28563785553
20180516141400,355375.0,355451.08675956726
20180516141500,355250.0,355462.28563785553
20180516141600,355250.0,355451.08675956726
20180516141700,355250.0,355393.5662508011
20180516141800,355250.0,355393.5662508011
20180516141900,355375.0,355393.5662508011
20180516142000,355250.0,355462.28563785553
20180516142100,355375.0,355451.08675956726
20180516142200,355250.0,355462.28563785553
20180516142300,355375.0,355451.08675956726
20180516142400,355250.0,355462.28563785553
20180516142500,355375.0,355451.08675956726
20180516142600,355125.00000000006,355462.28563785553
20180516142700,355250.0,355382.37619400024
20180516142800,355250.0,355336.0369205475
20180516142900,355250.0,355393.5662508011
20180516143000,355125.00000000006,355393.5662508011
20180516143100,355250.0,355324.85127449036
20180516143200,355125.00000000006,355336.0369205475
20180516143300,355125.00000000006,355324.85127449036
20180516143400,355250.0,355267.3087120056
20180516143500,355000.0,355336.0369205475
20180516143600,354750.00000000006,355256.1274766922
20180516143700,354875.0,355003.555059433
20180516143800,354875.0,354957.1716785431
20180516143900,354875.0,355014.7407054901
20180516144000,354625.0,355014.7407054901
20180516144100,354250.0,354877.24459171295
20180516144200,354250.0,354555.7851791382
20180516144300,354125.0,354382.95459747314
20180516144400,354374.99999999994,354314.1734600067
20180516144500,354125.0,354394.113779068
20180516144600,354374.99999999994,354371.799826622
20180516144700,354125.0,354394.113779068
20180516144800,354125.0,354371.799826622
20180516144900,354374.99999999994,354256.5426826477
20180516145000,354374.99999999994,354394.113779068
20180516145100,354250.0,354509.35769081116
20180516145200,354250.0,354440.5765533447
20180516145300,353999.99999999994,354382.95459747314
20180516145400,353875.0,354245.3923225403
20180516145500,353875.0,354061.31875514984
20180516145600,353375.0,354003.66592407227
20180516145700,352875.0,353728.42669487
20180516145800,352750.0,353222.36001491547
20180516145900,352875.0,352922.61028289795
20180516150000,352875.0,352933.71653556824
20180516150100,352625.0,352991.4619922638
20180516150200,353875.0,352853.7585735321
20180516150300,354875.0,353426.66125297546
20180516150400,354875.0,354553.92825603485
20180516150500,354374.99999999994,355014.7407054901
20180516150600,354250.0,354739.7264242172
20180516150700,353875.0,354440.5765533447
20180516150800,353750.0,354176.593542099
20180516150900,353375.0,353934.86273288727
20180516151000,353125.0,353670.75181007385
20180516151100,353250.0,353360.03255844116
20180516151200,353375.0,353313.44628334045
20180516151300,353125.0,353439.9905204773
20180516151400,352750.0,353360.03255844116
20180516151500,352750.0,353038.0747318268
20180516151600,352750.0,352864.8648262024
20180516151700,352875.0,352864.8648262024
20180516151800,352750.0,352933.71653556824
20180516151900,353625.0,352922.61028289795
20180516153000,354500.0,353346.74739837646
20180516153500,354500.0,354232.301235199
20180517090000,354374.99999999994,354635.7299089432
20180517090100,354374.99999999994,354566.9620037079
20180517090200,354500.0,354509.35769081116
20180517090300,354374.99999999994,354578.12559604645
20180517090400,353750.0,354566.9620037079
20180517090500,353750.0,354165.4255390167
20180517090600,353875.0,353877.20108032227
20180517090700,353625.0,353945.99986076355
20180517090800,353500.0,353866.05072021484
20180517090900,353625.0,353681.89775943756
20180517091000,353250.0,353693.03488731384
20180517091100,353000.0,353544.25168037415
20180517091200,353000.0,353233.4883213043
20180517091300,353250.0,353118.04592609406
20180517091400,353250.0,353255.72288036346
20180517091600,353250.0,353371.1564540863
20180517091700,353750.0,353371.1564540863
20180517091800,354250.0,353646.45743370056
20180517091900,354250.0,354152.3962020874
20180517092000,354250.0,354382.95459747314
20180517092100,353999.99999999994,354382.95459747314
20180517092200,353500.0,354245.3923225403
20180517092300,353500.0,353854.9003601074
20180517092400,353625.0,353624.214053154
20180517092500,354250.0,353693.03488731384
20180517092600,353999.99999999994,354094.7301387787
20180517092700,354250.0,354245.3923225403
20180517092800,354750.00000000006,354267.69745349884
20180517092900,355000.0,354658.04386138916
20180517093000,354875.0,355025.9131193161
20180517093100,355125.00000000006,355072.2920894623
20180517093200,355125.00000000006,355152.2147655487
20180517093300,355250.0,355267.3087120056
20180517093400,355375.0,355336.0369205475
20180517093500,355500.0,355462.28563785553
20180517093600,355500.0,355588.512301445
20180517093700,355500.0,355646.0151672363
20180517093800,355875.0,355646.0151672363
20180517093900,355750.0,355852.09834575653
20180517094000,355625.0,355955.8434486389
20180517094100,355875.0,355829.68735694885
20180517094200,355750.0,355909.5747470856
20180517094300,355500.0,355955.8434486389
20180517094400,355000.0,355760.9944343567
20180517094500,355125.00000000006,355371.16408348083
20180517094600,355375.0,355209.7661495209
20180517094700,355500.0,355404.7563076019
20180517094800,355250.0,355588.512301445
20180517094900,355375.0,355508.6028575897
20180517095000,355250.0,355462.28563785553
20180517095100,355625.0,355451.08675956726
20180517095200,355875.0,355599.70235824585
20180517095300,355875.0,355909.5747470856
20180517095400,355750.0,356024.5187282562
20180517095500,355875.0,355955.8434486389
20180517095600,355750.0,355967.0555591583
20180517095700,355875.0,355955.8434486389
20180517095800,355875.0,355967.0555591583
20180517095900,355875.0,356024.5187282562
20180517100000,355875.0,356024.5187282562
20180517100100,355125.00000000006,356024.5187282562
20180517100200,354750.00000000006,355612.3744249344
20180517100300,354875.0,355061.10644340515
20180517100400,354625.0,354957.1716785431
20180517100500,354750.00000000006,354877.24459171295
20180517100600,354750.00000000006,354830.8391571045
20180517100700,354374.99999999994,354888.42141628265
20180517100800,354500.0,354682.1529865265
20180517100900,354750.00000000006,354578.12559604645
20180517101000,354500.0,354773.2524871826
20180517101100,354250.0,354750.91207027435
20180517101200,354125.0,354498.18527698517
20180517101300,354125.0,354314.1734600067
20180517101400,353750.0,354256.5426826477
20180517101500,354250.0,354050.1639842987
20180517101600,354250.0,354152.3962020874
20180517101700,353999.99999999994,354382.95459747314
20180517101800,354250.0,354245.3923225403
20180517101900,353875.0,354267.69745349884
20180517102000,353625.0,354176.593542099
20180517102100,353625.0,353866.05072021484
20180517102200,353125.0,353750.70977211
20180517102300,353250.0,353475.41761398315
20180517102400,353125.0,353313.44628334045
20180517102500,353250.0,353302.326798439
20180517102600,353125.0,353313.44628334045
20180517102700,353250.0,353302.326798439
20180517102800,353125.0,353313.44628334045
20180517102900,353250.0,353302.326798439
20180517103000,353125.0,353313.44628334045
20180517103100,352875.0,353302.326798439
20180517103200,352625.0,353106.9264411926
20180517103300,352750.0,352853.7585735321
20180517103400,353000.0,352807.101726532
20180517103500,353375.0,353002.5682449341
20180517103600,353375.0,353324.55253601074
20180517103700,353500.0,353497.6918697357
20180517103800,353500.0,353566.5171146393
20180517103900,353500.0,353624.214053154
20180517104000,353625.0,353624.214053154
20180517104100,353125.0,353693.03488731384
20180517104200,353250.0,353475.41761398315
20180517104300,353250.0,353313.44628334045
20180517104400,353125.0,353371.1564540863
20180517104500,353125.0,353302.326798439
20180517104600,352875.0,353244.60780620575
20180517104700,352750.0,353106.9264411926
20180517104800,352625.0,352922.61028289795
20180517104900,352250.0,352796.0042953491
20180517105000,352250.0,352531.6596031189
20180517105100,352250.0,352358.32619667053
20180517105200,351875.0,352358.32619667053
20180517105300,352250.0,352151.7004966736
20180517105400,352125.0,352184.9310398102
20180517105500,351750.0,352289.45684432983
20180517105600,351625.0,352025.0151157379
20180517105700,352125.0,351782.68444538116
20180517105800,352125.0,352000.40316581726
20180517105900,352125.0,352231.6584587097
20180517110000,352125.0,352231.6584587097
20180517110100,351875.0,352231.6584587097
20180517110200,351750.0,352093.90211105347
20180517110300,351750.0,351909.3962907791
20180517110400,351625.0,351851.57585144043
20180517110500,351875.0,351782.68444538116
20180517110600,351625.0,351862.6379966736
20180517110700,351750.0,351840.50488471985
20180517110800,351625.0,351793.75100135803
20180517110900,351750.0,351782.68444538116
20180517111000,352000.0,351793.75100135803
20180517111100,351625.0,351989.34984207153
20180517111200,351750.0,351898.32532405853
20180517111300,351875.0,351793.75100135803
20180517111400,351750.0,351920.4672574997
20180517111500,351750.0,351909.3962907791
20180517111600,351875.0,351851.57585144043
20180517111700,351625.0,351920.4672574997
20180517111800,351875.0,351840.50488471985
20180517111900,351625.0,351862.6379966736
20180517112000,351500.0,351840.50488471985
20180517112100,351250.0,351655.9681892395
20180517112200,351375.0,351460.32524108887
20180517112300,351750.0,351413.5272502899
20180517112400,351500.0,351678.07042598724
20180517112500,351000.0,351713.7930393219
20180517112600,351125.0,351322.52037525177
20180517112700,351000.0,351159.9932909012
20180517112800,350750.0,351148.9531993866
20180517112900,350625.0,350953.27496528625
20180517113000,350375.0,350768.5971260071
20180517113100,350625.0,350572.8703737259
20180517113200,350625.0,350594.8976278305
20180517113300,350625.0,350710.70170402527
20180517113400,350750.0,350710.70170402527
20180517113500,350625.0,350779.6195745468
20180517113600,350625.0,350768.5971260071
20180517113700,350750.0,350710.70170402527
20180517113800,350750.0,350779.6195745468
20180517113900,350875.0,350837.5105857849
20180517114000,350750.0,350906.42404556274
20180517114100,350750.0,350895.3971862793
20180517114200,350750.0,350837.5105857849
20180517114300,350750.0,350837.5105857849
20180517114400,350750.0,350837.5105857849
20180517114500,350875.0,350837.5105857849
20180517114600,350625.0,350906.42404556274
20180517114700,350625.0,350826.48372650146
20180517114800,350750.0,350710.70170402527
20180517114900,350875.0,350779.6195745468
20180517115000,350625.0,350906.42404556274
20180517115100,350750.0,350826.48372650146
20180517115200,350750.0,350779.6195745468
20180517115300,350625.0,350837.5105857849
20180517115400,350750.0,350768.5971260071
20180517115500,350750.0,350779.6195745468
20180517115600,350750.0,350837.5105857849
20180517115700,350875.0,350837.5105857849
20180517115800,350750.0,350906.42404556274
20180517115900,350625.0,350895.3971862793
20180517120000,350625.0,350768.5971260071
20180517120100,350750.0,350710.70170402527
20180517120200,350875.0,350779.6195745468
20180517120300,350750.0,350906.42404556274
20180517120400,350625.0,350895.3971862793
20180517120500,350625.0,350768.5971260071
20180517120600,350625.0,350710.70170402527
20180517120700,350625.0,350710.70170402527
20180517120800,350750.0,350710.70170402527
20180517120900,350750.0,350779.6195745468
20180517121000,350750.0,350837.5105857849
20180517121100,350625.0,350837.5105857849
20180517121200,350750.0,350768.5971260071
20180517121300,350750.0,350779.6195745468
20180517121400,350750.0,350837.5105857849
20180517121500,350625.0,350837.5105857849
20180517121600,350875.0,350768.5971260071
20180517121700,350625.0,350848.52862358093
20180517121800,350625.0,350826.48372650146
20180517121900,350625.0,350710.70170402527
20180517122000,350750.0,350710.70170402527
20180517122100,350875.0,350779.6195745468
20180517122200,350750.0,350906.42404556274
20180517122300,350875.0,350895.3971862793
20180517122400,350750.0,350906.42404556274
20180517122500,350750.0,350895.3971862793
20180517122600,350875.0,350837.5105857849
20180517122700,352000.0,350906.42404556274
20180517122800,352125.0,351584.40387248993
20180517122900,351625.0,352173.8556623459
20180517123000,351750.0,351956.12812042236
20180517123100,351625.0,351793.75100135803
20180517123200,351625.0,351782.68444538116
20180517123300,352125.0,351724.85518455505
20180517123400,352000.0,352000.40316581726
20180517123500,351375.0,352162.7802848816
20180517123600,351375.0,351760.5336904526
20180517123700,351625.0,351471.3829755783
20180517123800,351500.0,351609.179019928
20180517123900,351625.0,351655.9681892395
20180517124000,351000.0,351667.02151298523
20180517124100,350750.0,351380.3584575653
20180517124200,350750.0,350953.27496528625
20180517124300,350750.0,350837.5105857849
20180517124400,350750.0,350837.5105857849
20180517124500,350750.0,350837.5105857849
20180517124600,350875.0,350837.5105857849
20180517124700,350875.0,350906.42404556274
20180517124800,351875.0,350964.3062353134
20180517124900,352750.0,351515.51246643066
20180517125000,352125.0,352460.408449173
20180517125100,351875.0,352520.5489397049
20180517125200,351625.0,352093.90211105347
20180517125300,351375.0,351840.50488471985
20180517125400,351625.0,351587.0679616928
20180517125500,351000.0,351609.179019928
20180517125600,350875.0,351380.3584575653
20180517125700,350750.0,351022.17960357666
20180517125800,350875.0,350895.3971862793
20180517125900,350875.0,350906.42404556274
20180517130000,351000.0,350964.3062353134
20180517130100,351125.0,351033.2064628601
20180517130200,351000.0,351159.9932909012
20180517130300,351125.0,351148.9531993866
20180517130400,351250.0,351159.9932909012
20180517130500,351125.0,351286.7624759674
20180517130600,350625.0,351275.7223844528
20180517130700,350875.0,350942.23046302795
20180517130800,350625.0,350848.52862358093
20180517130900,350750.0,350826.48372650146
20180517131000,350750.0,350779.6195745468
20180517131100,350750.0,350837.5105857849
20180517131200,350750.0,350837.5105857849
20180517131300,350875.0,350837.5105857849
20180517131400,350875.0,350906.42404556274
20180517131500,350750.0,350964.3062353134
20180517131600,350625.0,350895.3971862793
20180517131700,350750.0,350768.5971260071
20180517131800,350750.0,350779.6195745468
20180517131900,350875.0,350837.5105857849
20180517132000,350750.0,350906.42404556274
20180517132100,350875.0,350895.3971862793
20180517132200,350875.0,350906.42404556274
20180517132300,350875.0,350964.3062353134
20180517132400,350750.0,350964.3062353134
20180517132500,350875.0,350895.3971862793
20180517132600,350750.0,350906.42404556274
20180517132700,350875.0,350895.3971862793
20180517132800,350875.0,350906.42404556274
20180517132900,350875.0,350964.3062353134
20180517133000,350875.0,350964.3062353134
20180517133100,350750.0,350964.3062353134
20180517133200,350750.0,350895.3971862793
20180517133300,350750.0,350837.5105857849
20180517133400,350750.0,350837.5105857849
20180517133500,350750.0,350837.5105857849
20180517133600,350875.0,350837.5105857849
20180517133700,350875.0,350906.42404556274
20180517133800,350875.0,350964.3062353134
20180517133900,350750.0,350964.3062353134
20180517134000,350750.0,350895.3971862793
20180517134100,350750.0,350837.5105857849
20180517134200,350750.0,350837.5105857849
20180517134300,350750.0,350837.5105857849
20180517134400,350875.0,350837.5105857849
20180517134500,350750.0,350906.42404556274
20180517134600,350875.0,350895.3971862793
20180517134700,350750.0,350906.42404556274
20180517134800,350625.0,350895.3971862793
20180517134900,350875.0,350768.5971260071
20180517135000,350875.0,350848.52862358093
20180517135100,350875.0,350964.3062353134
20180517135200,350875.0,350964.3062353134
20180517135300,350750.0,350964.3062353134
20180517135400,350625.0,350895.3971862793
20180517135500,350500.00000000006,350768.5971260071
20180517135600,350250.0,350641.78824424744
20180517135700,350250.0,350446.0526704788
20180517135800,350250.0,350330.2309513092
20180517135900,350250.0,350330.2309513092
20180517140000,350375.0,350330.2309513092
20180517140100,350500.00000000006,350399.14882183075
20180517140200,350750.0,350525.97975730896
20180517140300,350875.0,350721.7153310776
20180517140400,350750.0,350906.42404556274
20180517140500,350625.0,350895.3971862793
20180517140600,350875.0,350768.5971260071
20180517140700,350750.0,350848.52862358093
20180517140800,350875.0,350895.3971862793
20180517140900,350750.0,350906.42404556274
20180517141000,350875.0,350895.3971862793
20180517141100,350875.0,350906.42404556274
20180517141200,350750.0,350964.3062353134
20180517141300,350875.0,350895.3971862793
20180517141400,350750.0,350906.42404556274
20180517141500,350750.0,350895.3971862793
20180517141600,350750.0,350837.5105857849
20180517141700,350875.0,350837.5105857849
20180517141800,350875.0,350906.42404556274
20180517141900,350750.0,350964.3062353134
20180517142000,350750.0,350895.3971862793
20180517142100,350750.0,350837.5105857849
20180517142200,350750.0,350837.5105857849
20180517142300,350750.0,350837.5105857849
20180517142400,350875.0,350837.5105857849
20180517142500,350875.0,350906.42404556274
20180517142600,350625.0,350964.3062353134
20180517142700,350750.0,350826.48372650146
20180517142800,350750.0,350779.6195745468
20180517142900,350750.0,350837.5105857849
20180517143000,350750.0,350837.5105857849
20180517143100,350875.0,350837.5105857849
20180517143200,350875.0,350906.42404556274
20180517143300,350875.0,350964.3062353134
20180517143400,350875.0,350964.3062353134
20180517143500,350625.0,350964.3062353134
20180517143600,350750.0,350826.48372650146
20180517143700,350500.00000000006,350779.6195745468
20180517143800,350125.00000000006,350699.67925548553
20180517143900,350375.0,350377.12597846985
20180517144000,350375.0,350341.2313461304
20180517144100,350250.0,350457.0662975311
20180517144200,350375.0,350388.14401626587
20180517144300,350375.0,350399.14882183075
20180517144400,350250.0,350457.0662975311
20180517144500,350375.0,350388.14401626587
20180517144600,350375.0,350399.14882183075
20180517144700,350375.0,350457.0662975311
20180517144800,350250.0,350457.0662975311
20180517144900,350375.0,350388.14401626587
20180517145000,350375.0,350399.14882183075
20180517145100,350375.0,350457.0662975311
20180517145200,350500.00000000006,350457.0662975311
20180517145300,351000.0,350525.97975730896
20180517145400,350875.0,350859.5378398895
20180517145500,351125.0,351022.17960357666
20180517145600,351000.0,351102.11992263794
20180517145700,351000.0,351148.9531993866
20180517145800,351250.0,351091.0886526108
20180517145900,351000.0,351228.8935184479
20180517150000,350750.0,351206.8221569061
20180517150100,351000.0,350953.27496528625
20180517150200,351250.0,350975.32868385315
20180517150300,351250.0,351228.8935184479
20180517150400,351250.0,351344.63143348694
20180517150500,351625.0,351344.63143348694
20180517150600,352375.0,351551.3277053833
20180517150700,352250.0,352138.1595134735
20180517150800,352250.0,352416.1113500595
20180517150900,352250.0,352358.32619667053
20180517151000,352250.0,352358.32619667053
20180517151100,352750.0,352358.32619667053
20180517151200,352875.0,352633.7947845459
20180517151300,352375.0,352933.71653556824
20180517151400,352250.0,352716.03751182556
20180517151500,352250.0,352416.1113500595
20180517151600,352125.0,352358.32619667053
20180517151700,352125.0,352289.45684432983
20180517151800,351875.0,352231.6584587097
20180517151900,351625.0,352093.90211105347
20180517153000,350500.00000000006,351840.50488471985
20180517153500,350500.00000000006,351104.72226142883
20180518090000,350750.0,350583.8840007782
20180518090100,352500.0,350721.7153310776
20180518090200,352500.0,351802.06084251404
20180518090300,352125.0,352611.62197589874
20180518090400,353000.0,352405.01832962036
20180518090500,352125.0,352713.7174606323
20180518090600,351250.0,352636.05308532715
20180518090700,351500.0,351749.44949150085
20180518090800,352000.0,351482.4274778366
20180518090900,351750.0,351873.6913204193
20180518091000,351625.0,351967.2123193741
20180518091100,352000.0,351782.68444538116
20180518091200,351500.0,351931.52499198914
20180518091300,351750.0,351829.42950725555
20180518091400,351875.0,351735.9173297882
20180518091500,351750.0,351920.4672574997
20180518091600,351750.0,351909.3962907791
20180518091700,351500.0,351851.57585144043
20180518091800,351000.0,351713.7930393219
20180518091900,350750.0,351322.52037525177
20180518092000,350750.0,350953.27496528625
20180518092100,350500.00000000006,350837.5105857849
20180518092200,350250.0,350699.67925548553
20180518092300,350500.00000000006,350446.0526704788
20180518092400,351750.0,350468.0666923523
20180518092500,351500.0,351272.95684814453
20180518092600,351250.0,351713.7930393219
20180518092700,351000.0,351460.32524108887
20180518092800,351500.0,351206.8221569061
20180518092900,351000.0,351366.7027950287
20180518093000,350750.0,351322.52037525177
20180518093100,350500.00000000006,350953.27496528625
20180518093200,350625.0,350699.67925548553
20180518093300,350875.0,350652.80628204346
20180518093400,350625.0,350848.52862358093
20180518093500,350250.0,350826.48372650146
20180518093600,350375.0,350503.9436817169
20180518093700,349749.99999999994,350399.14882183075
20180518093900,349000.0,350112.4504804611
20180518094000,348750.0,349409.25002098083
20180518094100,347750.0,348923.6447811127
20180518094200,347750.0,348256.27279281616
20180518094300,348250.0,347792.289018631
20180518094400,348375.0,348067.95167922974
20180518094500,348500.0,348368.9320087433
20180518094600,348750.0,348495.8643913269
20180518094700,348500.0,348691.71023368835
20180518094800,348625.0,348669.8373556137
20180518094900,348750.0,348622.7879524231
20180518095000,348750.0,348749.70269203186
20180518095100,348750.0,348807.68632888794
20180518095200,348875.0,348807.68632888794
20180518095300,348875.0,348876.6130208969
20180518095400,348875.0,348934.596657753
20180518095500,348750.0,348934.596657753
20180518095600,348625.0,348865.669965744
20180518095700,348875.0,348738.7640476227
20180518095800,348750.0,348818.6249732971
20180518095900,348500.0,348865.669965744
20180518100000,348250.0,348669.8373556137
20180518100100,348125.0,348416.0078763962
20180518100200,348250.0,348231.08744621277
20180518100300,348000.0,348242.0084476471
20180518100400,348250.0,348162.1651649475
20180518100500,348250.0,348183.993935585
20180518100600,348250.0,348300.009727478
20180518100700,348250.0,348300.009727478
20180518100800,348250.0,348300.009727478
20180518100900,348375.0,348300.009727478
20180518101000,348250.0,348368.9320087433
20180518101100,348250.0,348358.0154180527
20180518101200,348250.0,348300.009727478
20180518101300,348250.0,348300.009727478
20180518101400,348375.0,348300.009727478
20180518101500,348250.0,348368.9320087433
20180518101600,348250.0,348358.0154180527
20180518101700,348375.0,348300.009727478
20180518101800,348250.0,348368.9320087433
20180518101900,348000.0,348358.0154180527
20180518102000,347750.0,348162.1651649475
20180518102100,348000.0,347908.3180427551
20180518102200,347625.0,347930.11593818665
20180518102300,347750.0,347839.39576148987
20180518102400,347750.0,347734.2656850815
20180518102500,348000.0,347792.289018631
20180518102600,347500.0,347930.11593818665
20180518102700,347250.0,347770.48230171204
20180518102800,347250.0,347400.5973339081
20180518102900,347250.0,347284.54184532166
20180518103000,347125.0,347284.54184532166
20180518103100,347375.0,347215.63720703125
20180518103200,346500.0,347295.4099178314
20180518103300,346000.0,346929.14175987244
20180518103400,345625.0,346247.39956855774
20180518103500,345500.00000000006,345808.62760543823
20180518103600,345250.0,345565.6198859215
20180518103700,345500.00000000006,345369.87549066544
20180518103800,345875.00000000006,345391.4484381676
20180518103900,345750.0,345714.1208052635
20180518104000,345750.0,345819.4383382797
20180518104100,345625.0,345761.38854026794
20180518104200,345375.0,345692.53021478653
20180518104300,345375.0,345496.77699804306
20180518104400,345375.0,345380.66416978836
20180518104500,345625.0,345380.66416978836
20180518104600,345875.00000000006,345518.3543562889
20180518104700,345875.00000000006,345772.1860408783
20180518104800,346500.0,345888.3032798767
20180518104900,346875.0,346232.63680934906
20180518105000,346750.0,346729.58648204803
20180518105100,346375.0,346834.83123779297
20180518105200,346250.0,346570.12486457825
20180518105300,346375.0,346327.11493968964
20180518105400,346250.0,346337.943315506
20180518105500,346375.0,346327.11493968964
20180518105600,346000.0,346337.943315506
20180518105700,345875.00000000006,346189.3630027771
20180518105800,345625.0,345946.3574886322
20180518105900,345625.0,345750.58221817017
20180518110000,346000.0,345634.4715952873
20180518110100,345625.0,345841.04657173157
20180518110200,345750.0,345808.62760543823
20180518110300,346375.0,345703.32330465317
20180518110400,346500.0,346105.695605278
20180518110500,346375.0,346464.8756980896
20180518110600,346750.0,346454.04291152954
20180518110700,346625.0,346602.6408672333
20180518110800,346875.0,346707.90326595306
20180518110900,346750.0,346787.6362800598
20180518111000,346625.0,346834.83123779297
20180518111100,346875.0,346707.90326595306
20180518111200,346875.0,346787.6362800598
20180518111300,346750.0,346903.72705459595
20180518111400,346750.0,346834.83123779297
20180518111500,346875.0,346776.7946720123
20180518111600,346750.0,346845.6904888153
20180518111700,346750.0,346834.83123779297
20180518111800,346750.0,346776.7946720123
20180518111900,346750.0,346776.7946720123
20180518112000,346875.0,346776.7946720123
20180518112100,346750.0,346845.6904888153
20180518112200,347125.0,346834.83123779297
20180518112300,347375.0,346983.47330093384
20180518112400,347750.0,347295.4099178314
20180518112500,347750.0,347618.20578575134
20180518112600,347875.0,347792.289018631
20180518112700,347750.0,347861.2024784088
20180518112800,347750.0,347850.30794143677
20180518112900,347750.0,347792.289018631
20180518113000,347750.0,347792.289018631
20180518113100,347750.0,347792.289018631
20180518113200,347625.0,347792.289018631
20180518113300,347625.0,347723.37114810944
20180518113400,347625.0,347665.34781455994
20180518113500,347750.0,347665.34781455994
20180518113600,347875.0,347734.2656850815
20180518113700,347875.0,347861.2024784088
20180518113800,347750.0,347919.2214012146
20180518113900,347875.0,347850.30794143677
20180518114000,347625.0,347861.2024784088
20180518114100,347250.0,347781.3856601715
20180518114200,347500.0,347458.61184597015
20180518114300,347625.0,347422.35112190247
20180518114400,347625.0,347607.32448101044
20180518114500,347750.0,347665.34781455994
20180518114600,347750.0,347734.2656850815
20180518114700,347375.0,347792.289018631
20180518114800,347250.0,347585.5442285538
20180518114900,347250.0,347342.56958961487
20180518115000,347500.0,347284.54184532166
20180518115100,347375.0,347422.35112190247
20180518115200,347375.0,347469.5063829422
20180518115300,347375.0,347411.4830493927
20180518115400,347250.0,347411.4830493927
20180518115500,347250.0,347342.56958961487
20180518115600,347375.0,347284.54184532166
20180518115700,347000.0,347353.44648361206
20180518115800,346750.0,347204.76031303406
20180518115900,347125.0,346892.8678035736
20180518120000,347125.0,346983.47330093384
20180518120100,346750.0,347157.6006412506
20180518120200,346750.0,346950.89995861053
20180518120300,346875.0,346776.7946720123
20180518120400,346750.0,346845.6904888153
20180518120500,346750.0,346834.83123779297
20180518120600,347000.0,346776.7946720123
20180518120700,346875.0,346914.5863056183
20180518120800,346750.0,346961.7680311203
20180518120900,346875.0,346834.83123779297
20180518121000,346875.0,346845.6904888153
20180518121100,346875.0,346903.72705459595
20180518121200,346750.0,346903.72705459595
20180518121300,346750.0,346834.83123779297
20180518121400,346875.0,346776.7946720123
20180518121500,346750.0,346845.6904888153
20180518121600,346750.0,346834.83123779297
20180518121700,346750.0,346776.7946720123
20180518121800,346750.0,346776.7946720123
20180518121900,346750.0,346776.7946720123
20180518122000,346875.0,346776.7946720123
20180518122100,346500.0,346845.6904888153
20180518122200,346375.0,346697.04842567444
20180518122300,346375.0,346454.04291152954
20180518122400,346375.0,346395.99311351776
20180518122500,346250.0,346395.99311351776
20180518122600,346250.0,346327.11493968964
20180518122700,346375.0,346269.0739631653
20180518122800,346250.0,346337.943315506
20180518122900,346500.0,346327.11493968964
20180518123000,346125.0,346406.8259000778
20180518123100,346375.0,346316.27774238586
20180518123200,346375.0,346279.8891067505
20180518123300,346375.0,346395.99311351776
20180518123400,346375.0,346395.99311351776
20180518123500,346250.0,346395.99311351776
20180518123600,346250.0,346327.11493968964
20180518123700,346000.0,346269.0739631653
20180518123800,345625.0,346131.32202625275
20180518123900,345875.00000000006,345808.62760543823
20180518124000,345875.00000000006,345772.1860408783
20180518124100,345625.0,345888.3032798767
20180518124200,345875.00000000006,345750.58221817017
20180518124300,345750.0,345772.1860408783
20180518124400,345750.0,345819.4383382797
20180518124500,345625.0,345761.38854026794
20180518124600,345625.0,345692.53021478653
20180518124700,345875.00000000006,345634.4715952873
20180518124800,345750.0,345772.1860408783
20180518124900,345750.0,345819.4383382797
20180518125000,345750.0,345761.38854026794
20180518125100,345625.0,345761.38854026794
20180518125200,345875.00000000006,345692.53021478653
20180518125300,345625.0,345772.1860408783
20180518125400,345750.0,345750.58221817017
20180518125500,345875.00000000006,345703.32330465317
20180518125600,346000.0,345830.2446603775
20180518125700,346375.0,345957.16381073
20180518125800,346250.0,346221.834897995
20180518125900,346250.0,346327.11493968964
20180518130000,346375.0,346269.0739631653
20180518130100,346250.0,346337.943315506
20180518130200,346750.0,346327.11493968964
20180518130300,346750.0,346544.5866584778
20180518130400,346750.0,346776.7946720123
20180518130500,346875.0,346776.7946720123
20180518130600,346875.0,346845.6904888153
20180518130700,346625.0,346903.72705459595
20180518130800,346875.0,346765.9442424774
20180518130900,346750.0,346787.6362800598
20180518131000,346625.0,346834.83123779297
20180518131100,346875.0,346707.90326595306
20180518131200,346875.0,346787.6362800598
20180518131300,346625.0,346903.72705459595
20180518131400,346875.0,346765.9442424774
20180518131500,346750.0,346787.6362800598
20180518131600,346875.0,346834.83123779297
20180518131700,346750.0,346845.6904888153
20180518131800,346750.0,346834.83123779297
20180518131900,346750.0,346776.7946720123
20180518132000,346750.0,346776.7946720123
20180518132100,346750.0,346776.7946720123
20180518132200,346750.0,346776.7946720123
20180518132300,346625.0,346776.7946720123
20180518132400,346625.0,346707.90326595306
20180518132500,346875.0,346649.857878685
20180518132600,346750.0,346787.6362800598
20180518132700,346750.0,346834.83123779297
20180518132800,346625.0,346776.7946720123
20180518132900,346750.0,346707.90326595306
20180518133000,346875.0,346718.74928474426
20180518133100,346625.0,346845.6904888153
20180518133200,346250.0,346765.9442424774
20180518133300,346250.0,346443.20130348206
20180518133400,346375.0,346269.0739631653
20180518133500,346375.0,346337.943315506
20180518133600,346375.0,346395.99311351776
20180518133700,346250.0,346395.99311351776
20180518133800,346375.0,346327.11493968964
20180518133900,346125.0,346337.943315506
20180518134000,346375.0,346258.2367658615
20180518134100,346250.0,346279.8891067505
20180518134200,346375.0,346327.11493968964
20180518134300,346375.0,346337.943315506
20180518134400,346375.0,346395.99311351776
20180518134500,346375.0,346395.99311351776
20180518134600,346250.0,346395.99311351776
20180518134700,346250.0,346327.11493968964
20180518134800,346250.0,346269.0739631653
20180518134900,346250.0,346269.0739631653
20180518135000,346250.0,346269.0739631653
20180518135100,346250.0,346269.0739631653
20180518135200,346125.0,346269.0739631653
20180518135300,346000.0,346200.19578933716
20180518135400,346250.0,346073.27222824097
20180518135500,346250.0,346152.95672416687
20180518135600,346375.0,346269.0739631653
20180518135700,346250.0,346337.943315506
20180518135800,346250.0,346327.11493968964
20180518135900,346375.0,346269.0739631653
20180518140000,346375.0,346337.943315506
20180518140100,346250.0,346395.99311351776
20180518140200,346375.0,346327.11493968964
20180518140300,346375.0,346337.943315506
20180518140400,345875.00000000006,346395.99311351776
20180518140500,345750.0,346120.484828949
20180518140600,345875.00000000006,345819.4383382797
20180518140700,345875.00000000006,345830.2446603775
20180518140800,345875.00000000006,345888.3032798767
20180518140900,345875.00000000006,345888.3032798767
20180518141000,346125.0,345888.3032798767
20180518141100,346500.0,346026.02875232697
20180518141200,346625.0,346348.7672805786
20180518141300,346375.0,346591.8080806732
20180518141400,346250.0,346512.0838880539
20180518141500,346375.0,346327.11493968964
20180518141600,346375.0,346337.943315506
20180518141700,346375.0,346395.99311351776
20180518141800,346375.0,346395.99311351776
20180518141900,346375.0,346395.99311351776
20180518142000,346250.0,346395.99311351776
20180518142100,346375.0,346327.11493968964
20180518142200,346375.0,346337.943315506
20180518142300,346375.0,346395.99311351776
20180518142400,346375.0,346395.99311351776
20180518142500,346000.0,346395.99311351776
20180518142600,345875.00000000006,346189.3630027771
20180518142700,345625.0,345946.3574886322
20180518142800,345875.00000000006,345750.58221817017
20180518142900,345875.00000000006,345772.1860408783
20180518143000,345875.00000000006,345888.3032798767
20180518143100,345750.0,345888.3032798767
20180518143200,345875.00000000006,345819.4383382797
20180518143300,345750.0,345830.2446603775
20180518143400,345750.0,345819.4383382797
20180518143500,345750.0,345761.38854026794
20180518143600,345625.0,345761.38854026794
20180518143700,345750.0,345692.53021478653
20180518143800,345625.0,345703.32330465317
20180518143900,345750.0,345692.53021478653
20180518144000,345875.00000000006,345703.32330465317
20180518144100,345875.00000000006,345830.2446603775
20180518144200,345750.0,345888.3032798767
20180518144300,345750.0,345819.4383382797
20180518144400,345875.00000000006,345761.38854026794
20180518144500,345750.0,345830.2446603775
20180518144600,345750.0,345819.4383382797
20180518144700,345750.0,345761.38854026794
20180518144800,345625.0,345761.38854026794
20180518144900,345875.00000000006,345692.53021478653
20180518145000,345750.0,345772.1860408783
20180518145100,345750.0,345819.4383382797
20180518145200,345625.0,345761.38854026794
20180518145300,345750.0,345692.53021478653
20180518145400,345750.0,345703.32330465317
20180518145500,345875.00000000006,345761.38854026794
20180518145600,345750.0,345830.2446603775
20180518145700,345625.0,345819.4383382797
20180518145800,345750.0,345692.53021478653
20180518145900,345750.0,345703.32330465317
20180518150000,345625.0,345761.38854026794
20180518150100,345750.0,345692.53021478653
20180518150200,346250.0,345703.32330465317
20180518150300,347000.0,346036.83066368103
20180518150400,347000.0,346682.3562383652
20180518150500,347375.0,347030.668258667
20180518150600,347375.0,347237.3733520508
20180518150700,347250.0,347411.4830493927
20180518150800,347125.0,347342.56958961487
20180518150900,346875.0,347215.63720703125
20180518151000,346625.0,347019.7957754135
20180518151100,346250.0,346765.9442424774
20180518151200,346250.0,346443.20130348206
20180518151300,346250.0,346269.0739631653
20180518151400,346125.0,346269.0739631653
20180518151500,346375.0,346200.19578933716
20180518151600,345875.00000000006,346279.8891067505
20180518151700,345500.00000000006,346120.484828949
20180518151800,345375.0,345681.71948194504
20180518151900,345375.0,345438.72278928757
20180518153000,347500.0,345380.66416978836
20180518153500,347500.0,346551.2821674347
20180521090000,348250.0,347538.4154319763
20180521090100,349000.0,347951.8873691559
20180521090200,349749.99999999994,348713.5434150696
20180521090300,348500.0,349475.05390644073
20180521090400,348000.0,349133.51678848267
20180521090500,348375.0,348278.15890312195
20180521090600,348250.0,348252.91180610657
20180521090700,348000.0,348358.0154180527
20180521090800,348250.0,348162.1651649475
20180521090900,348125.0,348183.993935585
20180521091000,347750.0,348231.08744621277
20180521091100,347250.0,347966.3237333298
20180521091200,347250.0,347516.63517951965
20180521091300,347000.0,347284.54184532166
20180521091400,347000.0,347146.73256874084
20180521091500,346625.0,347030.668258667
20180521091600,346500.0,346823.97198677063
20180521091700,346500.0,346580.97088336945
20180521091800,345875.00000000006,346522.9299068451
20180521091900,345500.00000000006,346178.5213947296
20180521092000,345500.00000000006,345681.71948194504
20180521092100,345000.0,345507.565677166
20180521092200,345250.0,345232.20294713974
20180521092300,345250.0,345137.6454234123
20180521092400,345124.99999999994,345253.77148389816
20180521092500,345000.0,345184.9374175072
20180521092600,344749.99999999994,345058.0535531044
20180521092700,344625.0,344862.3576760292
20180521092800,344749.99999999994,344677.4372458458
20180521092900,345000.0,344688.190639019
20180521093000,345625.0,344883.87328386307
20180521093100,345875.00000000006,345344.13880109787
20180521093200,345750.0,345772.1860408783
20180521093300,345750.0,345819.4383382797
20180521093400,345750.0,345761.38854026794
20180521093500,346000.0,345761.38854026794
20180521093600,345625.0,345899.1051912308
20180521093700,345500.00000000006,345808.62760543823
20180521093800,345750.0,345565.6198859215
20180521093900,346250.0,345645.2690958977
20180521094000,346750.0,346036.83066368103
20180521094100,346750.0,346544.5866584778
20180521094200,346750.0,346776.7946720123
20180521094300,346750.0,346776.7946720123
20180521094400,347500.0,346776.7946720123
20180521094500,347875.0,347190.1695728302
20180521094600,347875.0,347745.1469898224
20180521094700,348250.0,347919.2214012146
20180521094800,348375.0,348125.9706020355
20180521094900,348250.0,348368.9320087433
20180521095000,348750.0,348358.0154180527
20180521095100,349374.99999999994,348575.69885253906
20180521095200,349500.0,349152.3153781891
20180521095300,349625.0,349511.1161470413
20180521095400,349625.0,349638.0000114441
20180521095500,349749.99999999994,349695.94836235046
20180521095600,349625.0,349764.87505435944
20180521095700,349749.99999999994,349753.89671325684
20180521095800,349875.0,349764.87505435944
20180521095900,349749.99999999994,349891.74568653107
20180521100000,349749.99999999994,349880.76293468475
20180521100100,349625.0,349822.8278160095
20180521100200,349625.0,349753.89671325684
20180521100300,349500.0,349695.94836235046
20180521100400,349875.0,349627.0216703415
20180521100500,350000.0,349775.8445739746
20180521100600,349749.99999999994,350018.6074972153
20180521100700,349625.0,349938.6936426163
20180521100800,349749.99999999994,349753.89671325684
20180521100900,349875.0,349764.87505435944
20180521101000,349625.0,349891.74568653107
20180521101100,349749.99999999994,349811.8362426758
20180521101200,349625.0,349764.87505435944
20180521101300,349374.99999999994,349753.89671325684
20180521101400,349125.0,349558.0949783325
20180521101500,348750.0,349304.3360710144
20180521101600,348625.0,348981.6195964813
20180521101700,348375.0,348738.7640476227
20180521101800,348625.0,348542.92702674866
20180521101900,348750.0,348564.78667259216
20180521102000,348875.0,348749.70269203186
20180521102100,348750.0,348876.6130208969
20180521102200,348625.0,348865.669965744
20180521102300,348750.0,348738.7640476227
20180521102400,349250.0,348749.70269203186
20180521102500,349500.0,349083.3930969238
20180521102600,349749.99999999994,349453.1545639038
20180521102700,349625.0,349706.92670345306
20180521102800,349125.0,349753.89671325684
20180521102900,349000.0,349420.23277282715
20180521103000,349250.0,349119.47298049927
20180521103100,349250.0,349199.3559598923
20180521103200,349125.0,349315.29676914215
20180521103300,349250.0,349246.3700771332
20180521103400,349250.0,349257.33518600464
20180521103500,349374.99999999994,349315.29676914215
20180521103600,349125.0,349384.2234611511
20180521103700,349250.0,349304.3360710144
20180521103800,349250.0,349257.33518600464
20180521103900,349250.0,349315.29676914215
20180521104000,349250.0,349315.29676914215
20180521104100,349125.0,349315.29676914215
20180521104200,348875.0,349246.3700771332
20180521104300,348750.0,349050.550699234
20180521104400,348750.0,348865.669965744
20180521104500,348875.0,348807.68632888794
20180521104600,348875.0,348876.6130208969
20180521104700,348750.0,348934.596657753
20180521104800,348750.0,348865.669965744
20180521104900,348625.0,348807.68632888794
20180521105000,348750.0,348738.7640476227
20180521105100,348875.0,348749.70269203186
20180521105200,348625.0,348876.6130208969
20180521105300,348750.0,348796.74327373505
20180521105400,348625.0,348749.70269203186
20180521105500,348875.0,348738.7640476227
20180521105600,348875.0,348818.6249732971
20180521105700,348000.0,348934.596657753
20180521105800,347750.0,348452.10099220276
20180521105900,347875.0,347908.3180427551
20180521110000,347500.0,347861.2024784088
20180521110100,347375.0,347712.46778964996
20180521110200,347375.0,347469.5063829422
20180521110300,347250.0,347411.4830493927
20180521110400,347250.0,347342.56958961487
20180521110500,347125.0,347284.54184532166
20180521110600,347250.0,347215.63720703125
20180521110700,347250.0,347226.5096902847
20180521110800,347375.0,347284.54184532166
20180521110900,347125.0,347353.44648361206
20180521111000,347125.0,347273.66495132446
20180521111100,347250.0,347157.6006412506
20180521111200,347250.0,347226.5096902847
20180521111300,347250.0,347284.54184532166
20180521111400,347250.0,347284.54184532166
20180521111500,347250.0,347284.54184532166
20180521111600,347250.0,347284.54184532166
20180521111700,347250.0,347284.54184532166
20180521111800,347125.0,347284.54184532166
20180521111900,347250.0,347215.63720703125
20180521112000,347125.0,347226.5096902847
20180521112100,347250.0,347215.63720703125
20180521112200,347250.0,347226.5096902847
20180521112300,347125.0,347284.54184532166
20180521112400,347125.0,347215.63720703125
20180521112500,347000.0,347157.6006412506
20180521112600,346625.0,347088.7004137039
20180521112700,346750.0,346823.97198677063
20180521112800,346750.0,346718.74928474426
20180521112900,346750.0,346776.7946720123
20180521113000,346625.0,346776.7946720123
20180521113100,346875.0,346707.90326595306
20180521113200,346625.0,346787.6362800598
20180521113300,346750.0,346765.9442424774
20180521113400,346750.0,346718.74928474426
20180521113500,346750.0,346776.7946720123
20180521113600,346750.0,346776.7946720123
20180521113700,346750.0,346776.7946720123
20180521113800,346750.0,346776.7946720123
20180521113900,346625.0,346776.7946720123
20180521114000,346875.0,346707.90326595306
20180521114100,346875.0,346787.6362800598
20180521114200,346625.0,346903.72705459595
20180521114300,346625.0,346765.9442424774
20180521114400,346625.0,346649.857878685
20180521114500,346875.0,346649.857878685
20180521114600,346625.0,346787.6362800598
20180521114700,346750.0,346765.9442424774
20180521114800,346625.0,346718.74928474426
20180521114900,346625.0,346707.90326595306
20180521115000,346750.0,346649.857878685
20180521115100,346125.0,346718.74928474426
20180521115200,346250.0,346432.35087394714
20180521115300,346250.0,346211.0197544098
20180521115400,346250.0,346269.0739631653
20180521115500,346250.0,346269.0739631653
20180521115600,346250.0,346269.0739631653
20180521115700,346375.0,346269.0739631653
20180521115800,346250.0,346337.943315506
20180521115900,346375.0,346327.11493968964
20180521120000,346250.0,346337.943315506
20180521120100,345875.00000000006,346327.11493968964
20180521120200,345750.0,346062.44826316833
20180521120300,345750.0,345819.4383382797
20180521120400,345750.0,345761.38854026794
20180521120500,346000.0,345761.38854026794
20180521120600,346125.0,345899.1051912308
20180521120700,346250.0,346084.0873718262
20180521120800,346125.0,346211.0197544098
20180521120900,345875.00000000006,346200.19578933716
20180521121000,346125.0,346004.40287590027
20180521121100,346250.0,346026.02875232697
20180521121200,346125.0,346211.0197544098
20180521121300,346250.0,346200.19578933716
20180521121400,346375.0,346211.0197544098
20180521121500,346500.0,346337.943315506
20180521121600,346375.0,346464.8756980896
20180521121700,346250.0,346454.04291152954
20180521121800,346125.0,346327.11493968964
20180521121900,346375.0,346200.19578933716
20180521122000,346250.0,346279.8891067505
20180521122100,346125.0,346327.11493968964
20180521122200,346375.0,346200.19578933716
20180521122300,347125.0,346279.8891067505
20180521122400,347125.0,346809.30626392365
20180521122500,347250.0,347157.6006412506
20180521122600,347250.0,347226.5096902847
20180521122700,346875.0,347284.54184532166
20180521122800,346750.0,347077.82793045044
20180521122900,346625.0,346834.83123779297
20180521123000,346750.0,346707.90326595306
20180521123100,346750.0,346718.74928474426
20180521123200,346875.0,346776.7946720123
20180521123300,346625.0,346845.6904888153
20180521123400,346750.0,346765.9442424774
20180521123500,346875.0,346718.74928474426
20180521123600,346875.0,346845.6904888153
20180521123700,346750.0,346903.72705459595
20180521123800,347000.0,346834.83123779297
20180521123900,347250.0,346914.5863056183
20180521124000,347250.0,347168.4687137604
20180521124100,347250.0,347284.54184532166
20180521124200,347250.0,347284.54184532166
20180521124300,347250.0,347284.54184532166
20180521124400,347375.0,347284.54184532166
20180521124500,347625.0,347353.44648361206
20180521124600,347875.0,347549.2967367172
20180521124700,347625.0,347803.1791448593
20180521124800,347750.0,347781.3856601715
20180521124900,347625.0,347734.2656850815
20180521125000,347750.0,347723.37114810944
20180521125100,348000.0,347734.2656850815
20180521125200,348250.0,347930.11593818665
20180521125300,348250.0,348183.993935585
20180521125400,348125.0,348300.009727478
20180521125500,347625.0,348231.08744621277
20180521125600,347875.0,347897.4014520645
20180521125700,348000.0,347803.1791448593
20180521125800,347875.0,347988.13927173615
20180521125900,347625.0,347977.2359132767
20180521130000,347750.0,347781.3856601715
20180521130100,347875.0,347734.2656850815
20180521130200,348375.0,347861.2024784088
20180521130300,348250.0,348194.8928833008
20180521130400,348750.0,348358.0154180527
20180521130500,349000.0,348575.69885253906
20180521130600,349250.0,348945.5397129059
20180521130700,349250.0,349199.3559598923
20180521130800,349250.0,349315.29676914215
20180521130900,349250.0,349315.29676914215
20180521131000,349250.0,349315.29676914215
20180521131100,349125.0,349315.29676914215
20180521131200,349250.0,349246.3700771332
20180521131300,348875.0,349257.33518600464
20180521131400,348875.0,349108.5122823715
20180521131500,348750.0,348934.596657753
20180521131600,348875.0,348865.669965744
20180521131700,348875.0,348876.6130208969
20180521131800,348875.0,348934.596657753
20180521131900,348625.0,348934.596657753
20180521132000,348875.0,348796.74327373505
20180521132100,348625.0,348818.6249732971
20180521132200,348750.0,348796.74327373505
20180521132300,348750.0,348749.70269203186
20180521132400,348625.0,348807.68632888794
20180521132500,348375.0,348738.7640476227
20180521132600,348125.0,348542.92702674866
20180521132700,348250.0,348289.0887260437
20180521132800,348250.0,348242.0084476471
20180521132900,348250.0,348300.009727478
20180521133000,348250.0,348300.009727478
20180521133100,348250.0,348300.009727478
20180521133200,348250.0,348300.009727478
20180521133300,348250.0,348300.009727478
20180521133400,348250.0,348300.009727478
20180521133500,348250.0,348300.009727478
20180521133600,348250.0,348300.009727478
20180521133700,348000.0,348300.009727478
20180521133800,347875.0,348162.1651649475
20180521133900,347750.0,347977.2359132767
20180521134000,347375.0,347850.30794143677
20180521134100,347125.0,347585.5442285538
20180521134200,347250.0,347273.66495132446
20180521134300,347250.0,347226.5096902847
20180521134400,347125.0,347284.54184532166
20180521134500,346750.0,347215.63720703125
20180521134600,346875.0,346950.89995861053
20180521134700,346750.0,346845.6904888153
20180521134800,346625.0,346834.83123779297
20180521134900,346875.0,346707.90326595306
20180521135000,346625.0,346787.6362800598
20180521135100,346750.0,346765.9442424774
20180521135200,346500.0,346718.74928474426
20180521135300,346375.0,346639.0030384064
20180521135400,346250.0,346454.04291152954
20180521135500,346250.0,346327.11493968964
20180521135600,346000.0,346269.0739631653
20180521135700,346000.0,346131.32202625275
20180521135800,346125.0,346015.2224302292
20180521135900,345625.0,346084.0873718262
20180521140000,345875.00000000006,345866.6729927063
20180521140100,346125.0,345772.1860408783
20180521140200,346250.0,346026.02875232697
20180521140300,346375.0,346211.0197544098
20180521140400,346500.0,346337.943315506
20180521140500,346750.0,346464.8756980896
20180521140600,346875.0,346660.69507598877
20180521140700,346875.0,346845.6904888153
20180521140800,346875.0,346903.72705459595
20180521140900,346625.0,346903.72705459595
20180521141000,346250.0,346765.9442424774
20180521141100,346125.0,346443.20130348206
20180521141200,346375.0,346200.19578933716
20180521141300,346375.0,346279.8891067505
20180521141400,345750.0,346395.99311351776
20180521141500,345875.00000000006,346051.61106586456
20180521141600,346375.0,345830.2446603775
20180521141700,346625.0,346163.76304626465
20180521141800,346750.0,346533.75828266144
20180521141900,346375.0,346718.74928474426
20180521142000,346250.0,346570.12486457825
20180521142100,346250.0,346327.11493968964
20180521142200,346375.0,346269.0739631653
20180521142300,346250.0,346337.943315506
20180521142400,346000.0,346327.11493968964
20180521142500,345875.00000000006,346131.32202625275
20180521142600,346125.0,345946.3574886322
20180521142700,346500.0,346026.02875232697
20180521142800,346750.0,346348.7672805786
20180521142900,346750.0,346660.69507598877
20180521143000,346750.0,346776.7946720123
20180521143100,346875.0,346776.7946720123
20180521143200,346625.0,346845.6904888153
20180521143300,346125.0,346765.9442424774
20180521143400,346250.0,346374.3143081665
20180521143500,346500.0,346211.0197544098
20180521143600,347250.0,346406.8259000778
20180521143700,347250.0,346936.26070022583
20180521143800,346625.0,347284.54184532166
20180521143900,346250.0,346940.02747535706
20180521144000,346375.0,346443.20130348206
20180521144100,346250.0,346337.943315506
20180521144200,346125.0,346327.11493968964
20180521144300,346500.0,346200.19578933716
20180521144400,346750.0,346348.7672805786
20180521144500,346500.0,346660.69507598877
20180521144600,346375.0,346639.0030384064
20180521144700,346375.0,346454.04291152954
20180521144800,346750.0,346395.99311351776
20180521144900,346625.0,346602.6408672333
20180521145000,346875.0,346707.90326595306
20180521145100,346625.0,346787.6362800598
20180521145200,346750.0,346765.9442424774
20180521145300,346625.0,346718.74928474426
20180521145400,346625.0,346707.90326595306
20180521145500,346500.0,346649.857878685
20180521145600,346625.0,346580.97088336945
20180521145700,346375.0,346591.8080806732
20180521145800,346750.0,346512.0838880539
20180521145900,346625.0,346602.6408672333
20180521150000,346875.0,346707.90326595306
20180521150100,346625.0,346787.6362800598
20180521150200,346875.0,346765.9442424774
20180521150300,346625.0,346787.6362800598
20180521150400,346250.0,346765.9442424774
20180521150500,346375.0,346443.20130348206
20180521150600,346625.0,346337.943315506
20180521150700,346750.0,346533.75828266144
20180521150800,346750.0,346718.74928474426
20180521150900,346625.0,346776.7946720123
20180521151000,346625.0,346707.90326595306
20180521151100,346750.0,346649.857878685
20180521151200,346750.0,346718.74928474426
20180521151300,346625.0,346776.7946720123
20180521151400,346875.0,346707.90326595306
20180521151500,346750.0,346787.6362800598
20180521151600,346750.0,346834.83123779297
20180521151700,346750.0,346776.7946720123
20180521151800,346750.0,346776.7946720123
20180521151900,346875.0,346776.7946720123
20180521153000,346500.0,346845.6904888153
20180521153500,346500.0,346697.04842567444
20180523090000,345000.0,346522.9299068451
20180523090100,344375.0,345696.4381337166
20180523090200,344375.0,344655.9128165245
20180523090300,343750.0,344365.67705869675
20180523090400,343500.0,344021.7757821083
20180523090500,343625.0,343594.07037496567
20180523090600,343250.0,343546.7232465744
20180523090700,343250.0,343398.56415987015
20180523090800,343250.0,343224.4544625282
20180523090900,343375.0,343224.4544625282
20180523091000,343375.0,343293.1760549545
20180523091100,343625.0,343351.2104153633
20180523091200,343750.0,343488.67124319077
20180523091300,344000.0,343673.51669073105
20180523091400,343875.0,343869.0736293793
20180523091500,343750.0,343916.4163470268
20180523091600,343375.0,343789.6118760109
20180523091700,343250.0,343525.3355503082
20180523091800,343125.0,343282.49102830887
20180523091900,343375.0,343155.7438969612
20180523092000,343125.0,343235.1240515709
20180523092100,343375.0,343213.77605199814
20180523092200,344250.0,343235.1240515709
20180523092300,344500.0,343832.39167928696
20180523092400,344000.0,344376.4083981514
20180523092500,344375.0,344217.36800670624
20180523092600,344250.0,344191.49458408356
20180523092700,344250.0,344296.88930511475
20180523092800,344250.0,344238.83950710297
20180523092900,345124.99999999994,344238.83950710297
20180523093000,346375.0,344720.3934788704
20180523093100,347250.0,345815.29664993286
20180523093200,347875.0,346878.1976699829
20180523093300,347375.0,347629.0738582611
20180523093400,346750.0,347643.55874061584
20180523093500,346625.0,347066.95103645325
20180523093600,346250.0,346707.90326595306
20180523093700,346125.0,346443.20130348206
20180523093800,346125.0,346200.19578933716
20180523093900,346375.0,346142.14158058167
20180523094000,346125.0,346279.8891067505
20180523094100,346375.0,346258.2367658615
20180523094200,346125.0,346279.8891067505
20180523094300,346250.0,346258.2367658615
20180523094400,346375.0,346211.0197544098
20180523094500,346250.0,346337.943315506
20180523094600,346250.0,346327.11493968964
20180523094700,346375.0,346269.0739631653
20180523094800,346250.0,346337.943315506
20180523094900,346250.0,346327.11493968964
20180523095000,346375.0,346269.0739631653
20180523095100,346000.0,346337.943315506
20180523095200,345750.0,346189.3630027771
20180523095300,345625.0,345877.4881362915
20180523095400,345750.0,345692.53021478653
20180523095500,345625.0,345703.32330465317
20180523095600,345375.0,345692.53021478653
20180523095700,345750.0,345496.77699804306
20180523095800,345750.0,345587.20165491104
20180523095900,345875.00000000006,345761.38854026794
20180523100000,345750.0,345830.2446603775
20180523100100,345750.0,345819.4383382797
20180523100200,345750.0,345761.38854026794
20180523100300,345875.00000000006,345761.38854026794
20180523100400,345500.00000000006,345830.2446603775
20180523100500,345250.0,345681.71948194504
20180523100600,345375.0,345369.87549066544
20180523100700,345375.0,345322.60555028915
20180523100800,345000.0,345380.66416978836
20180523100900,344749.99999999994,345174.15314912796
20180523101000,344875.0,344862.3576760292
20180523101100,344875.0,344815.0590658188
20180523101200,344875.0,344873.117685318
20180523101300,344749.99999999994,344873.117685318
20180523101400,344875.0,344804.30567264557
20180523101500,345750.0,344815.0590658188
20180523101600,345625.0,345354.9010157585
20180523101700,345750.0,345692.53021478653
20180523101800,345625.0,345703.32330465317
20180523101900,345625.0,345692.53021478653
20180523102000,345750.0,345634.4715952873
20180523102100,345750.0,345703.32330465317
20180523102200,345625.0,345761.38854026794
20180523102300,345250.0,345692.53021478653
20180523102400,344375.0,345427.9296994209
20180523102500,343875.0,344771.9947695732
20180523102600,343625.0,344090.5480980873
20180523102700,343750.0,343720.85720300674
20180523102800,343625.0,343673.51669073105
20180523102900,343625.0,343662.8162264824
20180523103000,343750.0,343604.7730445862
20180523103100,343875.0,343673.51669073105
20180523103200,343875.0,343800.3189563751
20180523103300,343500.0,343858.36654901505
20180523103400,343250.0,343652.11135149
20180523103500,343125.0,343340.52979946136
20180523103600,343250.0,343155.7438969612
20180523103700,343125.0,343166.4178967476
20180523103800,343250.0,343155.7438969612
20180523103900,343250.0,343166.4178967476
20180523104000,343250.0,343224.4544625282
20180523104100,343250.0,343224.4544625282
20180523104200,343375.0,343224.4544625282
20180523104300,343250.0,343293.1760549545
20180523104400,343250.0,343282.49102830887
20180523104500,343125.0,343224.4544625282
20180523104600,343125.0,343155.7438969612
20180523104700,343250.0,343097.7051258087
20180523104800,343125.0,343166.4178967476
20180523104900,343250.0,343155.7438969612
20180523105000,343125.0,343166.4178967476
20180523105100,343250.0,343155.7438969612
20180523105200,343250.0,343166.4178967476
20180523105300,342625.0,343224.4544625282
20180523105400,342750.0,342880.9280991554
20180523105500,342750.0,342659.49112176895
20180523105600,342875.0,342717.52548217773
20180523105700,342875.0,342786.2073779106
20180523105800,342750.0,342844.23953294754
20180523105900,342875.0,342775.55322647095
20180523110000,342625.0,342786.2073779106
20180523110100,342750.0,342706.8735361099
20180523110200,342625.0,342659.49112176895
20180523110300,342875.0,342648.84799718857
20180523110400,342750.0,342728.17301750183
20180523110500,342750.0,342775.55322647095
20180523110600,342625.0,342717.52548217773
20180523110700,342625.0,342648.84799718857
20180523110800,342625.0,342590.82466363907
20180523110900,342750.0,342590.82466363907
20180523111000,342750.0,342659.49112176895
20180523111100,342500.0,342717.52548217773
20180523111200,342250.0,342580.1815390587
20180523111300,342125.0,342326.8328309059
20180523111400,342375.0,342142.1726346016
20180523111500,342250.0,342221.42708301544
20180523111600,342375.0,342268.82272958755
20180523111700,342250.0,342279.4438004494
20180523111800,342250.0,342268.82272958755
20180523111900,342250.0,342210.80380678177
20180523112000,342250.0,342210.80380678177
20180523112100,342375.0,342210.80380678177
20180523112200,342250.0,342279.4438004494
20180523112300,342125.0,342268.82272958755
20180523112400,342375.0,342142.1726346016
20180523112500,342250.0,342221.42708301544
20180523112600,342375.0,342268.82272958755
20180523112700,342375.0,342279.4438004494
20180523112800,342500.0,342337.46713399887
20180523112900,342875.0,342406.1159491539
20180523113000,342750.0,342670.13424634933
20180523113100,342750.0,342775.55322647095
20180523113200,342625.0,342717.52548217773
20180523113300,342750.0,342648.84799718857
20180523113400,342625.0,342659.49112176895
20180523113500,342750.0,342648.84799718857
20180523113600,342750.0,342659.49112176895
20180523113700,342750.0,342717.52548217773
20180523113800,342875.0,342717.52548217773
20180523113900,342750.0,342786.2073779106
20180523114000,342875.0,342775.55322647095
20180523114100,342750.0,342786.2073779106
20180523114200,342875.0,342775.55322647095
20180523114300,342750.0,342786.2073779106
20180523114400,342875.0,342775.55322647095
20180523114500,342750.0,342786.2073779106
20180523114600,342750.0,342775.55322647095
20180523114700,342750.0,342717.52548217773
20180523114800,342750.0,342717.52548217773
20180523114900,342875.0,342717.52548217773
20180523115000,342750.0,342786.2073779106
20180523115100,342750.0,342775.55322647095
20180523115200,342750.0,342717.52548217773
20180523115300,342750.0,342717.52548217773
20180523115400,342875.0,342717.52548217773
20180523115500,342875.0,342786.2073779106
20180523115600,342875.0,342844.23953294754
20180523115700,342750.0,342844.23953294754
20180523115800,342875.0,342775.55322647095
20180523115900,342625.0,342786.2073779106
20180523120000,342875.0,342706.8735361099
20180523120100,342875.0,342728.17301750183
20180523120200,342625.0,342844.23953294754
20180523120300,342750.0,342706.8735361099
20180523120400,342750.0,342659.49112176895
20180523120500,342875.0,342717.52548217773
20180523120600,342750.0,342786.2073779106
20180523120700,343125.0,342775.55322647095
20180523120800,343625.0,342923.5844016075
20180523120900,343750.0,343372.56503105164
20180523121000,343875.0,343673.51669073105
20180523121100,344125.0,343800.3189563751
20180523121200,344250.0,343995.89574337006
20180523121300,344250.0,344180.7830929756
20180523121400,344375.0,344238.83950710297
20180523121500,344375.0,344307.62284994125
20180523121600,344250.0,344365.67705869675
20180523121700,344375.0,344296.88930511475
20180523121800,344250.0,344307.62284994125
20180523121900,344250.0,344296.88930511475
20180523122000,344250.0,344238.83950710297
20180523122100,344250.0,344238.83950710297
20180523122200,344250.0,344238.83950710297
20180523122300,344250.0,344238.83950710297
20180523122400,343625.0,344238.83950710297
20180523122500,343875.0,343894.9757218361
20180523122600,343875.0,343742.2647476196
20180523122700,343750.0,343858.36654901505
20180523122800,343875.0,343789.6118760109
20180523122900,343750.0,343800.3189563751
20180523123000,343625.0,343789.6118760109
20180523123100,343750.0,343662.8162264824
20180523123200,343250.0,343673.51669073105
20180523123300,343250.0,343456.5963149071
20180523123400,343250.0,343224.4544625282
20180523123500,343375.0,343224.4544625282
20180523123600,343250.0,343293.1760549545
20180523123700,343375.0,343282.49102830887
20180523123800,343250.0,343293.1760549545
20180523123900,343250.0,343282.49102830887
20180523124000,343250.0,343224.4544625282
20180523124100,343250.0,343224.4544625282
20180523124200,343250.0,343224.4544625282
20180523124300,343250.0,343224.4544625282
20180523124400,343375.0,343224.4544625282
20180523124500,343250.0,343293.1760549545
20180523124600,343250.0,343282.49102830887
20180523124700,343375.0,343224.4544625282
20180523124800,343375.0,343293.1760549545
20180523124900,343375.0,343351.2104153633
20180523125000,343375.0,343351.2104153633
20180523125100,343250.0,343351.2104153633
20180523125200,343375.0,343282.49102830887
20180523125300,343375.0,343293.1760549545
20180523125400,343250.0,343351.2104153633
20180523125500,343375.0,343282.49102830887
20180523125600,343250.0,343293.1760549545
20180523125700,343625.0,343282.49102830887
20180523125800,343875.0,343430.6192398071
20180523125900,343750.0,343742.2647476196
20180523130000,343750.0,343789.6118760109
20180523130100,343875.0,343731.5664887428
20180523130200,344250.0,343800.3189563751
20180523130300,344250.0,344064.65923786163
20180523130400,344625.0,344238.83950710297
20180523130500,344875.0,344445.1961517334
20180523130600,344625.0,344756.9982409477
20180523130700,344875.0,344735.4914546013
20180523130800,344625.0,344756.9982409477
20180523130900,344875.0,344735.4914546013
20180523131000,344749.99999999994,344756.9982409477
20180523131100,344749.99999999994,344804.30567264557
20180523131200,344749.99999999994,344746.24705314636
20180523131300,344749.99999999994,344746.24705314636
20180523131400,344625.0,344746.24705314636
20180523131500,344749.99999999994,344677.4372458458
20180523131600,344875.0,344688.190639019
20180523131700,344749.99999999994,344815.0590658188
20180523131800,344875.0,344804.30567264557
20180523131900,344875.0,344815.0590658188
20180523132000,344749.99999999994,344873.117685318
20180523132100,344749.99999999994,344804.30567264557
20180523132200,344749.99999999994,344746.24705314636
20180523132300,344875.0,344746.24705314636
20180523132400,344749.99999999994,344815.0590658188
20180523132500,344875.0,344804.30567264557
20180523132600,344625.0,344815.0590658188
20180523132700,344875.0,344735.4914546013
20180523132800,344875.0,344756.9982409477
20180523132900,344749.99999999994,344873.117685318
20180523133000,344875.0,344804.30567264557
20180523133100,344875.0,344815.0590658188
20180523133200,344749.99999999994,344873.117685318
20180523133300,344625.0,344804.30567264557
20180523133400,344875.0,344677.4372458458
20180523133500,344749.99999999994,344756.9982409477
20180523133600,344749.99999999994,344804.30567264557
20180523133700,344625.0,344746.24705314636
20180523133800,344625.0,344677.4372458458
20180523133900,344749.99999999994,344619.3830370903
20180523134000,344875.0,344688.190639019
20180523134100,344875.0,344815.0590658188
20180523134200,344749.99999999994,344873.117685318
20180523134300,344875.0,344804.30567264557
20180523134400,344749.99999999994,344815.0590658188
20180523134500,344749.99999999994,344804.30567264557
20180523134600,344875.0,344746.24705314636
20180523134700,344749.99999999994,344815.0590658188
20180523134800,344749.99999999994,344804.30567264557
20180523134900,344749.99999999994,344746.24705314636
20180523135000,344875.0,344746.24705314636
20180523135100,344749.99999999994,344815.0590658188
20180523135200,344875.0,344804.30567264557
20180523135300,344749.99999999994,344815.0590658188
20180523135400,344749.99999999994,344804.30567264557
20180523135500,344749.99999999994,344746.24705314636
20180523135600,344625.0,344746.24705314636
20180523135700,344749.99999999994,344677.4372458458
20180523135800,344875.0,344688.190639019
20180523135900,344875.0,344815.0590658188
20180523140000,344875.0,344873.117685318
20180523140100,344625.0,344873.117685318
20180523140200,344749.99999999994,344735.4914546013
20180523140300,344749.99999999994,344688.190639019
20180523140400,344625.0,344746.24705314636
20180523140500,344749.99999999994,344677.4372458458
20180523140600,344749.99999999994,344688.190639019
20180523140700,344749.99999999994,344746.24705314636
20180523140800,344500.0,344746.24705314636
20180523140900,344250.0,344608.6340546608
20180523141000,344250.0,344354.9413084984
20180523141100,344250.0,344238.83950710297
20180523141200,344375.0,344238.83950710297
20180523141300,344125.0,344307.62284994125
20180523141400,344125.0,344228.10596227646
20180523141500,344125.0,344112.00857162476
20180523141600,344375.0,344112.00857162476
20180523141700,344250.0,344249.55981969833
20180523141800,344250.0,344296.88930511475
20180523141900,344250.0,344238.83950710297
20180523142000,344250.0,344238.83950710297
20180523142100,344250.0,344238.83950710297
20180523142200,344250.0,344238.83950710297
20180523142300,344250.0,344238.83950710297
20180523142400,344375.0,344238.83950710297
20180523142500,344250.0,344307.62284994125
20180523142600,344375.0,344296.88930511475
20180523142700,344125.0,344307.62284994125
20180523142800,344250.0,344228.10596227646
20180523142900,344250.0,344180.7830929756
20180523143000,344250.0,344238.83950710297
20180523143100,344375.0,344238.83950710297
20180523143200,344125.0,344307.62284994125
20180523143300,344375.0,344228.10596227646
20180523143400,344375.0,344249.55981969833
20180523143500,344375.0,344365.67705869675
20180523143600,344250.0,344365.67705869675
20180523143700,344250.0,344296.88930511475
20180523143800,344125.0,344238.83950710297
20180523143900,344375.0,344170.0561642647
20180523144000,344250.0,344249.55981969833
20180523144100,344250.0,344296.88930511475
20180523144200,344375.0,344238.83950710297
20180523144300,344250.0,344307.62284994125
20180523144400,344250.0,344296.88930511475
20180523144500,344375.0,344238.83950710297
20180523144600,344250.0,344307.62284994125
20180523144700,344250.0,344296.88930511475
20180523144800,344125.0,344238.83950710297
20180523144900,344375.0,344170.0561642647
20180523145000,344250.0,344249.55981969833
20180523145100,344125.0,344296.88930511475
20180523145200,344250.0,344170.0561642647
20180523145300,344250.0,344180.7830929756
20180523145400,344375.0,344238.83950710297
20180523145500,344125.0,344307.62284994125
20180523145600,344250.0,344228.10596227646
20180523145700,344250.0,344180.7830929756
20180523145800,344375.0,344238.83950710297
20180523145900,344125.0,344307.62284994125
20180523150000,344250.0,344228.10596227646
20180523150100,344500.0,344180.7830929756
20180523150200,344375.0,344376.4083981514
20180523150300,344375.0,344423.73567819595
20180523150400,344250.0,344365.67705869675
20180523150500,344250.0,344296.88930511475
20180523150600,344375.0,344238.83950710297
20180523150700,344375.0,344307.62284994125
20180523150800,344375.0,344365.67705869675
20180523150900,344375.0,344365.67705869675
20180523151000,344250.0,344365.67705869675
20180523151100,344375.0,344296.88930511475
20180523151200,344250.0,344307.62284994125
20180523151300,344375.0,344296.88930511475
20180523151400,344749.99999999994,344307.62284994125
20180523151500,344749.99999999994,344572.0623731613
20180523151600,344749.99999999994,344746.24705314636
20180523151700,344875.0,344746.24705314636
20180523151800,344749.99999999994,344815.0590658188
20180523151900,344875.0,344804.30567264557
20180523153000,345000.0,344815.0590658188
20180523153500,345000.0,344941.936314106
20180524090000,346750.0,344999.9949336052
20180524090100,347375.0,345963.7711048126
20180524090200,347875.0,347121.2737560272
20180524090300,347750.0,347687.1192455292
20180524090400,347500.0,347850.30794143677
20180524090500,348000.0,347654.4532775879
20180524090600,347250.0,347814.0604496002
20180524090700,347000.0,347632.64656066895
20180524090800,346500.0,347146.73256874084
20180524090900,346625.0,346755.07616996765
20180524091000,346750.0,346591.8080806732
20180524091100,346250.0,346718.74928474426
20180524091200,345750.0,346501.233458519
20180524091300,345750.0,345993.57891082764
20180524091400,345500.00000000006,345761.38854026794
20180524091500,345750.0,345623.674094677
20180524091600,345625.0,345645.2690958977
20180524091700,345250.0,345692.53021478653
20180524091800,344875.0,345427.9296994209
20180524091900,344500.0,345047.2781062126
20180524092000,344625.0,344666.67944192886
20180524092100,344500.0,344561.3244175911
20180524092200,344625.0,344550.584256649
20180524092300,344625.0,344561.3244175911
20180524092400,344500.0,344619.3830370903
20180524092500,344625.0,344550.584256649
20180524092600,344625.0,344561.3244175911
20180524092700,344250.0,344619.3830370903
20180524092800,344125.0,344412.993311882
20180524092900,344125.0,344170.0561642647
20180524093000,344125.0,344112.00857162476
20180524093100,344000.0,344112.00857162476
20180524093200,344000.0,344043.2340502739
20180524093300,344125.0,343985.1842522621
20180524093400,344000.0,344053.9521574974
20180524093500,344000.0,344043.2340502739
20180524093600,344000.0,343985.1842522621
20180524093700,343750.0,343985.1842522621
20180524093800,343500.0,343847.6594686508
20180524093900,343375.0,343594.07037496567
20180524094000,343250.0,343409.25800800323
20180524094100,343125.0,343282.49102830887
20180524094200,343125.0,343155.7438969612
20180524094300,343125.0,343097.7051258087
20180524094400,343250.0,343097.7051258087
20180524094500,343375.0,343166.4178967476
20180524094600,343000.0,343293.1760549545
20180524094700,343000.0,343145.0610756874
20180524094800,343125.0,342970.9624052048
20180524094900,343000.0,343039.6663546562
20180524095000,343250.0,343028.9989709854
20180524095100,343250.0,343108.3680987358
20180524095200,343750.0,343224.4544625282
20180524095300,343625.0,343499.34965372086
20180524095400,343500.0,343662.8162264824
20180524095500,343500.0,343536.0316038132
20180524095600,343250.0,343477.98842191696
20180524095700,343000.0,343340.52979946136
20180524095800,343125.0,343087.0333313942
20180524095900,343125.0,343039.6663546562
20180524100000,343250.0,343097.7051258087
20180524100100,343125.0,343166.4178967476
20180524100200,343125.0,343155.7438969612
20180524100300,343250.0,343097.7051258087
20180524100400,343125.0,343166.4178967476
20180524100500,343125.0,343155.7438969612
20180524100600,343125.0,343097.7051258087
20180524100700,342875.0,343097.7051258087
20180524100800,342750.0,342960.2972269058
20180524100900,342625.0,342775.55322647095
20180524101000,342750.0,342648.84799718857
20180524101100,342500.0,342659.49112176895
20180524101200,342750.0,342580.1815390587
20180524101300,342625.0,342601.46337747574
20180524101400,342750.0,342648.84799718857
20180524101500,342625.0,342659.49112176895
20180524101600,342625.0,342648.84799718857
20180524101700,342750.0,342590.82466363907
20180524101800,342875.0,342659.49112176895
20180524101900,342750.0,342786.2073779106
20180524102000,342625.0,342775.55322647095
20180524102100,342375.0,342648.84799718857
20180524102200,342625.0,342453.50056886673
20180524102300,342625.0,342474.76917505264
20180524102400,342250.0,342590.82466363907
20180524102500,342375.0,342384.8429322243
20180524102600,342125.0,342279.4438004494
20180524102700,342125.0,342200.18273591995
20180524102800,342000.0,342084.16253328323
20180524102900,341625.0,342015.5357718468
20180524103000,341750.0,341751.7115473747
20180524103100,341750.0,341646.32123708725
20180524103200,341750.0,341704.3203115463
20180524103300,341750.0,341704.3203115463
20180524103400,341375.0,341704.3203115463
20180524103500,341125.0,341498.56573343277
20180524103600,341000.0,341187.5156760216
20180524103700,340750.0,341003.0407309532
20180524103800,340750.0,340808.04616212845
20180524103900,340625.0,340692.13622808456
20180524104000,341125.0,340623.6461997032
20180524104100,341250.00000000006,340839.6756052971
20180524104200,341250.00000000006,341140.1090025902
20180524104300,341125.0,341198.08822870255
20180524104400,341625.0,341129.5474767685
20180524104500,341625.0,341345.75551748276
20180524104600,341375.0,341577.7341723442
20180524104700,341125.0,341440.5865073204
20180524104800,341375.0,341187.5156760216
20180524104900,341125.0,341208.6563706398
20180524105000,341125.0,341187.5156760216
20180524105100,340750.0,341071.570456028
20180524105200,340625.0,340866.00333452225
20180524105300,340625.0,340623.6461997032
20180524105400,341000.0,340565.695643425
20180524105500,341250.00000000006,340771.1723446846
20180524105600,341250.00000000006,341082.13198184967
20180524105700,341375.0,341198.08822870255
20180524105800,341250.00000000006,341266.63559675217
20180524105900,341250.00000000006,341256.0674548149
20180524110000,341000.0,341198.08822870255
20180524110100,340875.00000000006,341061.0089302063
20180524110200,340625.0,340876.55383348465
20180524110300,340625.0,340681.5901398659
20180524110400,340875.00000000006,340565.695643425
20180524110500,340625.0,340702.6734948158
20180524110600,340250.0,340681.5901398659
20180524110700,340250.0,340360.28069257736
20180524110800,340250.0,340186.4885687828
20180524110900,340250.0,340186.4885687828
20180524111000,340124.99999999994,340186.4885687828
20180524111100,340250.0,340118.051469326
20180524111200,340250.0,340128.56006622314
20180524111300,340499.99999999994,340186.4885687828
20180524111400,340625.0,340323.3870267868
20180524111500,340875.00000000006,340507.74508714676
20180524111600,340750.0,340702.6734948158
20180524111700,340499.99999999994,340750.0911951065
20180524111800,340250.0,340555.16278743744
20180524111900,340250.0,340302.3521900177
20180524112000,340250.0,340186.4885687828
20180524112100,340250.0,340186.4885687828
20180524112200,340250.0,340186.4885687828
20180524112300,340124.99999999994,340186.4885687828
20180524112400,340250.0,340118.051469326
20180524112500,340250.0,340128.56006622314
20180524112600,340375.0,340186.4885687828
20180524112700,340250.0,340254.9300789833
20180524112800,340124.99999999994,340244.4192767143
20180524112900,340375.0,340118.051469326
20180524113000,340375.0,340196.99716567993
20180524113100,340250.0,340312.8718137741
20180524113200,340250.0,340244.4192767143
20180524113300,340250.0,340186.4885687828
20180524113400,340250.0,340186.4885687828
20180524113500,340250.0,340186.4885687828
20180524113600,340375.0,340186.4885687828
20180524113700,340250.0,340254.9300789833
20180524113800,340250.0,340244.4192767143
20180524113900,340124.99999999994,340186.4885687828
20180524114000,340250.0,340118.051469326
20180524114100,340250.0,340128.56006622314
20180524114200,340250.0,340186.4885687828
20180524114300,340250.0,340186.4885687828
20180524114400,340375.0,340186.4885687828
20180524114500,340250.0,340254.9300789833
20180524114600,340250.0,340244.4192767143
20180524114700,340375.0,340186.4885687828
20180524114800,340124.99999999994,340254.9300789833
20180524114900,340250.0,340175.97115039825
20180524115000,340250.0,340128.56006622314
20180524115100,340250.0,340186.4885687828
20180524115200,340499.99999999994,340186.4885687828
20180524115300,340750.0,340323.3870267868
20180524115400,340875.00000000006,340576.2240886688
20180524115500,340750.0,340760.6328725815
20180524115600,340625.0,340750.0911951065
20180524115700,340750.0,340623.6461997032
20180524115800,340750.0,340634.1812610626
20180524115900,340625.0,340692.13622808456
20180524120000,340625.0,340623.6461997032
20180524120100,340875.00000000006,340565.695643425
20180524120200,340750.0,340702.6734948158
20180524120300,340750.0,340750.0911951065
20180524120400,340625.0,340692.13622808456
20180524120500,340625.0,340623.6461997032
20180524120600,340750.0,340565.695643425
20180524120700,340750.0,340634.1812610626
20180524120800,340375.0,340692.13622808456
20180524120900,340375.0,340486.67937517166
20180524121000,340750.0,340312.8718137741
20180524121100,340875.00000000006,340518.266916275
20180524121200,340875.00000000006,340760.6328725815
20180524121300,340875.00000000006,340818.59666109085
20180524121400,340875.00000000006,340818.59666109085
20180524121500,340750.0,340818.59666109085
20180524121600,340875.00000000006,340750.0911951065
20180524121700,340750.0,340760.6328725815
20180524121800,340875.00000000006,340750.0911951065
20180524121900,340750.0,340760.6328725815
20180524122000,340875.00000000006,340750.0911951065
20180524122100,340875.00000000006,340760.6328725815
20180524122200,340750.0,340818.59666109085
20180524122300,340625.0,340750.0911951065
20180524122400,340750.0,340623.6461997032
20180524122500,340750.0,340634.1812610626
20180524122600,340750.0,340692.13622808456
20180524122700,340750.0,340692.13622808456
20180524122800,340625.0,340692.13622808456
20180524122900,340625.0,340623.6461997032
20180524123000,340750.0,340565.695643425
20180524123100,340750.0,340634.1812610626
20180524123200,340625.0,340692.13622808456
20180524123300,340625.0,340623.6461997032
20180524123400,340750.0,340565.695643425
20180524123500,340625.0,340634.1812610626
20180524123600,340750.0,340623.6461997032
20180524123700,340625.0,340634.1812610626
20180524123800,340375.0,340623.6461997032
20180524123900,340124.99999999994,340428.74425649643
20180524124000,340250.0,340175.97115039825
20180524124100,340625.0,340128.56006622314
20180524124200,340499.99999999994,340391.848385334
20180524124300,340750.0,340497.2166419029
20180524124400,340625.0,340576.2240886688
20180524124500,340750.0,340623.6461997032
20180524124600,340625.0,340634.1812610626
20180524124700,340124.99999999994,340623.6461997032
20180524124800,340250.0,340291.821539402
20180524124900,340250.0,340128.56006622314
20180524125000,340250.0,340186.4885687828
20180524125100,340250.0,340186.4885687828
20180524125200,340124.99999999994,340186.4885687828
20180524125300,340250.0,340118.051469326
20180524125400,340375.0,340128.56006622314
20180524125500,340124.99999999994,340254.9300789833
20180524125600,340124.99999999994,340175.97115039825
20180524125700,340250.0,340060.1251721382
20180524125800,340250.0,340128.56006622314
20180524125900,340375.0,340186.4885687828
20180524130000,340875.00000000006,340254.9300789833
20180524130100,340750.0,340586.7415070534
20180524130200,340875.00000000006,340750.0911951065
20180524130300,341375.0,340760.6328725815
20180524130400,341125.0,341092.68468618393
20180524130500,341125.0,341187.5156760216
20180524130600,341250.00000000006,341071.570456028
20180524130700,341250.00000000006,341140.1090025902
20180524130800,341375.0,341198.08822870255
20180524130900,341750.0,341266.63559675217
20180524131000,341750.0,341530.32088279724
20180524131100,341375.0,341704.3203115463
20180524131200,341000.0,341498.56573343277
20180524131300,340625.0,341118.97271871567
20180524131400,340625.0,340739.5406961441
20180524131500,340875.00000000006,340565.695643425
20180524131600,340750.0,340702.6734948158
20180524131700,340750.0,340750.0911951065
20180524131800,340875.00000000006,340692.13622808456
20180524131900,341250.00000000006,340760.6328725815
20180524132000,340750.0,341024.15055036545
20180524132100,340750.0,340923.95609617233
20180524132200,340499.99999999994,340692.13622808456
20180524132300,340375.0,340555.16278743744
20180524132400,340124.99999999994,340370.80693244934
20180524132500,340124.99999999994,340175.97115039825
20180524132600,340250.0,340060.1251721382
20180524132700,340499.99999999994,340128.56006622314
20180524132800,340750.0,340323.3870267868
20180524132900,340875.00000000006,340576.2240886688
20180524133000,340499.99999999994,340760.6328725815
20180524133100,340124.99999999994,340613.0979061127
20180524133200,340250.0,340233.8996529579
20180524133300,340375.0,340128.56006622314
20180524133400,340499.99999999994,340254.9300789833
20180524133500,340750.0,340381.3287615776
20180524133600,340750.0,340576.2240886688
20180524133700,340750.0,340692.13622808456
20180524133800,340750.0,340692.13622808456
20180524133900,340875.00000000006,340692.13622808456
20180524134000,340750.0,340760.6328725815
20180524134100,340750.0,340750.0911951065
20180524134200,340750.0,340692.13622808456
20180524134300,340875.00000000006,340692.13622808456
20180524134400,340750.0,340760.6328725815
20180524134500,340750.0,340750.0911951065
20180524134600,340750.0,340692.13622808456
20180524134700,340875.00000000006,340692.13622808456
20180524134800,341125.0,340760.6328725815
20180524134900,340875.00000000006,340955.62303066254
20180524135000,341000.0,340934.51541662216
20180524135100,340875.00000000006,340887.10874319077
20180524135200,340875.00000000006,340876.55383348465
20180524135300,340750.0,340818.59666109085
20180524135400,340875.00000000006,340750.0911951065
20180524135500,340750.0,340760.6328725815
20180524135600,340750.0,340750.0911951065
20180524135700,340750.0,340692.13622808456
20180524135800,340875.00000000006,340692.13622808456
20180524135900,341000.0,340760.6328725815
20180524140000,341250.00000000006,340887.10874319077
20180524140100,341625.0,341082.13198184967
20180524140200,341500.0,341403.75238657
20180524140300,341125.0,341509.15813446045
20180524140400,341750.0,341245.4860806465
20180524140500,341875.0,341414.31391239166
20180524140600,342000.0,341772.91399240494
20180524140700,342125.0,341899.5243906975
20180524140800,342250.0,342026.1524319649
20180524140900,342250.0,342152.7892947197
20180524141000,342000.0,342210.80380678177
20180524141100,342250.0,342073.5436677933
20180524141200,342250.0,342094.77257728577
20180524141300,342375.0,342210.80380678177
20180524141400,342250.0,342279.4438004494
20180524141500,342375.0,342268.82272958755
20180524141600,342500.0,342279.4438004494
20180524141700,342125.0,342406.1159491539
20180524141800,342125.0,342258.1884264946
20180524141900,342250.0,342084.16253328323
20180524142000,342250.0,342152.7892947197
20180524142100,342375.0,342210.80380678177
20180524142200,342250.0,342279.4438004494
20180524142300,342000.0,342268.82272958755
20180524142400,341500.0,342073.5436677933
20180524142500,341375.0,341683.11566114426
20180524142600,341250.00000000006,341382.6028704643
20180524142700,341500.0,341256.0674548149
20180524142800,341750.0,341335.1873755455
20180524142900,341750.0,341588.3199572563
20180524143000,341500.0,341704.3203115463
20180524143100,341750.0,341567.1439766884
20180524143200,341500.0,341588.3199572563
20180524143300,341750.0,341567.1439766884
20180524143400,341875.0,341588.3199572563
20180524143500,341625.0,341772.91399240494
20180524143600,341500.0,341693.7190890312
20180524143700,341625.0,341509.15813446045
20180524143800,341750.0,341519.74391937256
20180524143900,341625.0,341646.32123708725
20180524144000,341625.0,341635.7310414314
20180524144100,341500.0,341577.7341723442
20180524144200,341500.0,341509.15813446045
20180524144300,341625.0,341451.1678814888
20180524144400,341875.0,341519.74391937256
20180524144500,341500.0,341714.912712574
20180524144600,341750.0,341625.1320242882
20180524144700,342250.0,341588.3199572563
20180524144800,342000.0,341978.73693704605
20180524144900,341750.0,342073.5436677933
20180524145000,341875.0,341820.3118443489
20180524145100,341875.0,341772.91399240494
20180524145200,341875.0,341830.9174776077
20180524145300,342250.0,341830.9174776077
20180524145400,342375.0,342036.75585985184
20180524145500,342250.0,342279.4438004494
20180524145600,342250.0,342268.82272958755
20180524145700,342500.0,342210.80380678177
20180524145800,342625.0,342348.0926156044
20180524145900,342875.0,342532.80133008957
20180524150000,342625.0,342728.17301750183
20180524150100,342250.0,342706.8735361099
20180524150200,342375.0,342384.8429322243
20180524150300,342750.0,342279.4438004494
20180524150400,342750.0,342543.4268116951
20180524150500,342375.0,342717.52548217773
20180524150600,342000.0,342511.5150809288
20180524150700,342000.0,342131.54715299606
20180524150800,341750.0,341957.532286644
20180524150900,342250.0,341820.3118443489
20180524151000,342250.0,341978.73693704605
20180524151100,342125.0,342210.80380678177
20180524151200,342125.0,342142.1726346016
20180524151300,342250.0,342084.16253328323
20180524151400,342125.0,342152.7892947197
20180524151500,342250.0,342142.1726346016
20180524151600,342125.0,342152.7892947197
20180524151700,341875.0,342142.1726346016
20180524151800,341625.0,341946.9244480133
20180524151900,341875.0,341693.7190890312
20180524153000,342500.0,341714.912712574
20180524153500,342500.0,342174.00938272476
20180525090000,343250.0,342464.1392827034
20180525090100,342875.0,342876.1733174324
20180525090200,342000.0,343018.3271765709
20180525090300,340625.0,342363.54345083237
20180525090400,339625.0,341203.1120657921
20180525090500,339625.0,340018.0599093437
20180525090600,339750.0,339554.8965334892
20180525090700,339750.0,339623.26967716217
20180525090800,339875.0,339681.17171525955
20180525090900,339250.0,339749.5558857918
20180525091000,339250.0,339465.56574106216
20180525091100,339125.0,339176.20331048965
20180525091200,339250.0,339107.8853011131
20180525091300,339625.0,339118.3343529701
20180525091400,340375.0,339381.2146782875
20180525091500,340250.0,339965.25007486343
20180525091600,340375.0,340244.4192767143
20180525091700,340750.0,340254.9300789833
20180525091800,340625.0,340518.266916275
20180525091900,340000.0,340623.6461997032
20180525092000,339500.0,340223.3712077141
20180525092100,339750.0,339660.1942181587
20180525092200,339500.0,339565.3676390648
20180525092300,339625.0,339544.4188117981
20180525092400,339625.0,339497.0011115074
20180525092500,339625.0,339554.8965334892
20180525092600,339750.0,339554.8965334892
20180525092700,339875.0,339623.26967716217
20180525092800,339750.0,339749.5558857918
20180525092900,339750.0,339739.07375335693
20180525093000,339500.0,339681.17171525955
20180525093100,339875.0,339544.4188117981
20180525093200,339625.0,339633.74078273773
20180525093300,339625.0,339670.685172081
20180525093400,339750.0,339554.8965334892
20180525093500,339750.0,339623.26967716217
20180525093600,339625.0,339681.17171525955
20180525093700,339625.0,339612.79195547104
20180525093800,339750.0,339554.8965334892
20180525093900,339750.0,339623.26967716217
20180525094000,339250.0,339681.17171525955
20180525094100,339500.0,339407.6923727989
20180525094200,339875.0,339312.8702044487
20180525094300,339750.0,339633.74078273773
20180525094400,339625.0,339739.07375335693
20180525094500,339500.0,339612.79195547104
20180525094600,339750.0,339486.53000593185
20180525094700,339750.0,339565.3676390648
20180525094800,339750.0,339681.17171525955
20180525094900,339750.0,339681.17171525955
20180525095000,339750.0,339681.17171525955
20180525095100,339500.0,339681.17171525955
20180525095200,339500.0,339544.4188117981
20180525095300,339750.0,339428.6412000656
20180525095400,339750.0,339565.3676390648
20180525095500,339750.0,339681.17171525955
20180525095600,339750.0,339681.17171525955
20180525095700,339000.0,339681.17171525955
20180525095800,339125.0,339270.9990143776
20180525095900,339125.0,338992.1562075615
20180525100000,339250.0,339050.02295970917
20180525100100,339125.0,339118.3343529701
20180525100200,339000.0,339107.8853011131
20180525100300,338375.0,338981.7159771919
20180525100400,338125.0,338582.499563694
20180525100500,338000.0,338157.03040361404
20180525100600,337750.0,337973.2766151428
20180525100700,337375.0,337779.19286489487
20180525100800,336875.0,337459.3411684036
20180525100900,337250.0,337013.9442682266
20180525101000,337875.0,336987.2173666954
20180525101100,337750.0,337500.74261426926
20180525101200,337875.0,337721.43417596817
20180525101300,337750.0,337731.80162906647
20180525101400,337500.0,337721.43417596817
20180525101500,337750.0,337527.4430513382
20180525101600,337625.0,337548.15369844437
20180525101700,337625.0,337595.55155038834
20180525101800,337625.0,337537.7994775772
20180525101900,337875.0,337537.7994775772
20180525102000,337750.0,337674.02970790863
20180525102100,337750.0,337721.43417596817
20180525102200,337625.0,337663.67107629776
20180525102300,337625.0,337595.55155038834
20180525102400,337625.0,337537.7994775772
20180525102500,337625.0,337537.7994775772
20180525102600,337750.0,337537.7994775772
20180525102700,337750.0,337605.91238737106
20180525102800,337750.0,337663.67107629776
20180525102900,337375.0,337663.67107629776
20180525103000,337375.0,337459.3411684036
20180525103100,337000.0,337286.1422896385
20180525103200,336750.0,337081.98219537735
20180525103300,336750.0,336772.8794813156
20180525103400,337000.0,336657.5319170952
20180525103500,337375.0,336793.49970817566
20180525103600,337750.0,337112.96766996384
20180525103700,337125.0,337490.3972148895
20180525103800,337375.0,337323.17048311234
20180525103900,337250.0,337170.6910729408
20180525104000,337250.0,337218.08010339737
20180525104100,337250.0,337160.3611111641
20180525104200,337250.0,337160.3611111641
20180525104300,337250.0,337160.3611111641
20180525104400,337375.0,337160.3611111641
20180525104500,337375.0,337228.41888666153
20180525104600,337125.0,337286.1422896385
20180525104700,337375.0,337150.02673864365
20180525104800,337250.0,337170.6910729408
20180525104900,337375.0,337218.08010339737
20180525105000,337250.0,337228.41888666153
20180525105100,337375.0,337218.08010339737
20180525105200,337250.0,337228.41888666153
20180525105300,337125.0,337218.08010339737
20180525105400,337250.0,337092.3165678978
20180525105500,337375.0,337102.64652967453
20180525105600,337375.0,337228.41888666153
20180525105700,337375.0,337286.1422896385
20180525105800,337250.0,337286.1422896385
20180525105900,337250.0,337218.08010339737
20180525110000,337375.0,337160.3611111641
20180525110100,337250.0,337228.41888666153
20180525110200,337125.0,337218.08010339737
20180525110300,337375.0,337092.3165678978
20180525110400,337250.0,337170.6910729408
20180525110500,337375.0,337218.08010339737
20180525110600,337125.0,337228.41888666153
20180525110700,337375.0,337150.02673864365
20180525110800,337375.0,337170.6910729408
20180525110900,337250.0,337286.1422896385
20180525111000,337375.0,337218.08010339737
20180525111100,337250.0,337228.41888666153
20180525111200,337875.0,337218.08010339737
20180525111300,338375.0,337500.74261426926
20180525111400,338375.0,338062.2082352638
20180525111500,338375.0,338293.437063694
20180525111600,338250.0,338293.437063694
20180525111700,338250.0,338225.2293229103
20180525111800,338250.0,338167.4309372902
20180525111900,338125.0,338167.4309372902
20180525112000,337750.0,338099.24083948135
20180525112100,338000.0,337836.960375309
20180525112200,338375.0,337799.93438720703
20180525112300,338125.0,338120.01544237137
20180525112400,338125.0,338157.03040361404
20180525112500,338125.0,338041.44686460495
20180525112600,338250.0,338041.44686460495
20180525112700,338250.0,338109.62814092636
20180525112800,338375.0,338167.4309372902
20180525112900,338250.0,338235.6276512146
20180525113000,338250.0,338225.2293229103
20180525113100,338375.0,338167.4309372902
20180525113200,338250.0,338235.6276512146
20180525113300,338375.0,338225.2293229103
20180525113400,338250.0,338235.6276512146
20180525113500,338250.0,338225.2293229103
20180525113600,338250.0,338167.4309372902
20180525113700,338250.0,338167.4309372902
20180525113800,338375.0,338167.4309372902
20180525113900,338250.0,338235.6276512146
20180525114000,338250.0,338225.2293229103
20180525114100,338375.0,338167.4309372902
20180525114200,338125.0,338235.6276512146
20180525114300,338250.0,338157.03040361404
20180525114400,338375.0,338109.62814092636
20180525114500,338375.0,338235.6276512146
20180525114600,338375.0,338293.437063694
20180525114700,338375.0,338293.437063694
20180525114800,338250.0,338293.437063694
20180525114900,338250.0,338225.2293229103
20180525115000,338125.0,338167.4309372902
20180525115100,338375.0,338099.24083948135
20180525115200,338125.0,338177.8182387352
20180525115300,338250.0,338157.03040361404
20180525115400,338375.0,338109.62814092636
20180525115500,338375.0,338235.6276512146
20180525115600,338375.0,338293.437063694
20180525115700,338250.0,338293.437063694
20180525115800,338375.0,338225.2293229103
20180525115900,338250.0,338235.6276512146
20180525120000,338250.0,338225.2293229103
20180525120100,338125.0,338167.4309372902
20180525120200,338375.0,338099.24083948135
20180525120300,338375.0,338177.8182387352
20180525120400,338250.0,338293.437063694
20180525120500,338125.0,338225.2293229103
20180525120600,338250.0,338099.24083948135
20180525120700,338250.0,338109.62814092636
20180525120800,338250.0,338167.4309372902
20180525120900,338375.0,338167.4309372902
20180525121000,338375.0,338235.6276512146
20180525121100,338375.0,338293.437063694
20180525121200,338125.0,338293.437063694
20180525121300,338250.0,338157.03040361404
20180525121400,338375.0,338109.62814092636
20180525121500,338375.0,338235.6276512146
20180525121600,338125.0,338293.437063694
20180525121700,338125.0,338157.03040361404
20180525121800,338000.0,338041.44686460495
20180525121900,337875.0,337973.2766151428
20180525122000,337875.0,337847.3410606384
20180525122100,337750.0,337789.57134485245
20180525122200,337750.0,337721.43417596817
20180525122300,337625.0,337663.67107629776
20180525122400,337875.0,337595.55155038834
20180525122500,337750.0,337674.02970790863
20180525122600,337625.0,337721.43417596817
20180525122700,337875.0,337595.55155038834
20180525122800,337875.0,337674.02970790863
20180525122900,337625.0,337789.57134485245
20180525123000,337750.0,337653.3058285713
20180525123100,337875.0,337605.91238737106
20180525123200,337875.0,337731.80162906647
20180525123300,337750.0,337789.57134485245
20180525123400,337750.0,337721.43417596817
20180525123500,337750.0,337663.67107629776
20180525123600,337750.0,337663.67107629776
20180525123700,337875.0,337663.67107629776
20180525123800,337875.0,337731.80162906647
20180525123900,337750.0,337789.57134485245
20180525124000,337750.0,337721.43417596817
20180525124100,337750.0,337663.67107629776
20180525124200,337750.0,337663.67107629776
20180525124300,337750.0,337663.67107629776
20180525124400,337750.0,337663.67107629776
20180525124500,337375.0,337663.67107629776
20180525124600,337250.0,337459.3411684036
20180525124700,337250.0,337218.08010339737
20180525124800,337375.0,337160.3611111641
20180525124900,337375.0,337228.41888666153
20180525125000,337250.0,337286.1422896385
20180525125100,337125.0,337218.08010339737
20180525125200,337375.0,337092.3165678978
20180525125300,337250.0,337170.6910729408
20180525125400,337250.0,337218.08010339737
20180525125500,337250.0,337160.3611111641
20180525125600,337375.0,337160.3611111641
20180525125700,337250.0,337228.41888666153
20180525125800,337125.0,337218.08010339737
20180525125900,337250.0,337092.3165678978
20180525130000,337125.0,337102.64652967453
20180525130100,337375.0,337092.3165678978
20180525130200,337250.0,337170.6910729408
20180525130300,337250.0,337218.08010339737
20180525130400,337250.0,337160.3611111641
20180525130500,337375.0,337160.3611111641
20180525130600,337250.0,337228.41888666153
20180525130700,337250.0,337218.08010339737
20180525130800,337250.0,337160.3611111641
20180525130900,337375.0,337160.3611111641
20180525131000,337375.0,337228.41888666153
20180525131100,337375.0,337286.1422896385
20180525131200,337250.0,337286.1422896385
20180525131300,337375.0,337218.08010339737
20180525131400,337125.0,337228.41888666153
20180525131500,337375.0,337150.02673864365
20180525131600,337375.0,337170.6910729408
20180525131700,337875.0,337286.1422896385
20180525131800,337750.0,337558.5035085678
20180525131900,337875.0,337721.43417596817
20180525132000,337750.0,337731.80162906647
20180525132100,337875.0,337721.43417596817
20180525132200,337875.0,337731.80162906647
20180525132300,338250.0,337789.57134485245
20180525132400,338750.0,337994.04019117355
20180525132500,338625.0,338440.2795433998
20180525132600,338875.0,338603.35797071457
20180525132700,338750.0,338682.03461170197
20180525132800,338750.0,338729.45231199265
20180525132900,338750.0,338671.6142296791
20180525133000,338750.0,338671.6142296791
20180525133100,338250.0,338671.6142296791
20180525133200,338375.0,338398.6421227455
20180525133300,338250.0,338235.6276512146
20180525133400,338375.0,338225.2293229103
20180525133500,338375.0,338235.6276512146
20180525133600,338375.0,338293.437063694
20180525133700,338250.0,338293.437063694
20180525133800,338375.0,338225.2293229103
20180525133900,338125.0,338235.6276512146
20180525134000,337750.0,338157.03040361404
20180525134100,337750.0,337836.960375309
20180525134200,337750.0,337663.67107629776
20180525134300,337625.0,337663.67107629776
20180525134400,337750.0,337595.55155038834
20180525134500,337875.0,337605.91238737106
20180525134600,337875.0,337731.80162906647
20180525134700,337750.0,337789.57134485245
20180525134800,337875.0,337721.43417596817
20180525134900,337875.0,337731.80162906647
20180525135000,337875.0,337789.57134485245
20180525135100,337875.0,337789.57134485245
20180525135200,337750.0,337789.57134485245
20180525135300,337625.0,337721.43417596817
20180525135400,337875.0,337595.55155038834
20180525135500,337750.0,337674.02970790863
20180525135600,337750.0,337721.43417596817
20180525135700,337875.0,337663.67107629776
20180525135800,337750.0,337731.80162906647
20180525135900,337625.0,337721.43417596817
20180525140000,337875.0,337595.55155038834
20180525140100,337625.0,337674.02970790863
20180525140200,337875.0,337653.3058285713
20180525140300,337875.0,337674.02970790863
20180525140400,337625.0,337789.57134485245
20180525140500,337250.0,337653.3058285713
20180525140600,337125.0,337333.52249860764
20180525140700,337125.0,337092.3165678978
20180525140800,337125.0,337034.60639715195
20180525140900,337125.0,337034.60639715195
20180525141000,337375.0,337034.60639715195
20180525141100,337000.0,337170.6910729408
20180525141200,336750.0,337081.98219537735
20180525141300,336750.0,336772.8794813156
20180525141400,336750.0,336657.5319170952
20180525141500,336875.0,336657.5319170952
20180525141600,336875.0,336725.5102992058
20180525141700,336875.0,336783.19400548935
20180525141800,336875.0,336783.19400548935
20180525141900,336750.0,336783.19400548935
20180525142000,336750.0,336715.20459651947
20180525142100,336625.00000000006,336657.5319170952
20180525142200,336875.0,336589.562356472
20180525142300,336875.0,336667.8310036659
20180525142400,336875.0,336783.19400548935
20180525142500,336625.00000000006,336783.19400548935
20180525142600,336750.0,336647.2262144089
20180525142700,336625.00000000006,336599.86144304276
20180525142800,336875.0,336589.562356472
20180525142900,336625.00000000006,336667.8310036659
20180525143000,336625.00000000006,336647.2262144089
20180525143100,336875.0,336531.900703907
20180525143200,336750.0,336667.8310036659
20180525143300,336875.0,336715.20459651947
20180525143400,336875.0,336725.5102992058
20180525143500,336750.0,336783.19400548935
20180525143600,337375.0,336715.20459651947
20180525143700,337875.0,336997.5296854973
20180525143800,337875.0,337558.5035085678
20180525143900,337750.0,337789.57134485245
20180525144000,337750.0,337721.43417596817
20180525144100,337750.0,337663.67107629776
20180525144200,337750.0,337663.67107629776
20180525144300,337750.0,337663.67107629776
20180525144400,337875.0,337663.67107629776
20180525144500,337625.0,337731.80162906647
20180525144600,337875.0,337653.3058285713
20180525144700,337750.0,337674.02970790863
20180525144800,337750.0,337721.43417596817
20180525144900,337875.0,337663.67107629776
20180525145000,337875.0,337731.80162906647
20180525145100,337750.0,337789.57134485245
20180525145200,337750.0,337721.43417596817
20180525145300,337750.0,337663.67107629776
20180525145400,337250.0,337663.67107629776
20180525145500,337125.0,337391.25031232834
20180525145600,336625.00000000006,337092.3165678978
20180525145700,336750.0,336762.56054639816
20180525145800,336750.0,336599.86144304276
20180525145900,336750.0,336657.5319170952
20180525150000,336750.0,336657.5319170952
20180525150100,336875.0,336657.5319170952
20180525150200,336625.00000000006,336725.5102992058
20180525150300,337125.0,336647.2262144089
20180525150400,337250.0,336803.80541086197
20180525150500,337125.0,337102.64652967453
20180525150600,337125.0,337092.3165678978
20180525150700,337375.0,337034.60639715195
20180525150800,337375.0,337170.6910729408
20180525150900,337250.0,337286.1422896385
20180525151000,337250.0,337218.08010339737
20180525151100,337125.0,337160.3611111641
20180525151200,337375.0,337092.3165678978
20180525151300,337250.0,337170.6910729408
20180525151400,337375.0,337218.08010339737
20180525151500,337375.0,337228.41888666153
20180525151600,337125.0,337286.1422896385
20180525151700,337250.0,337150.02673864365
20180525151800,337250.0,337102.64652967453
20180525151900,337375.0,337160.3611111641
20180525153000,337000.0,337228.41888666153
20180525153500,337000.0,337081.98219537735
20180528090000,339000.0,336908.8869690895
20180528090100,339500.0,337998.33846092224
20180528090200,339000.0,339197.10141420364
20180528090300,339875.0,339155.2831530571
20180528090400,340124.99999999994,339402.1127820015
20180528090500,340750.0,339944.2769885063
20180528090600,341250.00000000006,340402.3547768593
20180528090700,340625.0,340966.1691188812
20180528090800,339750.0,340855.43739795685
20180528090900,338875.0,340086.4881873131
20180528091000,338875.0,339202.6677727699
20180528091100,338750.0,338797.73062467575
20180528091200,339125.0,338729.45231199265
20180528091300,339375.0,338876.4359354973
20180528091400,340375.0,339186.6545677185
20180528091500,341125.0,339849.3732213974
20180528091600,341125.0,340723.7237691879
20180528091700,341250.00000000006,341071.570456028
20180528091800,341250.00000000006,341140.1090025902
20180528091900,341000.0,341198.08822870255
20180528092000,341375.0,341061.0089302063
20180528092100,341250.00000000006,341150.66832304
20180528092200,341000.0,341256.0674548149
20180528092300,341250.00000000006,341061.0089302063
20180528092400,341125.0,341082.13198184967
20180528092500,341125.0,341129.5474767685
20180528092600,341000.0,341071.570456028
20180528092700,341375.0,341003.0407309532
20180528092800,341125.0,341150.66832304
20180528092900,340875.00000000006,341187.5156760216
20180528093000,340499.99999999994,340934.51541662216
20180528093100,340750.0,340613.0979061127
20180528093200,340625.0,340576.2240886688
20180528093300,340625.0,340623.6461997032
20180528093400,340375.0,340565.695643425
20180528093500,340499.99999999994,340428.74425649643
20180528093600,340250.0,340381.3287615776
20180528093700,339125.0,340302.3521900177
20180528093800,339250.0,339570.80829143524
20180528093900,339000.0,339118.3343529701
20180528094000,339250.0,339039.5717024803
20180528094100,339875.0,339060.4609847069
20180528094200,339250.0,339517.9256796837
20180528094300,338250.0,339465.56574106216
20180528094400,337875.0,338629.8709511757
20180528094500,338000.0,337962.88710832596
20180528094600,338250.0,337857.71733522415
20180528094700,337875.0,338051.83416604996
20180528094800,337875.0,337962.88710832596
20180528094900,338375.0,337789.57134485245
20180528095000,338000.0,338062.2082352638
20180528095100,338125.0,338088.8469219208
20180528095200,338375.0,337983.661711216
20180528095300,338250.0,338177.8182387352
20180528095400,337875.0,338225.2293229103
20180528095500,337875.0,337962.88710832596
20180528095600,338250.0,337789.57134485245
20180528095700,338000.0,337994.04019117355
20180528095800,338250.0,338031.05956315994
20180528095900,337750.0,338051.83416604996
20180528100000,338125.0,337894.72568035126
20180528100100,337500.0,337868.08478832245
20180528100200,337500.0,337700.677216053
20180528100300,337250.0,337411.9565486908
20180528100400,337125.0,337275.80350637436
20180528100500,337375.0,337092.3165678978
20180528100600,337625.0,337170.6910729408
20180528100700,337750.0,337422.3019480705
20180528100800,337625.0,337605.91238737106
20180528100900,337750.0,337595.55155038834
20180528101000,337500.0,337605.91238737106
20180528101100,337625.0,337527.4430513382
20180528101200,337750.0,337480.0474047661
20180528101300,337750.0,337605.91238737106
20180528101400,337750.0,337663.67107629776
20180528101500,337750.0,337663.67107629776
20180528101600,337625.0,337663.67107629776
20180528101700,337625.0,337595.55155038834
20180528101800,337875.0,337537.7994775772
20180528101900,337500.0,337674.02970790863
20180528102000,337750.0,337585.1863026619
20180528102100,338000.0,337548.15369844437
20180528102200,338125.0,337799.93438720703
20180528102300,338375.0,337983.661711216
20180528102400,338250.0,338177.8182387352
20180528102500,338375.0,338225.2293229103
20180528102600,338000.0,338235.6276512146
20180528102700,338250.0,338088.8469219208
20180528102800,338375.0,338051.83416604996
20180528102900,338250.0,338235.6276512146
20180528103000,338000.0,338225.2293229103
20180528103100,338125.0,338031.05956315994
20180528103200,338250.0,337983.661711216
20180528103300,338250.0,338109.62814092636
20180528103400,338000.0,338167.4309372902
20180528103500,338500.0,338031.05956315994
20180528103600,338250.0,338188.2055401802
20180528103700,338125.0,338283.03653001785
20180528103800,338125.0,338099.24083948135
20180528103900,338250.0,338041.44686460495
20180528104000,338875.0,338109.62814092636
20180528104100,338750.0,338508.5137486458
20180528104200,339000.0,338729.45231199265
20180528104300,338875.0,338808.1576228142
20180528104400,338750.0,338855.573117733
20180528104500,338750.0,338729.45231199265
20180528104600,338625.0,338671.6142296791
20180528104700,338625.0,338603.35797071457
20180528104800,338500.0,338545.52870988846
20180528104900,338750.0,338477.29229927063
20180528105000,338625.0,338555.94688653946
20180528105100,338750.0,338603.35797071457
20180528105200,338625.0,338613.7805581093
20180528105300,338750.0,338603.35797071457
20180528105400,338625.0,338613.7805581093
20180528105500,338750.0,338603.35797071457
20180528105600,338750.0,338613.7805581093
20180528105700,338875.0,338671.6142296791
20180528105800,339000.0,338739.88151550293
20180528105900,339125.0,338866.00893735886
20180528110000,339125.0,338992.1562075615
20180528110100,339125.0,339050.02295970917
20180528110200,339250.0,339050.02295970917
20180528110300,339250.0,339118.3343529701
20180528110400,339250.0,339176.20331048965
20180528110500,339000.0,339176.20331048965
20180528110600,338750.0,339039.5717024803
20180528110700,338750.0,338787.2948050499
20180528110800,338875.0,338671.6142296791
20180528110900,338750.0,338739.88151550293
20180528111000,338750.0,338729.45231199265
20180528111100,338750.0,338671.6142296791
20180528111200,338750.0,338671.6142296791
20180528111300,338750.0,338671.6142296791
20180528111400,338750.0,338671.6142296791
20180528111500,338750.0,338671.6142296791
20180528111600,338375.0,338671.6142296791
20180528111700,338250.0,338466.8719172478
20180528111800,338250.0,338225.2293229103
20180528111900,338250.0,338167.4309372902
20180528112000,338375.0,338167.4309372902
20180528112100,338625.0,338235.6276512146
20180528112200,338875.0,338429.87900972366
20180528112300,338875.0,338682.03461170197
20180528112400,338875.0,338797.73062467575
20180528112500,339125.0,338797.73062467575
20180528112600,339250.0,338934.2960715294
20180528112700,339250.0,339118.3343529701
20180528112800,339375.0,339176.20331048965
20180528112900,339125.0,339244.5345520973
20180528113000,339125.0,339165.74543714523
20180528113100,339375.0,339050.02295970917
20180528113200,339250.0,339186.6545677185
20180528113300,339250.0,339234.0766787529
20180528113400,339250.0,339176.20331048965
20180528113500,339375.0,339176.20331048965
20180528113600,339375.0,339244.5345520973
20180528113700,339375.0,339302.40792036057
20180528113800,339250.0,339302.40792036057
20180528113900,339000.0,339234.0766787529
20180528114000,339250.0,339039.5717024803
20180528114100,339375.0,339060.4609847069
20180528114200,339125.0,339244.5345520973
20180528114300,339250.0,339165.74543714523
20180528114400,339250.0,339118.3343529701
20180528114500,339250.0,339176.20331048965
20180528114600,339500.0,339176.20331048965
20180528114700,339250.0,339312.8702044487
20180528114800,339375.0,339291.95004701614
20180528114900,339500.0,339244.5345520973
20180528115000,339250.0,339370.7568049431
20180528115100,339250.0,339291.95004701614
20180528115200,339000.0,339176.20331048965
20180528115300,339375.0,339039.5717024803
20180528115400,339375.0,339128.7789940834
20180528115500,339250.0,339302.40792036057
20180528115600,339250.0,339234.0766787529
20180528115700,339250.0,339176.20331048965
20180528115800,339250.0,339176.20331048965
20180528115900,339000.0,339176.20331048965
20180528120000,339125.0,339039.5717024803
20180528120100,339375.0,338992.1562075615
20180528120200,339750.0,339186.6545677185
20180528120300,339500.0,339507.46339559555
20180528120400,339625.0,339544.4188117981
20180528120500,339500.0,339497.0011115074
20180528120600,339625.0,339486.53000593185
20180528120700,339625.0,339497.0011115074
20180528120800,339875.0,339554.8965334892
20180528120900,339625.0,339691.65164232254
20180528121000,339625.0,339670.685172081
20180528121100,339875.0,339554.8965334892
20180528121200,339750.0,339691.65164232254
20180528121300,339875.0,339739.07375335693
20180528121400,339875.0,339749.5558857918
20180528121500,339875.0,339807.46454000473
20180528121600,339750.0,339807.46454000473
20180528121700,340000.0,339739.07375335693
20180528121800,339750.0,339817.95328855515
20180528121900,339875.0,339796.9757914543
20180528122000,339750.0,339749.5558857918
20180528122100,339750.0,339739.07375335693
20180528122200,339750.0,339681.17171525955
20180528122300,339625.0,339681.17171525955
20180528122400,339875.0,339612.79195547104
20180528122500,339750.0,339691.65164232254
20180528122600,339875.0,339739.07375335693
20180528122700,339625.0,339749.5558857918
20180528122800,339750.0,339670.685172081
20180528122900,339625.0,339623.26967716217
20180528123000,339750.0,339612.79195547104
20180528123100,339750.0,339623.26967716217
20180528123200,339875.0,339681.17171525955
20180528123300,339625.0,339749.5558857918
20180528123400,339875.0,339670.685172081
20180528123500,339750.0,339691.65164232254
20180528123600,339750.0,339739.07375335693
20180528123700,339750.0,339681.17171525955
20180528123800,339625.0,339681.17171525955
20180528123900,339750.0,339612.79195547104
20180528124000,339750.0,339623.26967716217
20180528124100,339875.0,339681.17171525955
20180528124200,339625.0,339749.5558857918
20180528124300,339625.0,339670.685172081
20180528124400,339750.0,339554.8965334892
20180528124500,339750.0,339623.26967716217
20180528124600,339750.0,339681.17171525955
20180528124700,339750.0,339681.17171525955
20180528124800,339625.0,339681.17171525955
20180528124900,339625.0,339612.79195547104
20180528125000,339750.0,339554.8965334892
20180528125100,339625.0,339623.26967716217
20180528125200,339750.0,339612.79195547104
20180528125300,339750.0,339623.26967716217
20180528125400,339750.0,339681.17171525955
20180528125500,339750.0,339681.17171525955
20180528125600,339625.0,339681.17171525955
20180528125700,339750.0,339612.79195547104
20180528125800,339875.0,339623.26967716217
20180528125900,339625.0,339749.5558857918
20180528130000,339750.0,339670.685172081
20180528130100,340000.0,339623.26967716217
20180528130200,339750.0,339817.95328855515
20180528130300,339750.0,339796.9757914543
20180528130400,339875.0,339681.17171525955
20180528130500,339750.0,339749.5558857918
20180528130600,339750.0,339739.07375335693
20180528130700,339750.0,339681.17171525955
20180528130800,339750.0,339681.17171525955
20180528130900,339750.0,339681.17171525955
20180528131000,339750.0,339681.17171525955
20180528131100,339500.0,339681.17171525955
20180528131200,340000.0,339544.4188117981
20180528131300,340250.0,339702.1227478981
20180528131400,340250.0,340070.6293582916
20180528131500,340375.0,340186.4885687828
20180528131600,340625.0,340254.9300789833
20180528131700,340875.00000000006,340449.7967362404
20180528131800,341000.0,340702.6734948158
20180528131900,341250.00000000006,340887.10874319077
20180528132000,341250.00000000006,341082.13198184967
20180528132100,341375.0,341198.08822870255
20180528132200,341250.00000000006,341266.63559675217
20180528132300,341375.0,341256.0674548149
20180528132400,341375.0,341266.63559675217
20180528132500,341625.0,341324.61923360825
20180528132600,341750.0,341461.7492556572
20180528132700,341875.0,341646.32123708725
20180528132800,341750.0,341772.91399240494
20180528132900,341875.0,341762.3149752617
20180528133000,341750.0,341772.91399240494
20180528133100,341750.0,341762.3149752617
20180528133200,342125.0,341704.3203115463
20180528133300,342250.0,341910.1234078407
20180528133400,342375.0,342152.7892947197
20180528133500,342250.0,342279.4438004494
20180528133600,342375.0,342268.82272958755
20180528133700,342250.0,342279.4438004494
20180528133800,341750.0,342268.82272958755
20180528133900,341625.0,341936.30117177963
20180528134000,342000.0,341635.7310414314
20180528134100,342250.0,341783.5085988045
20180528134200,342750.0,342094.77257728577
20180528134300,342750.0,342485.39686203003
20180528134400,342375.0,342717.52548217773
20180528134500,342500.0,342511.5150809288
20180528134600,342375.0,342406.1159491539
20180528134700,342500.0,342395.4838514328
20180528134800,342625.0,342406.1159491539
20180528134900,342750.0,342532.80133008957
20180528135000,343000.0,342659.49112176895
20180528135100,343125.0,342854.89147901535
20180528135200,343125.0,343039.6663546562
20180528135300,342750.0,343097.7051258087
20180528135400,342875.0,342891.6065096855
20180528135500,342875.0,342786.2073779106
20180528135600,343125.0,342844.23953294754
20180528135700,343250.0,342981.62537813187
20180528135800,343250.0,343166.4178967476
20180528135900,343375.0,343224.4544625282
20180528140000,343250.0,343293.1760549545
20180528140100,343250.0,343282.49102830887
20180528140200,343625.0,343224.4544625282
20180528140300,343625.0,343430.6192398071
20180528140400,343500.0,343604.7730445862
20180528140500,343500.0,343536.0316038132
20180528140600,343375.0,343477.98842191696
20180528140700,343250.0,343409.25800800323
20180528140800,343625.0,343282.49102830887
20180528140900,343625.0,343430.6192398071
20180528141000,343750.0,343604.7730445862
20180528141100,343125.0,343673.51669073105
20180528141200,343000.0,343387.8636956215
20180528141300,343375.0,343028.9989709854
20180528141400,343250.0,343177.0786643028
20180528141500,343000.0,343282.49102830887
20180528141600,343375.0,343087.0333313942
20180528141700,343750.0,343177.0786643028
20180528141800,343625.0,343557.40827322006
20180528141900,343875.0,343662.8162264824
20180528142000,343750.0,343742.2647476196
20180528142100,343750.0,343789.6118760109
20180528142200,343500.0,343731.5664887428
20180528142300,342875.0,343594.07037496567
20180528142400,342875.0,343134.3738436699
20180528142500,342875.0,342844.23953294754
20180528142600,342750.0,342844.23953294754
20180528142700,342875.0,342775.55322647095
20180528142800,343000.0,342786.2073779106
20180528142900,343500.0,342912.928044796
20180528143000,343625.0,343245.79364061356
20180528143100,343500.0,343546.7232465744
20180528143200,343500.0,343536.0316038132
20180528143300,344000.0,343477.98842191696
20180528143400,344375.0,343752.95197963715
20180528143500,344500.0,344191.49458408356
20180528143600,344375.0,344434.46481227875
20180528143700,344250.0,344423.73567819595
20180528143800,344375.0,344296.88930511475
20180528143900,344250.0,344307.62284994125
20180528144000,344250.0,344296.88930511475
20180528144100,344749.99999999994,344238.83950710297
20180528144200,344875.0,344513.99052143097
20180528144300,344875.0,344815.0590658188
20180528144400,344875.0,344873.117685318
20180528144500,344749.99999999994,344873.117685318
20180528144600,345000.0,344804.30567264557
20180528144700,345375.0,344883.87328386307
20180528144800,345250.0,345206.4794898033
20180528144900,344375.0,345311.83010339737
20180528145000,343750.0,344771.9947695732
20180528145100,343625.0,344021.7757821083
20180528145200,343750.0,343662.8162264824
20180528145300,344375.0,343673.51669073105
20180528145400,344375.0,344075.36631822586
20180528145500,344500.0,344365.67705869675
20180528145600,344625.0,344434.46481227875
20180528145700,344749.99999999994,344561.3244175911
20180528145800,344749.99999999994,344688.190639019
20180528145900,344875.0,344746.24705314636
20180528150000,344875.0,344815.0590658188
20180528150100,344250.0,344873.117685318
20180528150200,344125.0,344529.0752649307
20180528150300,343250.0,344170.0561642647
20180528150400,343375.0,343630.67734241486
20180528150500,343250.0,343293.1760549545
20180528150600,343250.0,343282.49102830887
20180528150700,343375.0,343224.4544625282
20180528150800,343375.0,343293.1760549545
20180528150900,343250.0,343351.2104153633
20180528151000,343125.0,343282.49102830887
20180528151100,343125.0,343155.7438969612
20180528151200,343250.0,343097.7051258087
20180528151300,343250.0,343166.4178967476
20180528151400,343250.0,343224.4544625282
20180528151500,343250.0,343224.4544625282
20180528151600,343250.0,343224.4544625282
20180528151700,343250.0,343224.4544625282
20180528151800,343375.0,343224.4544625282
20180528151900,343250.0,343293.1760549545
20180528153000,343000.0,343282.49102830887
20180528153500,343000.0,343087.0333313942
20180529090000,343375.0,342970.9624052048
20180529090100,343250.0,343177.0786643028
20180529090200,343125.0,343282.49102830887
20180529090300,343250.0,343155.7438969612
20180529090400,342875.0,343166.4178967476
20180529090500,342000.0,343018.3271765709
20180529090600,341750.0,342363.54345083237
20180529090700,342000.0,341820.3118443489
20180529090800,342125.0,341841.516494751
20180529090900,341750.0,342026.1524319649
20180529091000,341250.00000000006,341878.3087134361
20180529091100,342500.0,341429.9941062927
20180529091200,342375.0,341883.8441967964
20180529091300,343000.0,342395.4838514328
20180529091400,342500.0,342680.76634407043
20180529091500,341875.0,342696.21938467026
20180529091600,340750.0,342120.9172606468
20180529091700,341000.0,341213.71549367905
20180529091800,341250.00000000006,340829.1405439377
20180529091900,341125.0,341082.13198184967
20180529092000,341000.0,341129.5474767685
20180529092100,340750.0,341003.0407309532
20180529092200,341375.0,340808.04616212845
20180529092300,341250.00000000006,341034.6944332123
20180529092400,341625.0,341256.0674548149
20180529092500,342250.0,341403.75238657
20180529092600,342625.0,341920.71360349655
20180529092700,342625.0,342416.7436361313
20180529092800,342500.0,342590.82466363907
20180529092900,342625.0,342522.1626162529
20180529093000,342750.0,342532.80133008957
20180529093100,342750.0,342659.49112176895
20180529093200,342500.0,342717.52548217773
20180529093300,342375.0,342580.1815390587
20180529093400,342375.0,342395.4838514328
20180529093500,342375.0,342337.46713399887
20180529093600,342750.0,342337.46713399887
20180529093700,343750.0,342543.4268116951
20180529093800,344875.0,343267.0975327492
20180529093900,345375.0,344350.47322511673
20180529094000,345875.00000000006,345148.40763807297
20180529094100,345750.0,345656.0489535332
20180529094200,345625.0,345819.4383382797
20180529094300,346000.0,345692.53021478653
20180529094400,346250.0,345841.04657173157
20180529094500,346000.0,346152.95672416687
20180529094600,346375.0,346131.32202625275
20180529094700,346500.0,346221.834897995
20180529094800,346750.0,346464.8756980896
20180529094900,347125.0,346660.69507598877
20180529095000,347250.0,346983.47330093384
20180529095100,347375.0,347226.5096902847
20180529095200,347250.0,347353.44648361206
20180529095300,347250.0,347342.56958961487
20180529095400,347125.0,347284.54184532166
20180529095500,346500.0,347215.63720703125
20180529095600,346375.0,346813.10391426086
20180529095700,346125.0,346454.04291152954
20180529095800,346500.0,346258.2367658615
20180529095900,346125.0,346348.7672805786
20180529100000,346125.0,346316.27774238586
20180529100100,346500.0,346142.14158058167
20180529100200,346375.0,346348.7672805786
20180529100300,346250.0,346454.04291152954
20180529100400,346250.0,346327.11493968964
20180529100500,346250.0,346269.0739631653
20180529100600,346250.0,346269.0739631653
20180529100700,346375.0,346269.0739631653
20180529100800,346750.0,346337.943315506
20180529100900,346750.0,346602.6408672333
20180529101000,346375.0,346776.7946720123
20180529101100,346500.0,346570.12486457825
20180529101200,346625.0,346464.8756980896
20180529101300,346750.0,346591.8080806732
20180529101400,346750.0,346718.74928474426
20180529101500,346750.0,346776.7946720123
20180529101600,346750.0,346776.7946720123
20180529101700,346750.0,346776.7946720123
20180529101800,346750.0,346776.7946720123
20180529101900,346625.0,346776.7946720123
20180529102000,346875.0,346707.90326595306
20180529102100,346875.0,346787.6362800598
20180529102200,347250.0,346903.72705459595
20180529102300,347250.0,347110.4233264923
20180529102400,347250.0,347284.54184532166
20180529102500,347125.0,347284.54184532166
20180529102600,347500.0,347215.63720703125
20180529102700,347375.0,347364.3145561218
20180529102800,347500.0,347469.5063829422
20180529102900,347375.0,347480.3876876831
20180529103000,347375.0,347469.5063829422
20180529103100,347000.0,347411.4830493927
20180529103200,346875.0,347204.76031303406
20180529103300,346750.0,346961.7680311203
20180529103400,347125.0,346834.83123779297
20180529103500,347125.0,346983.47330093384
20180529103600,347250.0,347157.6006412506
20180529103700,347250.0,347226.5096902847
20180529103800,347375.0,347284.54184532166
20180529103900,347000.0,347353.44648361206
20180529104000,347125.0,347204.76031303406
20180529104100,347125.0,347099.5684862137
20180529104200,347375.0,347157.6006412506
20180529104300,347375.0,347295.4099178314
20180529104400,347375.0,347411.4830493927
20180529104500,347250.0,347411.4830493927
20180529104600,347250.0,347342.56958961487
20180529104700,347375.0,347284.54184532166
20180529104800,347250.0,347353.44648361206
20180529104900,347750.0,347342.56958961487
20180529105000,347625.0,347560.1692199707
20180529105100,347625.0,347723.37114810944
20180529105200,347750.0,347665.34781455994
20180529105300,347875.0,347734.2656850815
20180529105400,347750.0,347861.2024784088
20180529105500,347875.0,347850.30794143677
20180529105600,347750.0,347861.2024784088
20180529105700,347750.0,347850.30794143677
20180529105800,347875.0,347792.289018631
20180529105900,347750.0,347861.2024784088
20180529110000,347750.0,347850.30794143677
20180529110100,347875.0,347792.289018631
20180529110200,348250.0,347861.2024784088
20180529110300,348250.0,348125.9706020355
20180529110400,348500.0,348300.009727478
20180529110500,348750.0,348437.85429000854
20180529110600,348750.0,348691.71023368835
20180529110700,348750.0,348807.68632888794
20180529110800,349000.0,348807.68632888794
20180529110900,349250.0,348945.5397129059
20180529111000,349125.0,349199.3559598923
20180529111100,349250.0,349246.3700771332
20180529111200,349374.99999999994,349257.33518600464
20180529111300,349374.99999999994,349384.2234611511
20180529111400,349125.0,349442.18945503235
20180529111500,349374.99999999994,349304.3360710144
20180529111600,349374.99999999994,349326.2618780136
20180529111700,349625.0,349442.18945503235
20180529111800,349875.0,349580.0428390503
20180529111900,349875.0,349833.8017463684
20180529112000,349749.99999999994,349949.6808052063
20180529112100,349875.0,349880.76293468475
20180529112200,349875.0,349891.74568653107
20180529112300,349749.99999999994,349949.6808052063
20180529112400,349625.0,349880.76293468475
20180529112500,349875.0,349753.89671325684
20180529112600,349749.99999999994,349833.8017463684
20180529112700,349749.99999999994,349880.76293468475
20180529112800,349625.0,349822.8278160095
20180529112900,349875.0,349753.89671325684
20180529113000,349749.99999999994,349833.8017463684
20180529113100,349749.99999999994,349880.76293468475
20180529113200,349875.0,349822.8278160095
20180529113300,349749.99999999994,349891.74568653107
20180529113400,349875.0,349880.76293468475
20180529113500,349625.0,349891.74568653107
20180529113600,349749.99999999994,349811.8362426758
20180529113700,349875.0,349764.87505435944
20180529113800,349749.99999999994,349891.74568653107
20180529113900,349875.0,349880.76293468475
20180529114000,349749.99999999994,349891.74568653107
20180529114100,349749.99999999994,349880.76293468475
20180529114200,349625.0,349822.8278160095
20180529114300,349875.0,349753.89671325684
20180529114400,349749.99999999994,349833.8017463684
20180529114500,349749.99999999994,349880.76293468475
20180529114600,349749.99999999994,349822.8278160095
20180529114700,349625.0,349822.8278160095
20180529114800,349875.0,349753.89671325684
20180529114900,349749.99999999994,349833.8017463684
20180529115000,349749.99999999994,349880.76293468475
20180529115100,349749.99999999994,349822.8278160095
20180529115200,349875.0,349822.8278160095
20180529115300,349749.99999999994,349891.74568653107
20180529115400,349749.99999999994,349880.76293468475
20180529115500,349749.99999999994,349822.8278160095
20180529115600,349749.99999999994,349822.8278160095
20180529115700,349749.99999999994,349822.8278160095
20180529115800,349625.0,349822.8278160095
20180529115900,349749.99999999994,349753.89671325684
20180529120000,349749.99999999994,349764.87505435944
20180529120100,349875.0,349822.8278160095
20180529120200,349749.99999999994,349891.74568653107
20180529120300,349749.99999999994,349880.76293468475
20180529120400,350000.0,349822.8278160095
20180529120500,349875.0,349960.67237854004
20180529120600,349625.0,350007.6115131378
20180529120700,349875.0,349811.8362426758
20180529120800,349749.99999999994,349833.8017463684
20180529120900,349749.99999999994,349880.76293468475
20180529121000,349749.99999999994,349822.8278160095
20180529121100,349749.99999999994,349822.8278160095
20180529121200,349749.99999999994,349822.8278160095
20180529121300,349625.0,349822.8278160095
20180529121400,349625.0,349753.89671325684
20180529121500,349625.0,349695.94836235046
20180529121600,349749.99999999994,349695.94836235046
20180529121700,349875.0,349764.87505435944
20180529121800,349749.99999999994,349891.74568653107
20180529121900,349875.0,349880.76293468475
20180529122000,349875.0,349891.74568653107
20180529122100,349749.99999999994,349949.6808052063
20180529122200,349749.99999999994,349880.76293468475
20180529122300,349749.99999999994,349822.8278160095
20180529122400,349749.99999999994,349822.8278160095
20180529122500,349749.99999999994,349822.8278160095
20180529122600,349875.0,349822.8278160095
20180529122700,349749.99999999994,349891.74568653107
20180529122800,349749.99999999994,349880.76293468475
20180529122900,349749.99999999994,349822.8278160095
20180529123000,349625.0,349822.8278160095
20180529123100,349625.0,349753.89671325684
20180529123200,349749.99999999994,349695.94836235046
20180529123300,349625.0,349764.87505435944
20180529123400,349625.0,349753.89671325684
20180529123500,349749.99999999994,349695.94836235046
20180529123600,349749.99999999994,349764.87505435944
20180529123700,349749.99999999994,349822.8278160095
20180529123800,349749.99999999994,349822.8278160095
20180529123900,349749.99999999994,349822.8278160095
20180529124000,349625.0,349822.8278160095
20180529124100,349749.99999999994,349753.89671325684
20180529124200,349749.99999999994,349764.87505435944
20180529124300,349749.99999999994,349822.8278160095
20180529124400,349749.99999999994,349822.8278160095
20180529124500,349374.99999999994,349822.8278160095
20180529124600,349374.99999999994,349616.0389184952
20180529124700,349125.0,349442.18945503235
20180529124800,349374.99999999994,349304.3360710144
20180529124900,349500.0,349326.2618780136
20180529125000,349374.99999999994,349511.1161470413
20180529125100,349500.0,349500.15103816986
20180529125200,349250.0,349511.1161470413
20180529125300,349125.0,349431.21552467346
20180529125400,349374.99999999994,349246.3700771332
20180529125500,349374.99999999994,349326.2618780136
20180529125600,349374.99999999994,349442.18945503235
20180529125700,349374.99999999994,349442.18945503235
20180529125800,349125.0,349442.18945503235
20180529125900,349500.0,349304.3360710144
20180529130000,349374.99999999994,349395.18415927887
20180529130100,349374.99999999994,349500.15103816986
20180529130200,348875.0,349442.18945503235
20180529130300,348750.0,349166.47386550903
20180529130400,348875.0,348865.669965744
20180529130500,348750.0,348876.6130208969
20180529130600,349125.0,348865.669965744
20180529130700,348875.0,349014.46199417114
20180529130800,348750.0,349050.550699234
20180529130900,348875.0,348865.669965744
20180529131000,348625.0,348876.6130208969
20180529131100,349125.0,348796.74327373505
20180529131200,349250.0,348956.47394657135
20180529131300,349250.0,349257.33518600464
20180529131400,349374.99999999994,349315.29676914215
20180529131500,349374.99999999994,349384.2234611511
20180529131600,349374.99999999994,349442.18945503235
20180529131700,349374.99999999994,349442.18945503235
20180529131800,349625.0,349442.18945503235
20180529131900,349625.0,349580.0428390503
20180529132000,349749.99999999994,349695.94836235046
20180529132100,349875.0,349764.87505435944
20180529132200,349749.99999999994,349891.74568653107
20180529132300,349875.0,349880.76293468475
20180529132400,349749.99999999994,349891.74568653107
20180529132500,349625.0,349880.76293468475
20180529132600,349625.0,349753.89671325684
20180529132700,349749.99999999994,349695.94836235046
20180529132800,349749.99999999994,349764.87505435944
20180529132900,349875.0,349822.8278160095
20180529133000,349749.99999999994,349891.74568653107
20180529133100,350125.00000000006,349880.76293468475
20180529133200,350375.0,350029.5946598053
20180529133300,350375.0,350341.2313461304
20180529133400,350375.0,350457.0662975311
20180529133500,350250.0,350457.0662975311
20180529133600,350250.0,350388.14401626587
20180529133700,350500.00000000006,350330.2309513092
20180529133800,350375.0,350468.0666923523
20180529133900,350250.0,350514.97054100037
20180529134000,350250.0,350388.14401626587
20180529134100,350375.0,350330.2309513092
20180529134200,350375.0,350399.14882183075
20180529134300,350500.00000000006,350457.0662975311
20180529134400,350500.00000000006,350525.97975730896
20180529134500,350625.0,350583.8840007782
20180529134600,350375.0,350652.80628204346
20180529134700,350375.0,350572.8703737259
20180529134800,350375.0,350457.0662975311
20180529134900,350750.0,350457.0662975311
20180529135000,350500.00000000006,350663.81108760834
20180529135100,350500.00000000006,350699.67925548553
20180529135200,350500.00000000006,350583.8840007782
20180529135300,350375.0,350583.8840007782
20180529135400,350125.00000000006,350514.97054100037
20180529135500,350500.00000000006,350319.2217350006
20180529135600,350500.00000000006,350410.1448059082
20180529135700,350250.0,350583.8840007782
20180529135800,350250.0,350446.0526704788
20180529135900,350250.0,350330.2309513092
20180529140000,350625.0,350330.2309513092
20180529140100,350625.0,350536.98456287384
20180529140200,350375.0,350710.70170402527
20180529140300,350250.0,350572.8703737259
20180529140400,350250.0,350388.14401626587
20180529140500,350250.0,350330.2309513092
20180529140600,350125.00000000006,350330.2309513092
20180529140700,350250.0,350261.30867004395
20180529140800,350250.0,350272.3090648651
20180529140900,349749.99999999994,350330.2309513092
20180529141000,349749.99999999994,350054.53741550446
20180529141100,349749.99999999994,349822.8278160095
20180529141200,350000.0,349822.8278160095
20180529141300,350250.0,349960.67237854004
20180529141400,350500.00000000006,350214.3827676773
20180529141500,350250.0,350468.0666923523
20180529141600,350375.0,350446.0526704788
20180529141700,350375.0,350399.14882183075
20180529141800,350375.0,350457.0662975311
20180529141900,350375.0,350457.0662975311
20180529142000,350250.0,350457.0662975311
20180529142100,350000.0,350388.14401626587
20180529142200,350375.0,350192.3863887787
20180529142300,350250.0,350283.30504894257
20180529142400,350375.0,350388.14401626587
20180529142500,350375.0,350399.14882183075
20180529142600,350375.0,350457.0662975311
20180529142700,350250.0,350457.0662975311
20180529142800,350125.00000000006,350388.14401626587
20180529142900,349749.99999999994,350261.30867004395
20180529143000,349500.0,349996.6199398041
20180529143100,348875.0,349684.96561050415
20180529143200,348375.0,349224.4222164154
20180529143300,348125.0,348658.8898897171
20180529143400,347875.0,348289.0887260437
20180529143500,348000.0,348035.2416038513
20180529143600,347750.0,347988.13927173615
20180529143700,348000.0,347908.3180427551
20180529143800,348125.0,347930.11593818665
20180529143900,348375.0,348115.0760650635
20180529144000,348625.0,348310.93072891235
20180529144100,348875.0,348564.78667259216
20180529144200,348875.0,348818.6249732971
20180529144300,348750.0,348934.596657753
20180529144400,348625.0,348865.669965744
20180529144500,348875.0,348738.7640476227
20180529144600,348750.0,348818.6249732971
20180529144700,348875.0,348865.669965744
20180529144800,348750.0,348876.6130208969
20180529144900,348250.0,348865.669965744
20180529145000,347750.0,348531.97956085205
20180529145100,347750.0,348024.320602417
20180529145200,347875.0,347792.289018631
20180529145300,347500.0,347861.2024784088
20180529145400,347375.0,347712.46778964996
20180529145500,347375.0,347469.5063829422
20180529145600,348000.0,347411.4830493927
20180529145700,348625.0,347756.032705307
20180529145800,349000.0,348390.7519578934
20180529145900,348375.0,348887.5516653061
20180529150000,348125.0,348716.86470508575
20180529150100,347625.0,348289.0887260437
20180529150200,347750.0,347897.4014520645
20180529150300,347625.0,347734.2656850815
20180529150400,347375.0,347723.37114810944
20180529150500,347250.0,347527.5297164917
20180529150600,347250.0,347342.56958961487
20180529150700,347375.0,347284.54184532166
20180529150800,347250.0,347353.44648361206
20180529150900,347125.0,347342.56958961487
20180529151000,347250.0,347215.63720703125
20180529151100,347250.0,347226.5096902847
20180529151200,347250.0,347284.54184532166
20180529151300,347250.0,347284.54184532166
20180529151400,347250.0,347284.54184532166
20180529151500,347250.0,347284.54184532166
20180529151600,347000.0,347284.54184532166
20180529151700,346750.0,347146.73256874084
20180529151800,346250.0,346892.8678035736
20180529151900,346375.0,346501.233458519
20180529153000,346500.0,346337.943315506
20180529153500,346500.0,346464.8756980896
20180530090000,344375.0,346522.9299068451
20180530090100,345750.0,345352.1575331688
20180530090200,346250.0,345122.55185842514
20180530090300,346125.0,346036.83066368103
20180530090400,346125.0,346200.19578933716
20180530090500,345625.0,346142.14158058167
20180530090600,346750.0,345866.6729927063
20180530090700,348250.0,346254.23181056976
20180530090800,348625.0,347603.5797595978
20180530090900,348250.0,348506.7809820175
20180530091000,347500.0,348473.995923996
20180530091100,347000.0,347886.4760398865
20180530091200,347125.0,347262.77923583984
20180530091300,347000.0,347099.5684862137
20180530091400,346875.0,347088.7004137039
20180530091500,346750.0,346961.7680311203
20180530091600,346250.0,346834.83123779297
20180530091700,346125.0,346501.233458519
20180530091800,345750.0,346200.19578933716
20180530091900,345250.0,345935.5379343033
20180530092000,345124.99999999994,345485.9706759453
20180530092100,345124.99999999994,345184.9374175072
20180530092200,344625.0,345126.87879800797
20180530092300,344250.0,344851.5844345093
20180530092400,343500.0,344412.993311882
20180530092500,343625.0,343826.2122273445
20180530092600,343375.0,343546.7232465744
20180530092700,343250.0,343467.292368412
20180530092800,343125.0,343282.49102830887
20180530092900,343250.0,343155.7438969612
20180530093000,343250.0,343166.4178967476
20180530093100,343375.0,343224.4544625282
20180530093200,343250.0,343293.1760549545
20180530093300,343250.0,343282.49102830887
20180530093400,343250.0,343224.4544625282
20180530093500,343125.0,343224.4544625282
20180530093600,343250.0,343155.7438969612
20180530093700,343250.0,343166.4178967476
20180530093800,344749.99999999994,343224.4544625282
20180530093900,346125.0,344049.3341088295
20180530094000,346250.0,345503.33136320114
20180530094100,346375.0,346211.0197544098
20180530094200,345875.00000000006,346337.943315506
20180530094300,345625.0,346120.484828949
20180530094400,345750.0,345750.58221817017
20180530094500,346000.0,345703.32330465317
20180530094600,345875.00000000006,345899.1051912308
20180530094700,345750.0,345946.3574886322
20180530094800,346125.0,345819.4383382797
20180530094900,346250.0,345967.96572208405
20180530095000,346250.0,346211.0197544098
20180530095100,346250.0,346269.0739631653
20180530095200,346625.0,346269.0739631653
20180530095300,346875.0,346475.70407390594
20180530095400,346750.0,346787.6362800598
20180530095500,347250.0,346834.83123779297
20180530095600,347125.0,347052.37352848053
20180530095700,347250.0,347215.63720703125
20180530095800,347250.0,347226.5096902847
20180530095900,346875.0,347284.54184532166
20180530100000,346625.0,347077.82793045044
20180530100100,346625.0,346765.9442424774
20180530100200,346750.0,346649.857878685
20180530100300,346875.0,346718.74928474426
20180530100400,346875.0,346845.6904888153
20180530100500,346875.0,346903.72705459595
20180530100600,346750.0,346903.72705459595
20180530100700,346750.0,346834.83123779297
20180530100800,346750.0,346776.7946720123
20180530100900,346875.0,346776.7946720123
20180530101000,346625.0,346845.6904888153
20180530101100,346625.0,346765.9442424774
20180530101200,346750.0,346649.857878685
20180530101300,346875.0,346718.74928474426
20180530101400,346750.0,346845.6904888153
20180530101500,346625.0,346834.83123779297
20180530101600,346875.0,346707.90326595306
20180530101700,346750.0,346787.6362800598
20180530101800,346125.0,346834.83123779297
20180530101900,345875.00000000006,346432.35087394714
20180530102000,345750.0,346004.40287590027
20180530102100,345750.0,345819.4383382797
20180530102200,345625.0,345761.38854026794
20180530102300,345750.0,345692.53021478653
20180530102400,345625.0,345703.32330465317
20180530102500,345625.0,345692.53021478653
20180530102600,345750.0,345634.4715952873
20180530102700,346125.0,345703.32330465317
20180530102800,346250.0,345967.96572208405
20180530102900,346375.0,346211.0197544098
20180530103000,346750.0,346337.943315506
20180530103100,346625.0,346602.6408672333
20180530103200,346375.0,346707.90326595306
20180530103300,346375.0,346512.0838880539
20180530103400,346750.0,346395.99311351776
20180530103500,346875.0,346602.6408672333
20180530103600,346875.0,346845.6904888153
20180530103700,346750.0,346903.72705459595
20180530103800,346750.0,346834.83123779297
20180530103900,346750.0,346776.7946720123
20180530104000,346875.0,346776.7946720123
20180530104100,346750.0,346845.6904888153
20180530104200,346750.0,346834.83123779297
20180530104300,346750.0,346776.7946720123
20180530104400,346625.0,346776.7946720123
20180530104500,346750.0,346707.90326595306
20180530104600,346750.0,346718.74928474426
20180530104700,346750.0,346776.7946720123
20180530104800,346875.0,346776.7946720123
20180530104900,346875.0,346845.6904888153
20180530105000,346875.0,346903.72705459595
20180530105100,346625.0,346903.72705459595
20180530105200,346750.0,346765.9442424774
20180530105300,346750.0,346718.74928474426
20180530105400,346375.0,346776.7946720123
20180530105500,345625.0,346570.12486457825
20180530105600,345000.0,345982.7461242676
20180530105700,344749.99999999994,345290.2395129204
20180530105800,344625.0,344862.3576760292
20180530105900,345000.0,344677.4372458458
20180530110000,344875.0,344825.80584287643
20180530110100,344250.0,344931.17851018906
20180530110200,344125.0,344529.0752649307
20180530110300,344500.0,344170.0561642647
20180530110400,344749.99999999994,344318.3431625366
20180530110500,344749.99999999994,344630.1231980324
20180530110600,344375.0,344746.24705314636
20180530110700,343750.0,344539.8308634758
20180530110800,344125.0,344021.7757821083
20180530110900,344749.99999999994,343937.834918499
20180530111000,344375.0,344455.9208750725
20180530111100,344000.0,344539.8308634758
20180530111200,344000.0,344159.32482481
20180530111300,344375.0,343985.1842522621
20180530111400,344000.0,344191.49458408356
20180530111500,343875.0,344159.32482481
20180530111600,343750.0,343916.4163470268
20180530111700,343625.0,343789.6118760109
20180530111800,343375.0,343662.8162264824
20180530111900,343250.0,343467.292368412
20180530112000,343375.0,343282.49102830887
20180530112100,343375.0,343293.1760549545
20180530112200,343750.0,343351.2104153633
20180530112300,343750.0,343557.40827322006
20180530112400,343250.0,343731.5664887428
20180530112500,342875.0,343456.5963149071
20180530112600,342625.0,343018.3271765709
20180530112700,342625.0,342706.8735361099
20180530112800,342750.0,342590.82466363907
20180530112900,342750.0,342659.49112176895
20180530113000,342625.0,342717.52548217773
20180530113100,343000.0,342648.84799718857
20180530113200,343250.0,342796.8549132347
20180530113300,343125.0,343108.3680987358
20180530113400,342875.0,343155.7438969612
20180530113500,343000.0,342960.2972269058
20180530113600,342750.0,342912.928044796
20180530113700,343125.0,342833.58097076416
20180530113800,343500.0,342923.5844016075
20180530113900,343875.0,343303.8456439972
20180530114000,343375.0,343684.2061281204
20180530114100,343250.0,343583.36770534515
20180530114200,343375.0,343282.49102830887
20180530114300,343375.0,343293.1760549545
20180530114400,343250.0,343351.2104153633
20180530114500,343125.0,343282.49102830887
20180530114600,343250.0,343155.7438969612
20180530114700,342875.0,343166.4178967476
20180530114800,343250.0,343018.3271765709
20180530114900,343250.0,343050.32271146774
20180530115000,342625.0,343224.4544625282
20180530115100,342625.0,342880.9280991554
20180530115200,343000.0,342590.82466363907
20180530115300,342625.0,342796.8549132347
20180530115400,342625.0,342764.89466428757
20180530115500,342625.0,342590.82466363907
20180530115600,342250.0,342590.82466363907
20180530115700,342500.0,342384.8429322243
20180530115800,342250.0,342348.0926156044
20180530115900,342125.0,342326.8328309059
20180530120000,342250.0,342142.1726346016
20180530120100,342750.0,342152.7892947197
20180530120200,342500.0,342485.39686203003
20180530120300,342875.0,342580.1815390587
20180530120400,342875.0,342670.13424634933
20180530120500,342875.0,342844.23953294754
20180530120600,343125.0,342844.23953294754
20180530120700,343000.0,342981.62537813187
20180530120800,343125.0,343028.9989709854
20180530120900,343000.0,343039.6663546562
20180530121000,342875.0,343028.9989709854
20180530121100,342875.0,342902.27168798447
20180530121200,342750.0,342844.23953294754
20180530121300,342875.0,342775.55322647095
20180530121400,342875.0,342786.2073779106
20180530121500,342875.0,342844.23953294754
20180530121600,342875.0,342844.23953294754
20180530121700,342750.0,342844.23953294754
20180530121800,342750.0,342775.55322647095
20180530121900,342750.0,342717.52548217773
20180530122000,342375.0,342717.52548217773
20180530122100,342375.0,342511.5150809288
20180530122200,342625.0,342337.46713399887
20180530122300,342875.0,342474.76917505264
20180530122400,342625.0,342728.17301750183
20180530122500,342625.0,342706.8735361099
20180530122600,342625.0,342590.82466363907
20180530122700,342750.0,342590.82466363907
20180530122800,342875.0,342659.49112176895
20180530122900,342375.0,342786.2073779106
20180530123000,341750.0,342569.52518224716
20180530123100,341875.0,341994.295835495
20180530123200,341750.0,341772.91399240494
20180530123300,341875.0,341762.3149752617
20180530123400,341500.0,341772.91399240494
20180530123500,341625.0,341625.1320242882
20180530123600,341875.0,341519.74391937256
20180530123700,342125.0,341714.912712574
20180530123800,341875.0,341968.1379199028
20180530123900,341750.0,341946.9244480133
20180530124000,341750.0,341762.3149752617
20180530124100,341625.0,341704.3203115463
20180530124200,341750.0,341635.7310414314
20180530124300,342125.0,341646.32123708725
20180530124400,342250.0,341910.1234078407
20180530124500,342375.0,342152.7892947197
20180530124600,342625.0,342279.4438004494
20180530124700,343250.0,342474.76917505264
20180530124800,343375.0,342934.2275261879
20180530124900,343250.0,343293.1760549545
20180530125000,343250.0,343282.49102830887
20180530125100,343000.0,343224.4544625282
20180530125200,342625.0,343087.0333313942
20180530125300,342375.0,342764.89466428757
20180530125400,342250.0,342453.50056886673
20180530125500,342125.0,342268.82272958755
20180530125600,342500.0,342142.1726346016
20180530125700,342750.0,342290.06707668304
20180530125800,342625.0,342601.46337747574
20180530125900,342500.0,342648.84799718857
20180530130000,342375.0,342522.1626162529
20180530130100,341625.0,342395.4838514328
20180530130200,341625.0,341925.6756901741
20180530130300,341750.0,341577.7341723442
20180530130400,341875.0,341646.32123708725
20180530130500,342375.0,341772.91399240494
20180530130600,342875.0,342105.3782105446
20180530130700,342750.0,342612.0976805687
20180530130800,342625.0,342775.55322647095
20180530130900,342750.0,342648.84799718857
20180530131000,342750.0,342659.49112176895
20180530131100,342750.0,342717.52548217773
20180530131200,342750.0,342717.52548217773
20180530131300,342375.0,342717.52548217773
20180530131400,342250.0,342511.5150809288
20180530131500,342500.0,342268.82272958755
20180530131600,342500.0,342348.0926156044
20180530131700,342375.0,342464.1392827034
20180530131800,342375.0,342395.4838514328
20180530131900,342750.0,342337.46713399887
20180530132000,342750.0,342543.4268116951
20180530132100,342625.0,342717.52548217773
20180530132200,342750.0,342648.84799718857
20180530132300,342750.0,342659.49112176895
20180530132400,342250.0,342717.52548217773
20180530132500,342250.0,342442.85303354263
20180530132600,342500.0,342210.80380678177
20180530132700,342375.0,342348.0926156044
20180530132800,342375.0,342395.4838514328
20180530132900,342250.0,342337.46713399887
20180530133000,342250.0,342268.82272958755
20180530133100,342250.0,342210.80380678177
20180530133200,342250.0,342210.80380678177
20180530133300,342500.0,342210.80380678177
20180530133400,342125.0,342348.0926156044
20180530133500,342750.0,342258.1884264946
20180530133600,342375.0,342427.35809087753
20180530133700,341875.0,342511.5150809288
20180530133800,342125.0,342062.9159808159
20180530133900,342250.0,341968.1379199028
20180530134000,342125.0,342152.7892947197
20180530134100,342625.0,342142.1726346016
20180530134200,342500.0,342358.7092757225
20180530134300,341625.0,342522.1626162529
20180530134400,341875.0,341983.6637377739
20180530134500,341875.0,341714.912712574
20180530134600,342000.0,341830.9174776077
20180530134700,342625.0,341899.5243906975
20180530134800,342875.0,342300.6771206856
20180530134900,342875.0,342728.17301750183
20180530135000,342500.0,342844.23953294754
20180530135100,342125.0,342638.1938457489
20180530135200,342125.0,342258.1884264946
20180530135300,342125.0,342084.16253328323
20180530135400,342500.0,342084.16253328323
20180530135500,342875.0,342290.06707668304
20180530135600,342750.0,342670.13424634933
20180530135700,342125.0,342775.55322647095
20180530135800,342250.0,342374.1998076439
20180530135900,342375.0,342152.7892947197
20180530140000,342375.0,342279.4438004494
20180530140100,342250.0,342337.46713399887
20180530140200,342000.0,342268.82272958755
20180530140300,341750.0,342073.5436677933
20180530140400,341750.0,341820.3118443489
20180530140500,341750.0,341704.3203115463
20180530140600,341750.0,341704.3203115463
20180530140700,341875.0,341704.3203115463
20180530140800,342250.0,341772.91399240494
20180530140900,342250.0,342036.75585985184
20180530141000,342125.0,342210.80380678177
20180530141100,341750.0,342142.1726346016
20180530141200,341875.0,341878.3087134361
20180530141300,341875.0,341772.91399240494
20180530141400,342375.0,341830.9174776077
20180530141500,342875.0,342105.3782105446
20180530141600,342500.0,342612.0976805687
20180530141700,341625.0,342638.1938457489
20180530141800,341750.0,341983.6637377739
20180530141900,341875.0,341646.32123708725
20180530142000,342000.0,341772.91399240494
20180530142100,342625.0,341899.5243906975
20180530142200,342625.0,342300.6771206856
20180530142300,342000.0,342590.82466363907
20180530142400,341750.0,342247.5497126579
20180530142500,342000.0,341820.3118443489
20180530142600,342250.0,341841.516494751
20180530142700,342125.0,342094.77257728577
20180530142800,342000.0,342142.1726346016
20180530142900,341875.0,342015.5357718468
20180530143000,342125.0,341888.9165520668
20180530143100,342375.0,341968.1379199028
20180530143200,342000.0,342221.42708301544
20180530143300,342000.0,342131.54715299606
20180530143400,342750.0,341957.532286644
20180530143500,342750.0,342369.3215250969
20180530143600,342625.0,342717.52548217773
20180530143700,342250.0,342648.84799718857
20180530143800,341750.0,342384.8429322243
20180530143900,341500.0,341936.30117177963
20180530144000,341250.00000000006,341567.1439766884
20180530144100,341375.0,341314.04227018356
20180530144200,341250.00000000006,341266.63559675217
20180530144300,341500.0,341256.0674548149
20180530144400,341500.0,341335.1873755455
20180530144500,341250.00000000006,341451.1678814888
20180530144600,341500.0,341314.04227018356
20180530144700,341750.0,341335.1873755455
20180530144800,341875.0,341588.3199572563
20180530144900,341750.0,341772.91399240494
20180530145000,341625.0,341762.3149752617
20180530145100,341875.0,341635.7310414314
20180530145200,341375.0,341714.912712574
20180530145300,342000.0,341556.54937028885
20180530145400,341750.0,341667.48398542404
20180530145500,341875.0,341820.3118443489
20180530145600,342125.0,341772.91399240494
20180530145700,342125.0,341968.1379199028
20180530145800,342375.0,342084.16253328323
20180530145900,342000.0,342221.42708301544
20180530150000,341750.0,342131.54715299606
20180530150100,341250.00000000006,341820.3118443489
20180530150200,341250.00000000006,341429.9941062927
20180530150300,341125.0,341198.08822870255
20180530150400,341125.0,341129.5474767685
20180530150500,340625.0,341071.570456028
20180530150600,340875.00000000006,340797.49125242233
20180530150700,341125.0,340702.6734948158
20180530150800,341375.0,340955.62303066254
20180530150900,341375.0,341208.6563706398
20180530151000,341000.0,341324.61923360825
20180530151100,340750.0,341118.97271871567
20180530151200,340750.0,340808.04616212845
20180530151300,341000.0,340692.13622808456
20180530151400,340875.00000000006,340829.1405439377
20180530151500,340750.0,340876.55383348465
20180530151600,340250.0,340750.0911951065
20180530151700,339875.0,340418.209195137
20180530151800,340250.0,339981.1949133873
20180530151900,340875.00000000006,340012.6986503601
20180530153000,340499.99999999994,340528.7843346596
20180530153500,340499.99999999994,340613.0979061127
20180531090000,343750.0,340439.27270174026
20180531090100,342750.0,342221.58366441727
20180531090200,342875.0,343181.692302227
20180531090300,342750.0,342786.2073779106
20180531090400,343875.0,342775.55322647095
20180531090500,342375.0,343335.81471443176
20180531090600,342375.0,343033.5662961006
20180531090700,343250.0,342337.46713399887
20180531090800,343125.0,342818.12131404877
20180531090900,343125.0,343155.7438969612
20180531091000,342500.0,343097.7051258087
20180531091100,342500.0,342754.2294859886
20180531091200,342750.0,342464.1392827034
20180531091300,342750.0,342601.46337747574
20180531091400,342750.0,342717.52548217773
20180531091500,342750.0,342717.52548217773
20180531091600,342625.0,342717.52548217773
20180531091700,342500.0,342648.84799718857
20180531091800,342750.0,342522.1626162529
20180531091900,342750.0,342601.46337747574
20180531092000,343000.0,342717.52548217773
20180531092100,343125.0,342854.89147901535
20180531092200,342750.0,343039.6663546562
20180531092300,342750.0,342891.6065096855
20180531092400,343000.0,342717.52548217773
20180531092500,344000.0,342854.89147901535
20180531092600,344250.0,343520.6866264343
20180531092700,344250.0,344122.72226810455
20180531092800,344500.0,344238.83950710297
20180531092900,344625.0,344376.4083981514
20180531093000,344500.0,344561.3244175911
20180531093100,344500.0,344550.584256649
20180531093200,344625.0,344492.5256371498
20180531093300,344875.0,344561.3244175911
20180531093400,344500.0,344756.9982409477
20180531093500,344625.0,344666.67944192886
20180531093600,345124.99999999994,344561.3244175911
20180531093700,345000.0,344894.6222662926
20180531093800,344875.0,345058.0535531044
20180531093900,344500.0,344931.17851018906
20180531094000,344749.99999999994,344666.67944192886
20180531094100,344749.99999999994,344630.1231980324
20180531094200,344749.99999999994,344746.24705314636
20180531094300,345000.0,344746.24705314636
20180531094400,345124.99999999994,344883.87328386307
20180531094500,345124.99999999994,345068.82017850876
20180531094600,345250.0,345126.87879800797
20180531094700,345250.0,345195.70845365524
20180531094800,345375.0,345253.77148389816
20180531094900,345625.0,345322.60555028915
20180531095000,345875.00000000006,345518.3543562889
20180531095100,345875.00000000006,345772.1860408783
20180531095200,345750.0,345888.3032798767
20180531095300,345875.00000000006,345819.4383382797
20180531095400,345750.0,345830.2446603775
20180531095500,345625.0,345819.4383382797
20180531095600,346000.0,345692.53021478653
20180531095700,345750.0,345841.04657173157
20180531095800,346125.0,345877.4881362915
20180531095900,345750.0,345967.96572208405
20180531100000,345500.00000000006,345935.5379343033
20180531100100,345250.0,345623.674094677
20180531100200,345500.00000000006,345369.87549066544
20180531100300,345625.0,345391.4484381676
20180531100400,345124.99999999994,345576.41738653183
20180531100500,345250.0,345359.0824007988
20180531100600,345375.0,345195.70845365524
20180531100700,345124.99999999994,345322.60555028915
20180531100800,345250.0,345242.99162626266
20180531100900,345375.0,345195.70845365524
20180531101000,345250.0,345322.60555028915
20180531101100,345250.0,345311.83010339737
20180531101200,345124.99999999994,345253.77148389816
20180531101300,345375.0,345184.9374175072
20180531101400,345250.0,345264.54252004623
20180531101500,345124.99999999994,345311.83010339737
20180531101600,345375.0,345184.9374175072
20180531101700,345250.0,345264.54252004623
20180531101800,345375.0,345311.83010339737
20180531101900,345375.0,345322.60555028915
20180531102000,345250.0,345380.66416978836
20180531102100,345250.0,345311.83010339737
20180531102200,345124.99999999994,345253.77148389816
20180531102300,345250.0,345184.9374175072
20180531102400,345375.0,345195.70845365524
20180531102500,345375.0,345322.60555028915
20180531102600,345625.0,345380.66416978836
20180531102700,345875.00000000006,345518.3543562889
20180531102800,345875.00000000006,345772.1860408783
20180531102900,345875.00000000006,345888.3032798767
20180531103000,345875.00000000006,345888.3032798767
20180531103100,345875.00000000006,345888.3032798767
20180531103200,345750.0,345888.3032798767
20180531103300,345750.0,345819.4383382797
20180531103400,346250.0,345761.38854026794
20180531103500,346375.0,346036.83066368103
20180531103600,346250.0,346337.943315506
20180531103700,346000.0,346327.11493968964
20180531103800,345875.00000000006,346131.32202625275
20180531103900,345875.00000000006,345946.3574886322
20180531104000,345875.00000000006,345888.3032798767
20180531104100,346125.0,345888.3032798767
20180531104200,346125.0,346026.02875232697
20180531104300,346375.0,346142.14158058167
20180531104400,346125.0,346279.8891067505
20180531104500,346250.0,346258.2367658615
20180531104600,346375.0,346211.0197544098
20180531104700,346375.0,346337.943315506
20180531104800,346750.0,346395.99311351776
20180531104900,346750.0,346602.6408672333
20180531105000,346750.0,346776.7946720123
20180531105100,346875.0,346776.7946720123
20180531105200,346625.0,346845.6904888153
20180531105300,346750.0,346765.9442424774
20180531105400,346750.0,346718.74928474426
20180531105500,346875.0,346776.7946720123
20180531105600,347125.0,346845.6904888153
20180531105700,347250.0,347041.5230989456
20180531105800,347375.0,347226.5096902847
20180531105900,347250.0,347353.44648361206
20180531110000,347375.0,347342.56958961487
20180531110100,347375.0,347353.44648361206
20180531110200,347750.0,347411.4830493927
20180531110300,347875.0,347618.20578575134
20180531110400,348000.0,347861.2024784088
20180531110500,347875.0,347988.13927173615
20180531110600,348125.0,347977.2359132767
20180531110700,348250.0,348057.0571422577
20180531110800,348375.0,348242.0084476471
20180531110900,348375.0,348368.9320087433
20180531111000,348750.0,348426.9332885742
20180531111100,348750.0,348633.7089538574
20180531111200,348875.0,348807.68632888794
20180531111300,348625.0,348876.6130208969
20180531111400,348500.0,348796.74327373505
20180531111500,348250.0,348611.85812950134
20180531111600,348250.0,348416.0078763962
20180531111700,348125.0,348300.009727478
20180531111800,347875.0,348231.08744621277
20180531111900,348000.0,348035.2416038513
20180531112000,348250.0,347988.13927173615
20180531112100,348750.0,348183.993935585
20180531112200,348500.0,348575.69885253906
20180531112300,348125.0,348669.8373556137
20180531112400,348375.0,348347.0811843872
20180531112500,348500.0,348310.93072891235
20180531112600,348875.0,348495.8643913269
20180531112700,348625.0,348760.6325149536
20180531112800,348500.0,348796.74327373505
20180531112900,348875.0,348611.85812950134
20180531113000,348750.0,348760.6325149536
20180531113100,348750.0,348865.669965744
20180531113200,348625.0,348807.68632888794
20180531113300,348750.0,348738.7640476227
20180531113400,348875.0,348749.70269203186
20180531113500,348875.0,348876.6130208969
20180531113600,349125.0,348934.596657753
20180531113700,349374.99999999994,349072.4456310272
20180531113800,349250.0,349326.2618780136
20180531113900,349250.0,349373.2627630234
20180531114000,349125.0,349315.29676914215
20180531114100,348625.0,349246.3700771332
20180531114200,349000.0,348912.69290447235
20180531114300,348875.0,348887.5516653061
20180531114400,349125.0,348992.57588386536
20180531114500,349250.0,349072.4456310272
20180531114600,348750.0,349257.33518600464
20180531114700,348875.0,349039.58559036255
20180531114800,348875.0,348876.6130208969
20180531114900,349000.0,348934.596657753
20180531115000,349000.0,349003.52334976196
20180531115100,349125.0,349061.50698661804
20180531115200,349374.99999999994,349130.4292678833
20180531115300,349250.0,349326.2618780136
20180531115400,349125.0,349373.2627630234
20180531115500,349374.99999999994,349246.3700771332
20180531115600,349250.0,349326.2618780136
20180531115700,349374.99999999994,349373.2627630234
20180531115800,349125.0,349384.2234611511
20180531115900,349125.0,349304.3360710144
20180531120000,349250.0,349188.40408325195
20180531120100,349625.0,349257.33518600464
20180531120200,349625.0,349522.0812559128
20180531120300,349875.0,349695.94836235046
20180531120400,349749.99999999994,349833.8017463684
20180531120500,349875.0,349880.76293468475
20180531120600,349749.99999999994,349891.74568653107
20180531120700,349749.99999999994,349880.76293468475
20180531120800,349875.0,349822.8278160095
20180531120900,349749.99999999994,349891.74568653107
20180531121000,349749.99999999994,349880.76293468475
20180531121100,349749.99999999994,349822.8278160095
20180531121200,349749.99999999994,349822.8278160095
20180531121300,350250.0,349822.8278160095
20180531121400,350375.0,350098.51253032684
20180531121500,350375.0,350399.14882183075
20180531121600,350375.0,350457.0662975311
20180531121700,350250.0,350457.0662975311
20180531121800,350375.0,350388.14401626587
20180531121900,350250.0,350399.14882183075
20180531122000,350375.0,350388.14401626587
20180531122100,350250.0,350399.14882183075
20180531122200,350000.0,350388.14401626587
20180531122300,349875.0,350192.3863887787
20180531122400,349749.99999999994,350007.6115131378
20180531122500,349749.99999999994,349880.76293468475
20180531122600,350125.00000000006,349822.8278160095
20180531122700,350375.0,350029.5946598053
20180531122800,350250.0,350341.2313461304
20180531122900,350250.0,350388.14401626587
20180531123000,350375.0,350330.2309513092
20180531123100,350625.0,350399.14882183075
20180531123200,350750.0,350594.8976278305
20180531123300,350875.0,350779.6195745468
20180531123400,350875.0,350906.42404556274
20180531123500,350750.0,350964.3062353134
20180531123600,350875.0,350895.3971862793
20180531123700,350625.0,350906.42404556274
20180531123800,350750.0,350826.48372650146
20180531123900,350750.0,350779.6195745468
20180531124000,350875.0,350837.5105857849
20180531124100,351250.0,350906.42404556274
20180531124200,350750.0,351171.02456092834
20180531124300,351125.0,351069.0040588379
20180531124400,351125.0,351044.23773288727
20180531124500,351375.0,351217.8666591644
20180531124600,351375.0,351355.67593574524
20180531124700,351625.0,351471.3829755783
20180531124800,351625.0,351609.179019928
20180531124900,351750.0,351724.85518455505
20180531125000,351875.0,351793.75100135803
20180531125100,351875.0,351920.4672574997
20180531125200,351875.0,351978.2876968384
20180531125300,351750.0,351978.2876968384
20180531125400,351625.0,351909.3962907791
20180531125500,351875.0,351782.68444538116
20180531125600,351750.0,351862.6379966736
20180531125700,351625.0,351909.3962907791
20180531125800,351500.0,351782.68444538116
20180531125900,351375.0,351655.9681892395
20180531130000,351375.0,351529.2298793793
20180531130100,351250.0,351471.3829755783
20180531130200,351250.0,351402.4827480316
20180531130300,351375.0,351344.63143348694
20180531130400,351375.0,351413.5272502899
20180531130500,351375.0,351471.3829755783
20180531130600,351375.0,351471.3829755783
20180531130700,351250.0,351471.3829755783
20180531130800,351625.0,351402.4827480316
20180531130900,351875.0,351551.3277053833
20180531131000,351875.0,351862.6379966736
20180531131100,351625.0,351978.2876968384
20180531131200,351375.0,351840.50488471985
20180531131300,351625.0,351587.0679616928
20180531131400,351500.0,351609.179019928
20180531131500,351500.0,351655.9681892395
20180531131600,351250.0,351598.12128543854
20180531131700,351250.0,351460.32524108887
20180531131800,351250.0,351344.63143348694
20180531131900,351250.0,351344.63143348694
20180531132000,351500.0,351344.63143348694
20180531132100,351500.0,351482.4274778366
20180531132200,351625.0,351598.12128543854
20180531132300,351625.0,351667.02151298523
20180531132400,351375.0,351724.85518455505
20180531132500,351250.0,351587.0679616928
20180531132600,351125.0,351402.4827480316
20180531132700,351250.0,351275.7223844528
20180531132800,351500.0,351286.7624759674
20180531132900,351750.0,351482.4274778366
20180531133000,351875.0,351735.9173297882
20180531133100,351875.0,351920.4672574997
20180531133200,351875.0,351978.2876968384
20180531133300,351750.0,351978.2876968384
20180531133400,351875.0,351909.3962907791
20180531133500,351750.0,351920.4672574997
20180531133600,351750.0,351909.3962907791
20180531133700,351875.0,351851.57585144043
20180531133800,351875.0,351920.4672574997
20180531133900,351875.0,351978.2876968384
20180531134000,351875.0,351978.2876968384
20180531134100,351750.0,351978.2876968384
20180531134200,352125.0,351909.3962907791
20180531134300,352375.0,352058.2324266434
20180531134400,352375.0,352369.41039562225
20180531134500,351875.0,352484.9851131439
20180531134600,351750.0,352209.48123931885
20180531134700,351875.0,351909.3962907791
20180531134800,351875.0,351920.4672574997
20180531134900,351625.0,351978.2876968384
20180531135000,352000.0,351840.50488471985
20180531135100,352375.0,351931.52499198914
20180531135200,352250.0,352311.6075992584
20180531135300,352375.0,352416.1113500595
20180531135400,352250.0,352427.19995975494
20180531135500,352375.0,352416.1113500595
20180531135600,352375.0,352427.19995975494
20180531135700,352250.0,352484.9851131439
20180531135800,352500.0,352416.1113500595
20180531135900,352375.0,352496.0649013519
20180531140000,352250.0,352542.75703430176
20180531140100,352375.0,352416.1113500595
20180531140200,352375.0,352427.19995975494
20180531140300,352250.0,352484.9851131439
20180531140400,352250.0,352416.1113500595
20180531140500,351875.0,352358.32619667053
20180531140600,351750.0,352151.7004966736
20180531140700,352125.0,351909.3962907791
20180531140800,352250.0,352058.2324266434
20180531140900,352000.0,352300.5278110504
20180531141000,352125.0,352220.5786705017
20180531141100,352000.0,352173.8556623459
20180531141200,351875.0,352162.7802848816
20180531141300,351875.0,352036.0949039459
20180531141400,352000.0,351978.2876968384
20180531141500,351875.0,352047.17469215393
20180531141600,351750.0,352036.0949039459
20180531141700,352000.0,351909.3962907791
20180531141800,352250.0,351989.34984207153
20180531141900,352000.0,352242.733836174
20180531142000,351875.0,352220.5786705017
20180531142100,351375.0,352036.0949039459
20180531142200,351750.0,351702.7220726013
20180531142300,352125.0,351678.07042598724
20180531142400,352250.0,352058.2324266434
20180531142500,352375.0,352300.5278110504
20180531142600,352250.0,352427.19995975494
20180531142700,352375.0,352416.1113500595
20180531142800,352250.0,352427.19995975494
20180531142900,352250.0,352416.1113500595
20180531143000,352375.0,352358.32619667053
20180531143100,352625.0,352427.19995975494
20180531143200,352750.0,352622.7149963379
20180531143300,352625.0,352807.101726532
20180531143400,352625.0,352796.0042953491
20180531143500,352250.0,352738.2456064224
20180531143600,352000.0,352531.6596031189
20180531143700,352000.0,352220.5786705017
20180531143800,352250.0,352104.9818992615
20180531143900,352250.0,352242.733836174
20180531144000,352000.0,352358.32619667053
20180531144100,351625.0,352220.5786705017
20180531144200,351375.0,351898.32532405853
20180531144300,351625.0,351587.0679616928
20180531144400,352125.0,351609.179019928
20180531144500,351625.0,352000.40316581726
20180531144600,351375.0,351956.12812042236
20180531144700,351250.0,351587.0679616928
20180531144800,351375.0,351402.4827480316
20180531144900,351125.0,351413.5272502899
20180531145000,350875.0,351333.5781097412
20180531145100,350875.0,351080.0485610962
20180531145200,350875.0,350964.3062353134
20180531145300,350750.0,350964.3062353134
20180531145400,350875.0,350895.3971862793
20180531145500,350250.0,350906.42404556274
20180531145600,349625.0,350619.7257041931
20180531145700,349875.0,349985.60631275177
20180531145800,350125.00000000006,349833.8017463684
20180531145900,350375.0,350087.5253677368
20180531150000,350125.00000000006,350341.2313461304
20180531150100,350125.00000000006,350319.2217350006
20180531150200,350375.0,350203.39119434357
20180531150300,350375.0,350341.2313461304
20180531150400,350250.0,350457.0662975311
20180531150500,350375.0,350388.14401626587
20180531150600,350250.0,350399.14882183075
20180531150700,350000.0,350388.14401626587
20180531150800,349875.0,350192.3863887787
20180531150900,349500.0,350007.6115131378
20180531151000,349125.0,349742.9051399231
20180531151100,348875.0,349362.2932434082
20180531151200,348875.0,349050.550699234
20180531151300,348625.0,348934.596657753
20180531151400,348875.0,348796.74327373505
20180531151500,348500.0,348818.6249732971
20180531151600,348875.0,348727.8209924698
20180531151700,349250.0,348760.6325149536
20180531151800,349374.99999999994,349141.3767337799
20180531151900,349374.99999999994,349384.2234611511
20180531153000,350500.00000000006,349442.18945503235
20180531153500,350500.00000000006,350062.4899864197
20180601090000,350750.0,350583.8840007782
20180601090100,351125.0,350721.7153310776
20180601090200,352500.0,351044.23773288727
20180601090300,353375.0,351975.66771507263
20180601090400,353875.0,353093.57953071594
20180601090500,353250.0,353772.9663848877
20180601090600,351000.0,353659.60144996643
20180601090700,351125.0,352131.596326828
20180601090800,350375.0,351159.9932909012
20180601090900,350375.0,350804.38590049744
20180601091000,350250.0,350457.0662975311
20180601091100,350250.0,350388.14401626587
20180601091200,350750.0,350330.2309513092
20180601091300,351250.0,350605.9024333954
20180601091400,351250.0,351113.1467819214
20180601091500,351500.0,351344.63143348694
20180601091600,351625.0,351482.4274778366
20180601091700,351875.0,351667.02151298523
20180601091800,352250.0,351862.6379966736
20180601091900,352375.0,352184.9310398102
20180601092000,352625.0,352427.19995975494
20180601092100,352250.0,352622.7149963379
20180601092200,352750.0,352531.6596031189
20180601092300,353000.0,352633.7947845459
20180601092400,353000.0,353002.5682449341
20180601092500,352750.0,353118.04592609406
20180601092600,352625.0,352980.3469181061
20180601092700,352750.0,352796.0042953491
20180601092800,352625.0,352807.101726532
20180601092900,352625.0,352796.0042953491
20180601093000,352375.0,352738.2456064224
20180601093100,352250.0,352600.5289554596
20180601093200,352500.0,352416.1113500595
20180601093300,352375.0,352496.0649013519
20180601093400,352500.0,352542.75703430176
20180601093500,352625.0,352553.8500547409
20180601093600,352750.0,352680.49132823944
20180601093700,352750.0,352807.101726532
20180601093800,352875.0,352864.8648262024
20180601093900,352875.0,352933.71653556824
20180601094000,352750.0,352991.4619922638
20180601094100,352750.0,352922.61028289795
20180601094200,352375.0,352864.8648262024
20180601094300,352375.0,352658.2832336426
20180601094400,352750.0,352484.9851131439
20180601094500,352875.0,352691.57552719116
20180601094600,352750.0,352933.71653556824
20180601094700,352625.0,352922.61028289795
20180601094800,352625.0,352796.0042953491
20180601094900,352750.0,352738.2456064224
20180601095000,352125.0,352807.101726532
20180601095100,352000.0,352520.5489397049
20180601095200,351750.0,352162.7802848816
20180601095300,352375.0,351967.2123193741
20180601095400,352625.0,352195.9843635559
20180601095500,352500.0,352622.7149963379
20180601095600,352625.0,352669.38948631287
20180601095700,352750.0,352680.49132823944
20180601095800,352750.0,352807.101726532
20180601095900,353250.0,352864.8648262024
20180601100000,353375.0,353140.2496099472
20180601100100,352875.0,353439.9905204773
20180601100200,352625.0,353222.36001491547
20180601100300,352750.0,352853.7585735321
20180601100400,352625.0,352807.101726532
20180601100500,352750.0,352796.0042953491
20180601100600,352625.0,352807.101726532
20180601100700,352750.0,352796.0042953491
20180601100800,352625.0,352807.101726532
20180601100900,352625.0,352796.0042953491
20180601101000,352750.0,352738.2456064224
20180601101100,352625.0,352807.101726532
20180601101200,352625.0,352796.0042953491
20180601101300,352625.0,352738.2456064224
20180601101400,352750.0,352738.2456064224
20180601101500,353125.0,352807.101726532
20180601101600,353375.0,353071.4067220688
20180601101700,353375.0,353382.28034973145
20180601101800,353250.0,353497.6918697357
20180601101900,353250.0,353428.86662483215
20180601102000,353375.0,353371.1564540863
20180601102100,353125.0,353439.9905204773
20180601102200,353375.0,353360.03255844116
20180601102300,353375.0,353382.28034973145
20180601102400,353375.0,353497.6918697357
20180601102500,353375.0,353497.6918697357
20180601102600,353250.0,353497.6918697357
20180601102700,353375.0,353428.86662483215
20180601102800,353750.0,353439.9905204773
20180601102900,353875.0,353704.158782959
20180601103000,353875.0,353945.99986076355
20180601103100,353875.0,354003.66592407227
20180601103200,354250.0,354003.66592407227
20180601103300,354125.0,354210.0534439087
20180601103400,354500.0,354314.1734600067
20180601103500,354750.00000000006,354462.886095047
20180601103600,354750.00000000006,354773.2524871826
20180601103700,354750.00000000006,354888.42141628265
20180601103800,354875.0,354888.42141628265
20180601103900,354500.0,354957.1716785431
20180601104000,354250.0,354808.4855079651
20180601104100,354250.0,354498.18527698517
20180601104200,354250.0,354382.95459747314
20180601104300,354374.99999999994,354382.95459747314
20180601104400,354374.99999999994,354451.7357349396
20180601104500,354250.0,354509.35769081116
20180601104600,354374.99999999994,354440.5765533447
20180601104700,354374.99999999994,354451.7357349396
20180601104800,354250.0,354509.35769081116
20180601104900,354374.99999999994,354440.5765533447
20180601105000,354374.99999999994,354451.7357349396
20180601105100,354250.0,354509.35769081116
20180601105200,354374.99999999994,354440.5765533447
20180601105300,354625.0,354451.7357349396
20180601105400,354625.0,354646.8846797943
20180601105500,354750.00000000006,354762.08448410034
20180601105600,355000.0,354830.8391571045
20180601105700,354750.00000000006,355025.9131193161
20180601105800,354750.00000000006,355003.555059433
20180601105900,354625.0,354888.42141628265
20180601110000,354875.0,354819.6623325348
20180601110100,354750.00000000006,354899.59383010864
20180601110200,355125.00000000006,354945.9904432297
20180601110300,355375.0,355094.6545600891
20180601110400,355250.0,355404.7563076019
20180601110500,355250.0,355451.08675956726
20180601110600,355250.0,355393.5662508011
20180601110700,355375.0,355393.5662508011
20180601110800,355375.0,355462.28563785553
20180601110900,355375.0,355519.8061466217
20180601111000,355250.0,355519.8061466217
20180601111100,355375.0,355451.08675956726
20180601111200,355375.0,355462.28563785553
20180601111300,355375.0,355519.8061466217
20180601111400,355375.0,355519.8061466217
20180601111500,355250.0,355519.8061466217
20180601111600,355375.0,355451.08675956726
20180601111700,355625.0,355462.28563785553
20180601111800,355625.0,355657.2140455246
20180601111900,355875.0,355772.2065448761
20180601112000,355875.0,355909.5747470856
20180601112100,355750.0,356024.5187282562
20180601112200,355375.0,355955.8434486389
20180601112300,355125.00000000006,355692.3015117645
20180601112400,355250.0,355382.37619400024
20180601112500,355375.0,355336.0369205475
20180601112600,355375.0,355462.28563785553
20180601112700,355375.0,355519.8061466217
20180601112800,355250.0,355519.8061466217
20180601112900,355500.0,355451.08675956726
20180601113000,355625.0,355531.00061416626
20180601113100,355875.0,355714.7169113159
20180601113200,355750.0,355909.5747470856
20180601113300,355875.0,355955.8434486389
20180601113400,356125.0,355967.0555591583
20180601113500,356375.0,356161.8604660034
20180601113600,356375.0,356414.04914855957
20180601113700,356375.0,356528.8872718811
20180601113800,356125.0,356528.8872718811
20180601113900,356125.0,356391.5984630585
20180601114000,356250.0,356276.7471075058
20180601114100,356375.0,356345.40474414825
20180601114200,356500.0,356471.47262096405
20180601114300,356750.0,356597.5184440613
20180601114400,356750.0,356792.15574264526
20180601114500,356875.0,356906.90565109253
20180601114600,356750.0,356975.5059480667
20180601114700,356875.0,356964.267373085
20180601114800,357125.0,356975.5059480667
20180601114900,357375.0,357170.03297805786
20180601115000,357500.0,357421.83351516724
20180601115100,357500.0,357604.994058609
20180601115200,357375.0,357662.2807979584
20180601115300,357500.0,357593.72901916504
20180601115400,357750.0,357604.994058609
20180601115500,357875.0,357799.3446588516
20180601115600,357875.0,357982.3772907257
20180601115700,357625.0,358039.6111011505
20180601115800,357500.0,357902.5869369507
20180601115900,357375.0,357719.5543050766
20180601120000,357250.0,357593.72901916504
20180601120100,357250.0,357467.89050102234
20180601120200,357250.0,357410.5861186981
20180601120300,357125.0,357410.5861186981
20180601120400,356750.0,357342.02110767365
20180601120500,356625.0,357078.9555311203
20180601120600,357000.0,356838.2965326309
20180601120700,357375.0,356986.7401123047
20180601120800,357250.0,357364.5203113556
20180601120900,357125.0,357467.89050102234
20180601121000,357125.0,357342.02110767365
20180601121100,357250.0,357284.7034931183
20180601121200,357375.0,357353.2729148865
20180601121300,357250.0,357479.1467189789
20180601121400,357000.0,357467.89050102234
20180601121500,356875.0,357273.44727516174
20180601121600,356875.0,357090.20733833313
20180601121700,356750.0,357032.8632593155
20180601121800,356875.0,356964.267373085
20180601121900,356750.0,356975.5059480667
20180601122000,356500.0,356964.267373085
20180601122100,356625.0,356769.6785926819
20180601122200,356750.0,356723.5378026962
20180601122300,356250.0,356849.5395183563
20180601122400,356125.0,356632.4294805527
20180601122500,355875.0,356334.1794013977
20180601122600,356000.0,356139.4318342209
20180601122700,356625.0,356093.19400787354
20180601122800,356375.0,356493.89684200287
20180601122900,356125.0,356643.6768770218
20180601123000,356625.0,356391.5984630585
20180601123100,356875.0,356551.32031440735
20180601123200,356625.0,356918.1442260742
20180601123300,356625.0,356895.6626653671
20180601123400,356625.0,356780.925989151
20180601123500,356875.0,356780.925989151
20180601123600,356875.0,356918.1442260742
20180601123700,356875.0,357032.8632593155
20180601123800,356875.0,357032.8632593155
20180601123900,356875.0,357032.8632593155
20180601124000,356875.0,357032.8632593155
20180601124100,356625.0,357032.8632593155
20180601124200,356750.0,356895.6626653671
20180601124300,356875.0,356849.5395183563
20180601124400,356625.0,356975.5059480667
20180601124500,357000.0,356895.6626653671
20180601124600,357250.0,356986.7401123047
20180601124700,357125.0,357295.9508895874
20180601124800,357000.0,357342.02110767365
20180601124900,357125.0,357216.1252498627
20180601125000,357125.0,357227.3726463318
20180601125100,357250.0,357284.7034931183
20180601125200,357375.0,357353.2729148865
20180601125300,357375.0,357479.1467189789
20180601125400,357375.0,357536.4422798157
20180601125500,357375.0,357536.4422798157
20180601125600,357250.0,357536.4422798157
20180601125700,357125.0,357467.89050102234
20180601125800,356875.0,357342.02110767365
20180601125900,356875.0,357147.54259586334
20180601130000,356875.0,357032.8632593155
20180601130100,356875.0,357032.8632593155
20180601130200,356750.0,357032.8632593155
20180601130300,357000.0,356964.267373085
20180601130400,357250.0,357044.1018342972
20180601130500,357375.0,357295.9508895874
20180601130600,357250.0,357479.1467189789
20180601130700,357375.0,357467.89050102234
20180601130800,357375.0,357479.1467189789
20180601130900,357125.0,357536.4422798157
20180601131000,356875.0,357399.32548999786
20180601131100,357000.0,357147.54259586334
20180601131200,356375.0,357101.45473480225
20180601131300,356500.0,356815.79291820526
20180601131400,356750.0,356597.5184440613
20180601131500,356750.0,356792.15574264526
20180601131600,356750.0,356906.90565109253
20180601131700,356500.0,356906.90565109253
20180601131800,356625.0,356769.6785926819
20180601131900,356375.0,356723.5378026962
20180601132000,356500.0,356643.6768770218
20180601132100,356750.0,356597.5184440613
20180601132200,356625.0,356792.15574264526
20180601132300,356750.0,356838.2965326309
20180601132400,356625.0,356849.5395183563
20180601132500,356750.0,356838.2965326309
20180601132600,356875.0,356849.5395183563
20180601132700,356875.0,356975.5059480667
20180601132800,356875.0,357032.8632593155
20180601132900,357000.0,357032.8632593155
20180601133000,357000.0,357101.45473480225
20180601133100,356875.0,357158.7944030762
20180601133200,357000.0,357090.20733833313
20180601133300,357250.0,357101.45473480225
20180601133400,357125.0,357295.9508895874
20180601133500,357000.0,357342.02110767365
20180601133600,356875.0,357216.1252498627
20180601133700,356875.0,357090.20733833313
20180601133800,356750.0,357032.8632593155
20180601133900,356375.0,356964.267373085
20180601134000,356500.0,356701.06065273285
20180601134100,356750.0,356597.5184440613
20180601134200,356875.0,356792.15574264526
20180601134300,356750.0,356975.5059480667
20180601134400,356750.0,356964.267373085
20180601134500,356750.0,356906.90565109253
20180601134600,356625.0,356906.90565109253
20180601134700,356875.0,356838.2965326309
20180601134800,356750.0,356918.1442260742
20180601134900,356875.0,356964.267373085
20180601135000,356750.0,356975.5059480667
20180601135100,356625.0,356964.267373085
20180601135200,356875.0,356838.2965326309
20180601135300,356625.0,356918.1442260742
20180601135400,356750.0,356895.6626653671
20180601135500,356375.0,356849.5395183563
20180601135600,356125.0,356701.06065273285
20180601135700,356125.0,356391.5984630585
20180601135800,356250.0,356276.7471075058
20180601135900,356125.0,356345.40474414825
20180601140000,356375.0,356334.1794013977
20180601140100,356500.0,356414.04914855957
20180601140200,356750.0,356597.5184440613
20180601140300,356875.0,356792.15574264526
20180601140400,356625.0,356975.5059480667
20180601140500,356500.0,356895.6626653671
20180601140600,356625.0,356712.3124599457
20180601140700,356750.0,356723.5378026962
20180601140800,356500.0,356849.5395183563
20180601140900,356625.0,356769.6785926819
20180601141000,356750.0,356723.5378026962
20180601141100,356625.0,356849.5395183563
20180601141200,356375.0,356838.2965326309
20180601141300,356625.0,356643.6768770218
20180601141400,357000.0,356666.140794754
20180601141500,357250.0,356986.7401123047
20180601141600,357375.0,357295.9508895874
20180601141700,357375.0,357479.1467189789
20180601141800,357125.0,357536.4422798157
20180601141900,356750.0,357399.32548999786
20180601142000,357000.0,357078.9555311203
20180601142100,356750.0,357044.1018342972
20180601142200,357000.0,357021.6202735901
20180601142300,357000.0,357044.1018342972
20180601142400,357125.0,357158.7944030762
20180601142500,357375.0,357227.3726463318
20180601142600,357250.0,357421.83351516724
20180601142700,357125.0,357467.89050102234
20180601142800,356875.0,357342.02110767365
20180601142900,356875.0,357147.54259586334
20180601143000,357000.0,357032.8632593155
20180601143100,357000.0,357101.45473480225
20180601143200,357000.0,357158.7944030762
20180601143300,356750.0,357158.7944030762
20180601143400,356875.0,357021.6202735901
20180601143500,356625.0,356975.5059480667
20180601143600,356875.0,356895.6626653671
20180601143700,356875.0,356918.1442260742
20180601143800,356750.0,357032.8632593155
20180601143900,356750.0,356964.267373085
20180601144000,356875.0,356906.90565109253
20180601144100,356625.0,356975.5059480667
20180601144200,356250.0,356895.6626653671
20180601144300,356250.0,356575.0501155853
20180601144400,356250.0,356402.82821655273
20180601144500,356000.0,356402.82821655273
20180601144600,356375.0,356265.52176475525
20180601144700,356250.0,356356.61685466766
20180601144800,356375.0,356460.2472782135
20180601144900,356250.0,356471.47262096405
20180601145000,356375.0,356460.2472782135
20180601145100,356250.0,356471.47262096405
20180601145200,356250.0,356460.2472782135
20180601145300,356375.0,356402.82821655273
20180601145400,356125.0,356471.47262096405
20180601145500,356000.0,356391.5984630585
20180601145600,355750.0,356208.08947086334
20180601145700,355875.0,356013.3022069931
20180601145800,355875.0,355967.0555591583
20180601145900,355875.0,356024.5187282562
20180601150000,355875.0,356024.5187282562
20180601150100,355875.0,356024.5187282562
20180601150200,355750.0,356024.5187282562
20180601150300,355625.0,355955.8434486389
20180601150400,355625.0,355829.68735694885
20180601150500,355375.0,355772.2065448761
20180601150600,355375.0,355634.80746746063
20180601150700,355000.0,355519.8061466217
20180601150800,354625.0,355313.6479854584
20180601150900,354875.0,354934.80920791626
20180601151000,354625.0,354899.59383010864
20180601151100,354500.0,354877.24459171295
20180601151200,354374.99999999994,354693.3254003525
20180601151300,354125.0,354566.9620037079
20180601151400,354250.0,354371.799826622
20180601151500,354500.0,354325.33264160156
20180601151600,354875.0,354520.5124616623
20180601151700,355250.0,354842.00274944305
20180601151800,355250.0,355220.9473848343
20180601151900,354750.00000000006,355393.5662508011
20180601153000,355500.0,355118.6490058899
20180601153500,355500.0,355300.8303642273
20180604090000,355750.0,355646.0151672363
20180604090100,356000.0,355783.4098339081
20180604090200,357250.0,356035.73083877563
20180604090300,358999.99999999994,356836.9777202606
20180604090400,359375.00000000006,358369.7552680969
20180604090500,359625.0,359375.24604797363
20180604090600,359625.0,359683.10713768005
20180604090700,359125.0,359797.1336841583
20180604090800,358000.0,359523.7601995468
20180604090900,356625.0,358679.82172966003
20180604091000,355250.0,357411.45944595337
20180604091100,354625.0,356025.7625579834
20180604091200,353625.0,355049.90315437317
20180604091300,354250.0,354211.8618488312
20180604091400,354250.0,354094.7301387787
20180604091500,354250.0,354382.95459747314
20180604091600,354374.99999999994,354382.95459747314
20180604091700,354500.0,354451.7357349396
20180604091800,354750.00000000006,354578.12559604645
20180604091900,354625.0,354773.2524871826
20180604092000,355000.0,354819.6623325348
20180604092100,355250.0,354968.33968162537
20180604092200,356750.0,355278.49435806274
20180604092300,357125.0,356217.7710533142
20180604092400,356500.0,357112.6888990402
20180604092500,356250.0,356941.7505264282
20180604092600,355125.00000000006,356517.65751838684
20180604092700,354875.0,355784.7683429718
20180604092800,355250.0,355129.84788417816
20180604092900,355375.0,355220.9473848343
20180604093000,355250.0,355462.28563785553
20180604093100,355250.0,355451.08675956726
20180604093200,355250.0,355393.5662508011
20180604093300,355250.0,355393.5662508011
20180604093400,355125.00000000006,355393.5662508011
20180604093500,355125.00000000006,355324.85127449036
20180604093600,355250.0,355267.3087120056
20180604093700,355125.00000000006,355336.0369205475
20180604093800,355250.0,355324.85127449036
20180604093900,355250.0,355336.0369205475
20180604094000,355250.0,355393.5662508011
20180604094100,354750.00000000006,355393.5662508011
20180604094200,354500.0,355118.6490058899
20180604094300,354250.0,354750.91207027435
20180604094400,354625.0,354498.18527698517
20180604094500,354750.00000000006,354589.2803668976
20180604094600,354625.0,354830.8391571045
20180604094700,354500.0,354819.6623325348
20180604094800,354374.99999999994,354693.3254003525
20180604094900,354250.0,354566.9620037079
20180604095000,354374.99999999994,354440.5765533447
20180604095100,354250.0,354451.7357349396
20180604095200,354125.0,354440.5765533447
20180604095300,354250.0,354314.1734600067
20180604095400,354875.0,354325.33264160156
20180604095500,355125.00000000006,354726.7985343933
20180604095600,355375.0,355152.2147655487
20180604095700,355250.0,355404.7563076019
20180604095800,355500.0,355451.08675956726
20180604095900,355875.0,355531.00061416626
20180604100000,356375.0,355852.09834575653
20180604100100,356375.0,356299.1713285446
20180604100200,356375.0,356528.8872718811
20180604100300,356500.0,356528.8872718811
20180604100400,356750.0,356597.5184440613
20180604100500,356750.0,356792.15574264526
20180604100600,356875.0,356906.90565109253
20180604100700,357000.0,356975.5059480667
20180604100800,357250.0,357101.45473480225
20180604100900,357375.0,357295.9508895874
20180604101000,357250.0,357479.1467189789
20180604101100,357375.0,357467.89050102234
20180604101200,357750.0,357479.1467189789
20180604101300,357875.0,357742.0711517334
20180604101400,358500.0,357982.3772907257
20180604101500,358875.0,358382.0480108261
20180604101600,358999.99999999994,358873.25048446655
20180604101700,359250.0,359113.01851272583
20180604101800,359125.0,359306.87952041626
20180604101900,359125.0,359352.63657569885
20180604102000,359250.0,359295.57037353516
20180604102100,358875.0,359363.94572257996
20180604102200,358875.0,359215.8682346344
20180604102300,358624.99999999994,359044.6078777313
20180604102400,358500.0,358907.7866077423
20180604102500,358875.0,358725.09801387787
20180604102600,358750.0,358873.25048446655
20180604102700,358875.0,358976.20165348053
20180604102800,358750.0,358987.5063896179
20180604102900,358500.0,358976.20165348053
20180604103000,358624.99999999994,358782.23037719727
20180604103100,358624.99999999994,358736.39392852783
20180604103200,358750.0,358793.53511333466
20180604103300,358750.0,358861.963391304
20180604103400,358750.0,358919.086933136
20180604103500,358875.0,358919.086933136
20180604103600,358875.0,358987.5063896179
20180604103700,358750.0,359044.6078777313
20180604103800,358750.0,358976.20165348053
20180604103900,358500.0,358919.086933136
20180604104000,358250.0,358782.23037719727
20180604104100,358375.0,358531.04734420776
20180604104200,358875.0,358485.15796661377
20180604104300,358875.0,358816.104888916
20180604104400,358875.0,359044.6078777313
20180604104500,358875.0,359044.6078777313
20180604104600,358500.0,359044.6078777313
20180604104700,358624.99999999994,358839.35832977295
20180604104800,358750.0,358736.39392852783
20180604104900,358624.99999999994,358861.963391304
20180604105000,358624.99999999994,358850.66747665405
20180604105100,358875.0,358793.53511333466
20180604105200,358624.99999999994,358930.38725852966
20180604105300,358624.99999999994,358907.7866077423
20180604105400,358750.0,358793.53511333466
20180604105500,358375.0,358861.963391304
20180604105600,358250.0,358713.78886699677
20180604105700,358250.0,358473.87528419495
20180604105800,358250.0,358416.6944026947
20180604105900,357875.0,358416.6944026947
20180604110000,357875.0,358211.25078201294
20180604110100,357875.0,358039.6111011505
20180604110200,357875.0,358039.6111011505
20180604110300,358125.0,358039.6111011505
20180604110400,358375.0,358176.60439014435
20180604110500,358375.0,358427.9770851135
20180604110600,358250.0,358542.338848114
20180604110700,358250.0,358473.87528419495
20180604110800,358375.0,358416.6944026947
20180604110900,358375.0,358485.15796661377
20180604111000,358375.0,358542.338848114
20180604111100,358250.0,358542.338848114
20180604111200,358375.0,358473.87528419495
20180604111300,358500.0,358485.15796661377
20180604111400,358750.0,358610.79359054565
20180604111500,358875.0,358804.8222064972
20180604111600,358875.0,358987.5063896179
20180604111700,358875.0,359044.6078777313
20180604111800,358875.0,359044.6078777313
20180604111900,358875.0,359044.6078777313
20180604112000,358875.0,359044.6078777313
20180604112100,358750.0,359044.6078777313
20180604112200,358750.0,358976.20165348053
20180604112300,358875.0,358919.086933136
20180604112400,359125.0,358987.5063896179
20180604112500,358999.99999999994,359181.40268325806
20180604112600,358750.0,359227.19061374664
20180604112700,358875.0,359033.30755233765
20180604112800,358624.99999999994,358987.5063896179
20180604112900,358875.0,358907.7866077423
20180604113000,359250.0,358930.38725852966
20180604113100,359250.0,359249.7956752777
20180604113200,359250.0,359421.00751399994
20180604113300,359250.0,359421.00751399994
20180604113400,359125.0,359421.00751399994
20180604113500,359250.0,359352.63657569885
20180604113600,359375.00000000006,359363.94572257996
20180604113700,359375.00000000006,359489.3696308136
20180604113800,359250.0,359546.41819000244
20180604113900,359375.00000000006,359478.0604839325
20180604114000,359375.00000000006,359489.3696308136
20180604114100,359375.00000000006,359546.41819000244
20180604114200,359375.00000000006,359546.41819000244
20180604114300,359250.0,359546.41819000244
20180604114400,359375.00000000006,359478.0604839325
20180604114500,359375.00000000006,359489.3696308136
20180604114600,359875.0,359546.41819000244
20180604114700,359750.00000000006,359819.76079940796
20180604114800,359750.00000000006,359979.42531108856
20180604114900,359625.0,359922.45173454285
20180604115000,359875.0,359854.13813591003
20180604115100,359750.00000000006,359933.7697029114
20180604115200,359750.00000000006,359979.42531108856
20180604115300,359875.0,359922.45173454285
20180604115400,359750.00000000006,359990.75651168823
20180604115500,359750.00000000006,359979.42531108856
20180604115600,359500.0,359922.45173454285
20180604115700,359375.00000000006,359785.80689430237
20180604115800,359250.0,359603.44910621643
20180604115900,359250.0,359478.0604839325
20180604120000,359250.0,359421.00751399994
20180604120100,359375.00000000006,359421.00751399994
20180604120200,359500.0,359489.3696308136
20180604120300,359875.0,359614.75825309753
20180604120400,359750.00000000006,359876.7740726471
20180604120500,359500.0,359979.42531108856
20180604120600,359875.0,359785.80689430237
20180604120700,359500.0,359876.7740726471
20180604120800,359375.00000000006,359842.79811382294
20180604120900,359375.00000000006,359603.44910621643
20180604121000,359500.0,359546.41819000244
20180604121100,359500.0,359614.75825309753
20180604121200,359625.0,359671.7891693115
20180604121300,359625.0,359740.1292324066
20180604121400,359250.0,359797.1336841583
20180604121500,359375.00000000006,359592.11349487305
20180604121600,359625.0,359489.3696308136
20180604121700,359625.0,359683.10713768005
20180604121800,359875.0,359797.1336841583
20180604121900,359875.0,359933.7697029114
20180604122000,359750.00000000006,360047.73008823395
20180604122100,359750.00000000006,359979.42531108856
20180604122200,359875.0,359922.45173454285
20180604122300,359875.0,359990.75651168823
20180604122400,359875.0,360047.73008823395
20180604122500,359750.00000000006,360047.73008823395
20180604122600,359875.0,359979.42531108856
20180604122700,359875.0,359990.75651168823
20180604122800,359875.0,360047.73008823395
20180604122900,359875.0,360047.73008823395
20180604123000,359750.00000000006,360047.73008823395
20180604123100,359750.00000000006,359979.42531108856
20180604123200,359625.0,359922.45173454285
20180604123300,359750.00000000006,359854.13813591003
20180604123400,359625.0,359865.45169353485
20180604123500,359375.00000000006,359854.13813591003
20180604123600,359375.00000000006,359660.4667901993
20180604123700,359375.00000000006,359546.41819000244
20180604123800,359500.0,359546.41819000244
20180604123900,359875.0,359614.75825309753
20180604124000,359750.00000000006,359876.7740726471
20180604124100,359750.00000000006,359979.42531108856
20180604124200,359875.0,359922.45173454285
20180604124300,359750.00000000006,359990.75651168823
20180604124400,359625.0,359979.42531108856
20180604124500,359875.0,359854.13813591003
20180604124600,359875.0,359933.7697029114
20180604124700,359500.0,360047.73008823395
20180604124800,359250.0,359842.79811382294
20180604124900,359250.0,359535.0914001465
20180604125000,359375.00000000006,359421.00751399994
20180604125100,359375.00000000006,359489.3696308136
20180604125200,359375.00000000006,359546.41819000244
20180604125300,359250.0,359546.41819000244
20180604125400,359125.0,359478.0604839325
20180604125500,359375.00000000006,359352.63657569885
20180604125600,359375.00000000006,359432.32107162476
20180604125700,359250.0,359546.41819000244
20180604125800,359250.0,359478.0604839325
20180604125900,359375.00000000006,359421.00751399994
20180604130000,359375.00000000006,359489.3696308136
20180604130100,359250.0,359546.41819000244
20180604130200,359375.00000000006,359478.0604839325
20180604130300,359375.00000000006,359489.3696308136
20180604130400,359375.00000000006,359546.41819000244
20180604130500,359375.00000000006,359546.41819000244
20180604130600,359375.00000000006,359546.41819000244
20180604130700,359250.0,359546.41819000244
20180604130800,359375.00000000006,359478.0604839325
20180604130900,359375.00000000006,359489.3696308136
20180604131000,359250.0,359546.41819000244
20180604131100,359125.0,359478.0604839325
20180604131200,359250.0,359352.63657569885
20180604131300,359250.0,359363.94572257996
20180604131400,359125.0,359421.00751399994
20180604131500,358500.0,359352.63657569885
20180604131600,358375.0,358953.5701274872
20180604131700,358500.0,358599.4976758957
20180604131800,358875.0,358610.79359054565
20180604131900,358875.0,358873.25048446655
20180604132000,358624.99999999994,359044.6078777313
20180604132100,358624.99999999994,358907.7866077423
20180604132200,358624.99999999994,358793.53511333466
20180604132300,358250.0,358793.53511333466
20180604132400,358375.0,358588.2017612457
20180604132500,358500.0,358485.15796661377
20180604132600,358875.0,358610.79359054565
20180604132700,358624.99999999994,358873.25048446655
20180604132800,358375.0,358907.7866077423
20180604132900,358750.0,358656.65209293365
20180604133000,358750.0,358747.67661094666
20180604133100,358624.99999999994,358919.086933136
20180604133200,358875.0,358850.66747665405
20180604133300,358750.0,358930.38725852966
20180604133400,358875.0,358976.20165348053
20180604133500,359125.0,358987.5063896179
20180604133600,359375.00000000006,359181.40268325806
20180604133700,359250.0,359432.32107162476
20180604133800,358999.99999999994,359478.0604839325
20180604133900,358750.0,359284.25681591034
20180604134000,358750.0,359033.30755233765
20180604134100,358875.0,358919.086933136
20180604134200,359250.0,358987.5063896179
20180604134300,359250.0,359249.7956752777
20180604134400,359250.0,359421.00751399994
20180604134500,359125.0,359421.00751399994
20180604134600,359375.00000000006,359352.63657569885
20180604134700,359375.00000000006,359432.32107162476
20180604134800,359375.00000000006,359546.41819000244
20180604134900,359500.0,359546.41819000244
20180604135000,359375.00000000006,359614.75825309753
20180604135100,359375.00000000006,359603.44910621643
20180604135200,359500.0,359546.41819000244
20180604135300,359625.0,359614.75825309753
20180604135400,359375.00000000006,359740.1292324066
20180604135500,359125.0,359660.4667901993
20180604135600,359250.0,359409.6939563751
20180604135700,359375.00000000006,359363.94572257996
20180604135800,359875.0,359489.3696308136
20180604135900,359625.0,359819.76079940796
20180604140000,359625.0,359911.11612319946
20180604140100,359250.0,359797.1336841583
20180604140200,359625.0,359592.11349487305
20180604140300,359625.0,359626.07181072235
20180604140400,359875.0,359797.1336841583
20180604140500,359750.00000000006,359933.7697029114
20180604140600,359750.00000000006,359979.42531108856
20180604140700,359750.00000000006,359922.45173454285
20180604140800,359875.0,359922.45173454285
20180604140900,359625.0,359990.75651168823
20180604141000,359625.0,359911.11612319946
20180604141100,359625.0,359797.1336841583
20180604141200,359750.00000000006,359797.1336841583
20180604141300,359875.0,359865.45169353485
20180604141400,359750.00000000006,359990.75651168823
20180604141500,359750.00000000006,359979.42531108856
20180604141600,359750.00000000006,359922.45173454285
20180604141700,359750.00000000006,359922.45173454285
20180604141800,359625.0,359922.45173454285
20180604141900,359750.00000000006,359854.13813591003
20180604142000,359750.00000000006,359865.45169353485
20180604142100,359625.0,359922.45173454285
20180604142200,359625.0,359854.13813591003
20180604142300,359125.0,359797.1336841583
20180604142400,359250.0,359523.7601995468
20180604142500,359500.0,359363.94572257996
20180604142600,359750.00000000006,359557.72733688354
20180604142700,359875.0,359808.4604740143
20180604142800,359500.0,359990.75651168823
20180604142900,359500.0,359842.79811382294
20180604143000,359625.0,359671.7891693115
20180604143100,359250.0,359740.1292324066
20180604143200,359375.00000000006,359592.11349487305
20180604143300,359375.00000000006,359489.3696308136
20180604143400,359375.00000000006,359546.41819000244
20180604143500,359250.0,359546.41819000244
20180604143600,359375.00000000006,359478.0604839325
20180604143700,359375.00000000006,359489.3696308136
20180604143800,359375.00000000006,359546.41819000244
20180604143900,359250.0,359546.41819000244
20180604144000,359375.00000000006,359478.0604839325
20180604144100,359750.00000000006,359489.3696308136
20180604144200,359250.0,359751.4383792877
20180604144300,359250.0,359649.1267681122
20180604144400,359250.0,359421.00751399994
20180604144500,359250.0,359421.00751399994
20180604144600,359375.00000000006,359421.00751399994
20180604144700,359375.00000000006,359489.3696308136
20180604144800,359250.0,359546.41819000244
20180604144900,358875.0,359478.0604839325
20180604145000,359125.0,359215.8682346344
20180604145100,358750.0,359181.40268325806
20180604145200,358875.0,359090.3958082199
20180604145300,359125.0,358987.5063896179
20180604145400,358750.0,359181.40268325806
20180604145500,359125.0,359090.3958082199
20180604145600,359125.0,359124.30119514465
20180604145700,359375.00000000006,359295.57037353516
20180604145800,359250.0,359432.32107162476
20180604145900,359375.00000000006,359478.0604839325
20180604150000,358875.0,359489.3696308136
20180604150100,358125.0,359272.9344367981
20180604150200,358125.0,358634.02938842773
20180604150300,358125.0,358291.0279035568
20180604150400,358000.0,358291.0279035568
20180604150500,357625.0,358222.5422859192
20180604150600,357625.0,357959.8163366318
20180604150700,357750.0,357788.07961940765
20180604150800,357500.0,357856.6093444824
20180604150900,357625.0,357776.81016921997
20180604151000,357875.0,357730.81493377686
20180604151100,357500.0,357925.12583732605
20180604151200,357375.0,357834.06603336334
20180604151300,357375.0,357593.72901916504
20180604151400,357500.0,357536.4422798157
20180604151500,357750.0,357604.994058609
20180604151600,357750.0,357799.3446588516
20180604151700,357250.0,357913.8607978821
20180604151800,357250.0,357639.72866535187
20180604151900,357375.0,357410.5861186981
20180604153000,357500.0,357479.1467189789
20180604153500,357500.0,357604.994058609
20180605090000,357750.0,357662.2807979584
20180605090100,358000.0,357799.3446588516
20180605090200,358500.0,358050.8761405945
20180605090300,359625.0,358439.2509460449
20180605090400,360000.0,359283.6260795593
20180605090500,359500.0,360002.07448005676
20180605090600,358750.0,359899.77169036865
20180605090700,358999.99999999994,359261.5988254547
20180605090800,358999.99999999994,359055.9126138687
20180605090900,358624.99999999994,359170.1111793518
20180605091000,358375.0,358964.8880958557
20180605091100,358500.0,358656.65209293365
20180605091200,358250.0,358610.79359054565
20180605091300,358375.0,358531.04734420776
20180605091400,358500.0,358485.15796661377
20180605091500,358500.0,358610.79359054565
20180605091600,358000.0,358667.95241832733
20180605091700,358000.0,358394.1069841385
20180605091800,357750.0,358165.32611846924
20180605091900,356750.0,358028.3328294754
20180605092000,356750.0,357365.4862642288
20180605092100,356750.0,356906.90565109253
20180605092200,356625.0,356906.90565109253
20180605092300,356625.0,356838.2965326309
20180605092400,355750.0,356780.925989151
20180605092500,355750.0,356300.4548549652
20180605092600,355625.0,355898.380279541
20180605092700,355625.0,355829.68735694885
20180605092800,355000.0,355772.2065448761
20180605092900,354750.00000000006,355428.67136001587
20180605093000,354750.00000000006,355003.555059433
20180605093100,354374.99999999994,354888.42141628265
20180605093200,353750.0,354682.1529865265
20180605093300,353375.0,354165.4255390167
20180605093400,353000.0,353670.75181007385
20180605093500,352500.0,353291.19408130646
20180605093600,353125.0,352842.6390886307
20180605093700,353500.0,352955.8937549591
20180605093800,353250.0,353451.105594635
20180605093900,353250.0,353486.56356334686
20180605094000,353250.0,353371.1564540863
20180605094100,353375.0,353371.1564540863
20180605094200,353250.0,353439.9905204773
20180605094300,353125.0,353428.86662483215
20180605094400,353250.0,353302.326798439
20180605094500,353250.0,353313.44628334045
20180605094600,353375.0,353371.1564540863
20180605094700,353125.0,353439.9905204773
20180605094800,353125.0,353360.03255844116
20180605094900,353125.0,353244.60780620575
20180605095000,353250.0,353244.60780620575
20180605095100,353125.0,353313.44628334045
20180605095200,353250.0,353302.326798439
20180605095300,353625.0,353313.44628334045
20180605095400,353999.99999999994,353577.6410102844
20180605095500,354500.0,353957.14139938354
20180605095600,355125.00000000006,354405.255317688
20180605095700,354374.99999999994,354979.4988632202
20180605095800,354750.00000000006,354854.86006736755
20180605095900,354625.0,354715.6569957733
20180605100000,355250.0,354819.6623325348
20180605100100,355250.0,355105.81374168396
20180605100200,354750.00000000006,355393.5662508011
20180605100300,355375.0,355118.6490058899
20180605100400,355250.0,355232.1197986603
20180605100500,355750.0,355451.08675956726
20180605100600,355625.0,355668.395280838
20180605100700,354875.0,355829.68735694885
20180605100800,354250.0,355359.9475622177
20180605100900,354125.0,354670.96292972565
20180605101000,353999.99999999994,354314.1734600067
20180605101100,354250.0,354187.7615451813
20180605101200,354125.0,354267.69745349884
20180605101300,354625.0,354314.1734600067
20180605101400,354625.0,354531.658411026
20180605101500,355250.0,354762.08448410034
20180605101600,356375.0,355105.81374168396
20180605101700,357125.0,356011.80696487427
20180605101800,357250.0,356940.5816793442
20180605101900,357375.0,357353.2729148865
20180605102000,357125.0,357479.1467189789
20180605102100,357375.0,357399.32548999786
20180605102200,357875.0,357421.83351516724
20180605102300,358250.0,357810.59646606445
20180605102400,358624.99999999994,358245.0988292694
20180605102500,359125.0,358622.0762729645
20180605102600,359250.0,359067.19529628754
20180605102700,359250.0,359363.94572257996
20180605102800,359750.00000000006,359421.00751399994
20180605102900,359750.00000000006,359694.40746307373
20180605103000,359750.00000000006,359922.45173454285
20180605103100,359875.0,359922.45173454285
20180605103200,359875.0,359990.75651168823
20180605103300,360250.0,360047.73008823395
20180605103400,360500.0,360252.5826692581
20180605103500,360750.0,360559.8747730255
20180605103600,360875.0,360810.0874423981
20180605103700,360875.0,360991.99092388153
20180605103800,360875.0,361048.8233566284
20180605103900,360750.0,361048.8233566284
20180605104000,360875.0,360980.6376695633
20180605104100,360750.0,360991.99092388153
20180605104200,360750.0,360980.6376695633
20180605104300,360750.0,360923.796415329
20180605104400,359625.0,360923.796415329
20180605104500,359375.00000000006,360309.6709251404
20180605104600,359625.0,359660.4667901993
20180605104700,359625.0,359683.10713768005
20180605104800,359500.0,359797.1336841583
20180605104900,359750.00000000006,359728.80244255066
20180605105000,359750.00000000006,359808.4604740143
20180605105100,359750.00000000006,359922.45173454285
20180605105200,359875.0,359922.45173454285
20180605105300,360000.0,359990.75651168823
20180605105400,360375.0,360116.0304546356
20180605105500,360375.0,360377.7904510498
20180605105600,360250.0,360548.5391616821
20180605105700,360250.0,360480.291724205
20180605105800,360375.0,360423.384308815
20180605105900,360250.0,360491.6361570358
20180605110000,360375.0,360480.291724205
20180605110100,360375.0,360491.6361570358
20180605110200,360375.0,360548.5391616821
20180605110300,360375.0,360548.5391616821
20180605110400,360375.0,360548.5391616821
20180605110500,360750.0,360548.5391616821
20180605110600,360625.0,360753.21531295776
20180605110700,360750.0,360855.5974960327
20180605110800,360625.0,360866.95075035095
20180605110900,360375.0,360855.5974960327
20180605111000,360250.0,360662.3054742813
20180605111100,360375.0,360480.291724205
20180605111200,360500.0,360491.6361570358
20180605111300,360875.0,360616.7733669281
20180605111400,360750.0,360878.29518318176
20180605111500,360875.0,360980.6376695633
20180605111600,360625.0,360991.99092388153
20180605111700,360625.0,360912.44316101074
20180605111800,360750.0,360798.747420311
20180605111900,360625.0,360866.95075035095
20180605112000,360250.0,360855.5974960327
20180605112100,360250.0,360594.07567977905
20180605112200,360250.0,360423.384308815
20180605112300,360250.0,360423.384308815
20180605112400,360375.0,360423.384308815
20180605112500,360125.0,360491.6361570358
20180605112600,359750.00000000006,360412.0398759842
20180605112700,359500.0,360093.3504104614
20180605112800,359500.0,359785.80689430237
20180605112900,359625.0,359671.7891693115
20180605113000,360000.0,359740.1292324066
20180605113100,360125.0,360002.07448005676
20180605113200,359875.0,360241.2602901459
20180605113300,359250.0,360161.6463661194
20180605113400,359750.00000000006,359706.1312198639
20180605113500,360125.0,359694.40746307373
20180605113600,360250.0,360127.34842300415
20180605113700,360375.0,360366.46366119385
20180605113800,360250.0,360491.6361570358
20180605113900,360250.0,360480.291724205
20180605114000,360375.0,360423.384308815
20180605114100,360625.0,360491.6361570358
20180605114200,360875.0,360684.99433994293
20180605114300,360750.0,360935.1452589035
20180605114400,360875.0,360980.6376695633
20180605114500,360875.0,360991.99092388153
20180605114600,360875.0,361048.8233566284
20180605114700,360875.0,361048.8233566284
20180605114800,360750.0,361048.8233566284
20180605114900,360875.0,360980.6376695633
20180605115000,360750.0,360991.99092388153
20180605115100,360625.0,360980.6376695633
20180605115200,360750.0,360855.5974960327
20180605115300,360375.0,360866.95075035095
20180605115400,360250.0,360719.1731929779
20180605115500,360125.0,360480.291724205
20180605115600,359875.0,360355.12363910675
20180605115700,359750.00000000006,360161.6463661194
20180605115800,360250.0,359979.42531108856
20180605115900,360250.0,360195.62673568726
20180605120000,360250.0,360423.384308815
20180605120100,360250.0,360423.384308815
20180605120200,360375.0,360423.384308815
20180605120300,360250.0,360491.6361570358
20180605120400,360375.0,360480.291724205
20180605120500,360375.0,360491.6361570358
20180605120600,360750.0,360548.5391616821
20180605120700,360875.0,360753.21531295776
20180605120800,360875.0,360991.99092388153
20180605120900,360750.0,361048.8233566284
20180605121000,360750.0,360980.6376695633
20180605121100,360750.0,360923.796415329
20180605121200,360875.0,360923.796415329
20180605121300,360875.0,360991.99092388153
20180605121400,360625.0,361048.8233566284
20180605121500,360875.0,360912.44316101074
20180605121600,360750.0,360935.1452589035
20180605121700,360875.0,360980.6376695633
20180605121800,360750.0,360991.99092388153
20180605121900,360625.0,360980.6376695633
20180605122000,360625.0,360855.5974960327
20180605122100,360875.0,360798.747420311
20180605122200,360750.0,360935.1452589035
20180605122300,360875.0,360980.6376695633
20180605122400,360750.0,360991.99092388153
20180605122500,360875.0,360980.6376695633
20180605122600,360875.0,360991.99092388153
20180605122700,360625.0,361048.8233566284
20180605122800,360375.0,360912.44316101074
20180605122900,360250.0,360662.3054742813
20180605123000,360250.0,360480.291724205
20180605123100,360250.0,360423.384308815
20180605123200,360375.0,360423.384308815
20180605123300,360375.0,360491.6361570358
20180605123400,360750.0,360548.5391616821
20180605123500,360750.0,360753.21531295776
20180605123600,360750.0,360923.796415329
20180605123700,360750.0,360923.796415329
20180605123800,360875.0,360923.796415329
20180605123900,360750.0,360991.99092388153
20180605124000,360625.0,360980.6376695633
20180605124100,360875.0,360855.5974960327
20180605124200,360750.0,360935.1452589035
20180605124300,360750.0,360980.6376695633
20180605124400,360750.0,360923.796415329
20180605124500,361125.0,360923.796415329
20180605124600,361250.0,361128.34906578064
20180605124700,361125.0,361366.90855026245
20180605124800,361250.0,361355.53765296936
20180605124900,361250.0,361366.90855026245
20180605125000,361125.0,361423.67923259735
20180605125100,361250.0,361355.53765296936
20180605125200,361250.0,361366.90855026245
20180605125300,361375.0,361423.67923259735
20180605125400,361125.0,361491.8119907379
20180605125500,361375.0,361412.312746048
20180605125600,361625.0,361435.0457191467
20180605125700,361625.0,361684.78202819824
20180605125800,361750.0,361798.22635650635
20180605125900,361750.0,361866.30177497864
20180605130000,361750.0,361923.00629615784
20180605130100,361875.0,361923.00629615784
20180605130200,361750.0,361991.0728931427
20180605130300,361500.0,361979.6931743622
20180605130400,361625.0,361786.85104846954
20180605130500,361500.0,361741.5130138397
20180605130600,361375.0,361730.1377058029
20180605130700,361625.0,361605.3136587143
20180605130800,361500.0,361684.78202819824
20180605130900,361625.0,361730.1377058029
20180605131000,361875.0,361741.5130138397
20180605131100,361750.0,361934.3771934509
20180605131200,361625.0,361979.6931743622
20180605131300,361750.0,361854.93528842926
20180605131400,361875.0,361866.30177497864
20180605131500,361875.0,361991.0728931427
20180605131600,361375.0,362047.75536060333
20180605131700,361375.0,361775.4580974579
20180605131800,361875.0,361548.56061935425
20180605131900,362250.0,361820.9549188614
20180605132000,362250.0,362251.86252593994
20180605132100,362375.0,362421.768784523
20180605132200,362250.0,362489.7692203522
20180605132300,362250.0,362478.3718585968
20180605132400,362250.0,362421.768784523
20180605132500,362250.0,362421.768784523
20180605132600,362375.0,362421.768784523
20180605132700,362125.0,362489.7692203522
20180605132800,362375.0,362410.37583351135
20180605132900,362375.0,362433.15291404724
20180605133000,362375.0,362546.36788368225
20180605133100,362375.0,362546.36788368225
20180605133200,362375.0,362546.36788368225
20180605133300,362750.0,362546.36788368225
20180605133400,362875.0,362750.27656555176
20180605133500,362875.0,362987.8656864166
20180605133600,362750.0,363044.3893671036
20180605133700,362500.0,362976.46391391754
20180605133800,362375.0,362784.0496301651
20180605133900,362375.0,362602.9577255249
20180605134000,362375.0,362546.36788368225
20180605134100,362500.0,362546.36788368225
20180605134200,362625.0,362614.35067653656
20180605134300,362625.0,362738.8880252838
20180605134400,362750.0,362795.4514026642
20180605134500,362750.0,362863.3989095688
20180605134600,362750.0,362919.9358224869
20180605134700,362625.0,362919.9358224869
20180605134800,362750.0,362852.0015478134
20180605134900,362750.0,362863.3989095688
20180605135000,362875.0,362919.9358224869
20180605135100,362750.0,362987.8656864166
20180605135200,362375.0,362976.46391391754
20180605135300,362125.0,362716.0933017731
20180605135400,362375.0,362410.37583351135
20180605135500,362625.0,362433.15291404724
20180605135600,362625.0,362682.315826416
20180605135700,362750.0,362795.4514026642
20180605135800,362500.0,362863.3989095688
20180605135900,362625.0,362784.0496301651
20180605140000,362500.0,362738.8880252838
20180605140100,362375.0,362727.49507427216
20180605140200,362750.0,362602.9577255249
20180605140300,362750.0,362750.27656555176
20180605140400,362375.0,362919.9358224869
20180605140500,362625.0,362716.0933017731
20180605140600,362750.0,362682.315826416
20180605140700,362875.0,362863.3989095688
20180605140800,362875.0,362987.8656864166
20180605140900,363125.0,363044.3893671036
20180605141000,363249.99999999994,363180.2005767822
20180605141100,363375.0,363361.0498905182
20180605141200,363125.0,363485.3667020798
20180605141300,363000.0,363406.0924053192
20180605141400,363375.0,363225.2871990204
20180605141500,363249.99999999994,363372.4516630173
20180605141600,363375.0,363473.95610809326
20180605141700,363375.0,363485.3667020798
20180605141800,363375.0,363541.8109893799
20180605141900,363375.0,363541.8109893799
20180605142000,363249.99999999994,363541.8109893799
20180605142100,363125.0,363473.95610809326
20180605142200,363249.99999999994,363349.6392965317
20180605142300,363500.0,363361.0498905182
20180605142400,363750.0,363553.21276187897
20180605142500,363875.0,363801.6964197159
20180605142600,363875.0,363982.25021362305
20180605142700,363750.0,364038.6018753052
20180605142800,363750.0,363970.8263874054
20180605142900,363875.0,363914.46590423584
20180605143000,364250.0,363982.25021362305
20180605143100,364875.0,364241.86658859253
20180605143200,365375.0,364749.21238422394
20180605143300,365125.0,365300.6479740143
20180605143400,364500.0,365390.01405239105
20180605143500,364500.0,364939.73445892334
20180605143600,364250.0,364658.7039232254
20180605143700,364750.0,364523.3337879181
20180605143800,365125.0,364681.5515756607
20180605143900,365250.0,365109.31873321533
20180605144000,365375.0,365345.3508615494
20180605144100,365375.0,365469.0237045288
20180605144200,365375.0,365525.11513233185
20180605144300,365250.0,365525.11513233185
20180605144400,365000.0,365457.5734138489
20180605144500,365000.0,365266.32356643677
20180605144600,364875.0,365154.043674469
20180605144700,365000.0,365086.44020557404
20180605144800,365250.0,365097.88167476654
20180605144900,364875.0,365289.2153263092
20180605145000,365000.0,365198.73332977295
20180605145100,365125.0,365097.88167476654
20180605145200,365000.0,365221.6339111328
20180605145300,365000.0,365210.1924419403
20180605145400,365250.0,365154.043674469
20180605145500,365375.0,365289.2153263092
20180605145600,365625.0,365469.0237045288
20180605145700,365500.0,365660.1721048355
20180605145800,365500.0,365704.7779560089
20180605145900,365625.0,365648.7218141556
20180605150000,365500.0,365716.22824668884
20180605150100,365125.0,365704.7779560089
20180605150200,365000.0,365446.1054801941
20180605150300,365250.0,365210.1924419403
20180605150400,365250.0,365289.2153263092
20180605150500,365125.0,365401.4687538147
20180605150600,365625.0,365333.90057086945
20180605150700,365250.0,365547.99807071686
20180605150800,365125.0,365569.7298049927
20180605150900,365000.0,365333.90057086945
20180605151000,365000.0,365210.1924419403
20180605151100,364750.0,365154.043674469
20180605151200,364625.0,365018.8190937042
20180605151300,364625.0,364838.81664276123
20180605151400,364625.0,364782.60612487793
20180605151500,364250.0,364782.60612487793
20180605151600,364250.0,364579.5795917511
20180605151700,364625.0,364410.7892513275
20180605151800,364625.0,364613.88194561005
20180605151900,364875.0,364782.60612487793
20180605153000,364000.00000000006,364917.8968667984
20180605153500,364000.00000000006,364556.65254592896
20180607090000,364250.0,364162.7025604248
20180607090100,364375.00000000006,364298.1917858124
20180607090200,365250.0,364478.4941673279
20180607090300,366625.0,365008.34798812866
20180607090400,366875.0,366143.8719034195
20180607090500,367125.0,366893.83947849274
20180607090600,367250.0,367140.04719257355
20180607090700,367375.0,367318.8455104828
20180607090800,367500.0,367441.80381298065
20180607090900,367750.0,367564.7180080414
20180607091000,367250.0,367754.7460794449
20180607091100,367625.0,367597.4192619324
20180607091200,367250.0,367576.1947631836
20180607091300,367250.0,367541.7380332947
20180607091400,367625.0,367374.57966804504
20180607091500,368750.0,367576.1947631836
20180607091600,370500.0,368347.1133708954
20180607091700,370625.0,369782.66048431396
20180607091800,370750.0,370622.07794189453
20180607091900,371250.0,370743.7262535095
20180607092000,371250.0,371064.8989677429
20180607092100,371375.0,371284.7480773926
20180607092200,371625.0,371351.20034217834
20180607092300,372125.0,371538.95688056946
20180607092400,372625.0,371914.09063339233
20180607092500,372499.99999999994,372398.16975593567
20180607092600,372499.99999999994,372550.64475536346
20180607092700,372625.0,372495.991230011
20180607092800,372750.0,372562.1876716614
20180607092900,372750.0,372682.9979419708
20180607093000,373500.0,372737.59853839874
20180607093100,374625.0,373134.19938087463
20180607093200,375375.0,374054.3158054352
20180607093300,375750.0,374936.7468357086
20180607093400,375375.0,375457.71741867065
20180607093500,375000.0,375423.0092763901
20180607093600,374500.0,375064.30554389954
20180607093700,374750.0,374639.3656730652
20180607093800,374500.0,374554.1853904724
20180607093900,374500.0,374531.0642719269
20180607094000,374625.0,374422.68347740173
20180607094100,374750.0,374488.4388446808
20180607094200,374625.0,374608.35814476013
20180607094300,374625.0,374596.79758548737
20180607094400,374625.0,374542.62924194336
20180607094500,374625.0,374542.62924194336
20180607094600,374500.0,374542.62924194336
20180607094700,374125.0,374476.88269615173
20180607094800,374625.0,374225.31151771545
20180607094900,374750.0,374325.7794380188
20180607095000,374875.0,374608.35814476013
20180607095100,374625.0,374728.2112836838
20180607095200,374875.0,374650.95710754395
20180607095300,374875.0,374674.06940460205
20180607095400,375125.0,374782.33993053436
20180607095500,375625.0,374913.67423534393
20180607095600,375750.0,375284.1899394989
20180607095700,375875.0,375565.61744213104
20180607095800,375875.0,375685.0162744522
20180607095900,375750.0,375738.911151886
20180607100000,375875.0,375673.446893692
20180607100100,375875.0,375685.0162744522
20180607100200,375625.0,375738.911151886
20180607100300,375750.0,375607.9694032669
20180607100400,375875.0,375565.61744213104
20180607100500,375750.0,375685.0162744522
20180607100600,376000.0,375673.446893692
20180607100700,376250.0,375750.46730041504
20180607100800,376250.0,375989.0356063843
20180607100900,376500.0,376096.6577529907
20180607101000,376875.0,376227.35249996185
20180607101100,377250.0,376530.7102203369
20180607101200,377625.0,376887.3100280762
20180607101300,377875.00000000006,377243.3717250824
20180607101400,377750.0,377533.89859199524
20180607101500,378000.0,377575.7565498352
20180607101600,378375.0,377652.3138284683
20180607101700,378375.0,377953.8675546646
20180607101800,378250.00000000006,378113.80112171173
20180607101900,378625.0,378048.9411354065
20180607102000,378750.0,378190.2084350586
20180607102100,378875.0,378414.74175453186
20180607102200,379250.0,378532.70268440247
20180607102300,379375.0,378779.99544143677
20180607102400,379375.0,379003.9200782776
20180607102500,379000.0,379056.9680929184
20180607102600,378500.0,378863.0497455597
20180607102700,378625.0,378444.77891921997
20180607102800,378625.0,378296.7367172241
20180607102900,378500.0,378349.96116161346
20180607103000,378625.0,378285.1585149765
20180607103100,378500.0,378296.7367172241
20180607103200,378375.0,378285.1585149765
20180607103300,378250.00000000006,378167.07849502563
20180607103400,378250.00000000006,378048.9411354065
20180607103500,378250.00000000006,377995.6328868866
20180607103600,378375.0,377995.6328868866
20180607103700,378375.0,378060.506105423
20180607103800,378250.00000000006,378113.80112171173
20180607103900,378250.00000000006,378048.9411354065
20180607104000,378250.00000000006,377995.6328868866
20180607104100,378375.0,377995.6328868866
20180607104200,378125.0,378060.506105423
20180607104300,378000.0,377984.054684639
20180607104400,378125.0,377812.4635219574
20180607104500,378250.00000000006,377824.04613494873
20180607104600,378375.0,377942.30699539185
20180607104700,378750.0,378060.506105423
20180607104800,378625.0,378308.2928657532
20180607104900,378625.0,378403.1767845154
20180607105000,378500.0,378349.96116161346
20180607105100,378625.0,378285.1585149765
20180607105200,378500.0,378296.7367172241
20180607105300,378250.00000000006,378285.1585149765
20180607105400,378500.0,378102.2273302078
20180607105500,378625.0,378125.3705024719
20180607105600,378500.0,378296.7367172241
20180607105700,378375.0,378285.1585149765
20180607105800,378375.0,378167.07849502563
20180607105900,378375.0,378113.80112171173
20180607110000,378250.00000000006,378113.80112171173
20180607110100,378250.00000000006,378048.9411354065
20180607110200,378125.0,377995.6328868866
20180607110300,378250.00000000006,377930.73320388794
20180607110400,378000.0,377942.30699539185
20180607110500,377875.00000000006,377865.82028865814
20180607110600,378000.0,377694.1409111023
20180607110700,378250.00000000006,377705.7147026062
20180607110800,378375.0,377888.96346092224
20180607110900,378250.00000000006,378060.506105423
20180607111000,378375.0,378048.9411354065
20180607111100,378625.0,378060.506105423
20180607111200,378875.0,378243.4813976288
20180607111300,378875.0,378479.51793670654
20180607111400,378875.0,378585.87861061096
20180607111500,378750.0,378585.87861061096
20180607111600,378875.0,378521.1333036423
20180607111700,378875.0,378532.70268440247
20180607111800,378750.0,378585.87861061096
20180607111900,378625.0,378521.1333036423
20180607112000,378875.0,378403.1767845154
20180607112100,378875.0,378479.51793670654
20180607112200,378750.0,378585.87861061096
20180607112300,378500.0,378521.1333036423
20180607112400,378500.0,378338.3917808533
20180607112500,378750.0,378231.9164276123
20180607112600,378875.0,378361.53495311737
20180607112700,378875.0,378532.70268440247
20180607112800,379000.0,378585.87861061096
20180607112900,379250.0,378650.6062746048
20180607113000,379375.0,378833.1184387207
20180607113100,379000.0,379003.9200782776
20180607113200,378875.0,378863.0497455597
20180607113300,378625.0,378639.0280723572
20180607113400,378875.0,378456.37035369873
20180607113500,378750.0,378479.51793670654
20180607113600,378750.0,378521.1333036423
20180607113700,378750.0,378467.94414520264
20180607113800,378625.0,378467.94414520264
20180607113900,378250.00000000006,378403.1767845154
20180607114000,378250.00000000006,378155.4958820343
20180607114100,378250.00000000006,377995.6328868866
20180607114200,378250.00000000006,377995.6328868866
20180607114300,378500.0,377995.6328868866
20180607114400,378625.0,378125.3705024719
20180607114500,378500.0,378296.7367172241
20180607114600,378125.0,378285.1585149765
20180607114700,378250.00000000006,378037.34970092773
20180607114800,378250.00000000006,377942.30699539185
20180607114900,378500.0,377995.6328868866
20180607115000,378875.0,378125.3705024719
20180607115100,378875.0,378426.31554603577
20180607115200,378625.0,378585.87861061096
20180607115300,378750.0,378456.37035369873
20180607115400,378750.0,378414.74175453186
20180607115500,378875.0,378467.94414520264
20180607115600,378750.0,378532.70268440247
20180607115700,378875.0,378521.1333036423
20180607115800,378750.0,378532.70268440247
20180607115900,378875.0,378521.1333036423
20180607120000,378750.0,378532.70268440247
20180607120100,378625.0,378521.1333036423
20180607120200,378750.0,378403.1767845154
20180607120300,378750.0,378414.74175453186
20180607120400,378750.0,378467.94414520264
20180607120500,378750.0,378467.94414520264
20180607120600,378875.0,378467.94414520264
20180607120700,378625.0,378532.70268440247
20180607120800,378875.0,378456.37035369873
20180607120900,378750.0,378479.51793670654
20180607121000,378875.0,378521.1333036423
20180607121100,378750.0,378532.70268440247
20180607121200,378625.0,378521.1333036423
20180607121300,378875.0,378403.1767845154
20180607121400,378750.0,378479.51793670654
20180607121500,378750.0,378521.1333036423
20180607121600,379125.0,378467.94414520264
20180607121700,379250.0,378662.15801239014
20180607121800,379250.0,378886.20615005493
20180607121900,379250.0,378939.28945064545
20180607122000,379250.0,378939.28945064545
20180607122100,379125.0,378939.28945064545
20180607122200,379375.0,378874.64118003845
20180607122300,379250.0,378950.8500099182
20180607122400,379000.0,378992.3462867737
20180607122500,378875.0,378809.9664449692
20180607122600,378875.0,378639.0280723572
20180607122700,378750.0,378585.87861061096
20180607122800,378750.0,378521.1333036423
20180607122900,378750.0,378467.94414520264
20180607123000,378750.0,378467.94414520264
20180607123100,378875.0,378467.94414520264
20180607123200,379000.0,378532.70268440247
20180607123300,379250.0,378650.6062746048
20180607123400,379125.0,378833.1184387207
20180607123500,379250.0,378874.64118003845
20180607123600,379250.0,378886.20615005493
20180607123700,379375.0,378939.28945064545
20180607123800,379125.0,379003.9200782776
20180607123900,379375.0,378927.7068376541
20180607124000,379625.0,378950.8500099182
20180607124100,379500.0,379186.14995479584
20180607124200,379375.0,379227.5800704956
20180607124300,379500.0,379109.99846458435
20180607124400,379500.0,379121.56343460083
20180607124500,379500.0,379174.58498477936
20180607124600,379500.0,379174.58498477936
20180607124700,379375.0,379174.58498477936
20180607124800,379625.0,379109.99846458435
20180607124900,379625.0,379186.14995479584
20180607125000,379250.0,379292.1313047409
20180607125100,379500.0,379098.4070301056
20180607125200,379375.0,379068.5330629349
20180607125300,379375.0,379109.99846458435
20180607125400,379375.0,379056.9680929184
20180607125500,379375.0,379056.9680929184
20180607125600,379375.0,379056.9680929184
20180607125700,379250.0,379056.9680929184
20180607125800,379250.0,378992.3462867737
20180607125900,379250.0,378939.28945064545
20180607130000,379375.0,378939.28945064545
20180607130100,379375.0,379003.9200782776
20180607130200,379125.0,379056.9680929184
20180607130300,379375.0,378927.7068376541
20180607130400,379625.0,378950.8500099182
20180607130500,379750.0,379186.14995479584
20180607130600,379375.0,379356.6825389862
20180607130700,379375.0,379215.98863601685
20180607130800,379375.0,379056.9680929184
20180607130900,379500.0,379056.9680929184
20180607131000,379500.0,379121.56343460083
20180607131100,379500.0,379174.58498477936
20180607131200,379500.0,379174.58498477936
20180607131300,379250.0,379174.58498477936
20180607131400,379375.0,379045.3898906708
20180607131500,379500.0,379003.9200782776
20180607131600,379750.0,379121.56343460083
20180607131700,379875.0,379303.7006855011
20180607131800,379875.0,379474.13182258606
20180607131900,379875.0,379527.0519256592
20180607132000,379875.0,379527.0519256592
20180607132100,379875.0,379527.0519256592
20180607132200,379750.0,379527.0519256592
20180607132300,379750.0,379462.5668525696
20180607132400,379875.0,379409.6291065216
20180607132500,380125.0,379474.13182258606
20180607132600,380375.0,379655.9911966324
20180607132700,380250.0,379890.5324935913
20180607132800,380250.0,379931.7773580551
20180607132900,380375.0,379878.9675235748
20180607133000,380250.0,379943.351149559
20180607133100,380250.0,379931.7773580551
20180607133200,380375.0,379878.9675235748
20180607133300,380375.0,379943.351149559
20180607133400,380250.0,379996.13893032074
20180607133500,380250.0,379931.7773580551
20180607133600,380250.0,379878.9675235748
20180607133700,380250.0,379878.9675235748
20180607133800,380375.0,379878.9675235748
20180607133900,380125.0,379943.351149559
20180607134000,379750.0,379867.3849105835
20180607134100,380000.0,379568.3717727661
20180607134200,380250.0,379538.6257171631
20180607134300,380625.0,379773.28610420227
20180607134400,380750.0,380072.0522403717
20180607134500,380750.0,380294.5919036865
20180607134600,380750.0,380347.3002910614
20180607134700,380500.0,380347.3002910614
20180607134800,380250.0,380218.7271118164
20180607134900,380625.0,379984.5607280731
20180607135000,380750.0,380072.0522403717
20180607135100,380625.0,380294.5919036865
20180607135200,380750.0,380283.02693367004
20180607135300,380875.0,380294.5919036865
20180607135400,380875.0,380411.5515947342
20180607135500,380875.0,380464.22028541565
20180607135600,381000.0,380464.22028541565
20180607135700,381250.0,380528.4495353699
20180607135800,381375.0,380709.4444036484
20180607135900,381375.0,380878.741979599
20180607140000,379875.0,380931.27393722534
20180607140100,379125.0,380160.6376171112
20180607140200,378500.0,379139.80627059937
20180607140300,378375.0,378497.95484542847
20180607140400,378500.0,378167.07849502563
20180607140500,378500.0,378178.6434650421
20180607140600,378625.0,378231.9164276123
20180607140700,378125.0,378296.7367172241
20180607140800,377375.0,378090.63589572906
20180607140900,377250.0,377487.5593185425
20180607141000,377750.0,377101.6148328781
20180607141100,377625.0,377308.43901634216
20180607141200,377750.0,377457.3016166687
20180607141300,377750.0,377468.88422966003
20180607141400,377625.0,377522.33362197876
20180607141500,378125.0,377457.3016166687
20180607141600,378000.0,377663.86556625366
20180607141700,378250.00000000006,377812.4635219574
20180607141800,377750.0,377888.96346092224
20180607141900,377499.99999999994,377735.92829704285
20180607142000,377875.00000000006,377392.2828435898
20180607142100,378125.0,377480.4447889328
20180607142200,378625.0,377770.6673145294
20180607142300,378625.0,378136.91782951355
20180607142400,378500.0,378349.96116161346
20180607142500,378750.0,378285.1585149765
20180607142600,378625.0,378361.53495311737
20180607142700,378625.0,378403.1767845154
20180607142800,378875.0,378349.96116161346
20180607142900,378375.0,378479.51793670654
20180607143000,378500.0,378326.7871141434
20180607143100,378625.0,378178.6434650421
20180607143200,378125.0,378296.7367172241
20180607143300,378500.0,378090.63589572906
20180607143400,378375.0,378072.07107543945
20180607143500,378250.00000000006,378167.07849502563
20180607143600,378125.0,378048.9411354065
20180607143700,378125.0,377930.73320388794
20180607143800,378125.0,377877.39849090576
20180607143900,378250.00000000006,377877.39849090576
20180607144000,378250.00000000006,377942.30699539185
20180607144100,378250.00000000006,377995.6328868866
20180607144200,377750.0,377995.6328868866
20180607144300,377499.99999999994,377735.92829704285
20180607144400,377625.0,377392.2828435898
20180607144500,377375.0,377350.3807783127
20180607144600,377375.0,377273.739695549
20180607144700,377875.00000000006,377166.7218208313
20180607144800,377750.0,377426.9777536392
20180607144900,378000.0,377575.7565498352
20180607145000,378125.0,377652.3138284683
20180607145100,378375.0,377824.04613494873
20180607145200,378500.0,378007.1978569031
20180607145300,378250.00000000006,378178.6434650421
20180607145400,378500.0,378102.2273302078
20180607145500,378875.0,378125.3705024719
20180607145600,378625.0,378426.31554603577
20180607145700,378625.0,378456.37035369873
20180607145800,378625.0,378349.96116161346
20180607145900,378250.00000000006,378349.96116161346
20180607150000,378375.0,378155.4958820343
20180607150100,378375.0,378060.506105423
20180607150200,378000.0,378113.80112171173
20180607150300,377499.99999999994,377919.1550016403
20180607150400,377499.99999999994,377499.1639852524
20180607150500,377875.00000000006,377285.32230854034
20180607150600,377750.0,377480.4447889328
20180607150700,378000.0,377575.7565498352
20180607150800,378500.0,377652.3138284683
20180607150900,378625.0,378018.7540054321
20180607151000,378375.0,378296.7367172241
20180607151100,378625.0,378220.3382253647
20180607151200,378875.0,378243.4813976288
20180607151300,378500.0,378479.51793670654
20180607151400,378750.0,378391.59417152405
20180607151500,378750.0,378361.53495311737
20180607151600,378750.0,378467.94414520264
20180607151700,378500.0,378467.94414520264
20180607151800,378625.0,378338.3917808533
20180607151900,378750.0,378296.7367172241
20180607153000,379000.0,378414.74175453186
20180607153500,379000.0,378597.44358062744
20180608090000,379250.0,378703.7425041199
20180608090100,379750.0,378833.1184387207
20180608090200,379375.0,379197.7105140686
20180608090300,379250.0,379215.98863601685
20180608090400,379375.0,378992.3462867737
20180608090500,379625.0,379003.9200782776
20180608090600,379250.0,379186.14995479584
20180608090700,379125.0,379098.4070301056
20180608090800,379625.0,378874.64118003845
20180608090900,379000.0,379080.0848007202
20180608091000,378875.0,378969.15459632874
20180608091100,379125.0,378639.0280723572
20180608091200,379000.0,378715.30747413635
20180608091300,378750.0,378756.8566799164
20180608091400,378000.0,378574.2959976196
20180608091500,378125.0,378079.02240753174
20180608091600,377875.00000000006,377824.04613494873
20180608091700,378000.0,377747.5197315216
20180608091800,378250.00000000006,377705.7147026062
20180608091900,379125.0,377888.96346092224
20180608092000,379250.0,378449.38814640045
20180608092100,379125.0,378886.20615005493
20180608092200,379000.0,378874.64118003845
20180608092300,378750.0,378756.8566799164
20180608092400,378625.0,378574.2959976196
20180608092500,379125.0,378403.1767845154
20180608092600,379250.0,378608.9997291565
20180608092700,379500.0,378886.20615005493
20180608092800,379250.0,379068.5330629349
20180608092900,379375.0,379045.3898906708
20180608093000,379250.0,379003.9200782776
20180608093100,379250.0,378992.3462867737
20180608093200,379250.0,378939.28945064545
20180608093300,379500.0,378939.28945064545
20180608093400,379125.0,379068.5330629349
20180608093500,379250.0,378980.76367378235
20180608093600,379250.0,378886.20615005493
20180608093700,379500.0,378939.28945064545
20180608093800,379375.0,379068.5330629349
20180608093900,379250.0,379109.99846458435
20180608094000,378750.0,378992.3462867737
20180608094100,378625.0,378680.5684566498
20180608094200,378625.0,378403.1767845154
20180608094300,378875.0,378349.96116161346
20180608094400,378750.0,378479.51793670654
20180608094500,378875.0,378521.1333036423
20180608094600,378875.0,378532.70268440247
20180608094700,378875.0,378585.87861061096
20180608094800,378750.0,378585.87861061096
20180608094900,379000.0,378521.1333036423
20180608095000,378750.0,378597.44358062744
20180608095100,378750.0,378574.2959976196
20180608095200,378250.00000000006,378467.94414520264
20180608095300,379000.0,378208.7423801422
20180608095400,378750.0,378384.6251964569
20180608095500,378875.0,378574.2959976196
20180608095600,378750.0,378532.70268440247
20180608095700,378750.0,378521.1333036423
20180608095800,378875.0,378467.94414520264
20180608095900,378750.0,378532.70268440247
20180608100000,379000.0,378521.1333036423
20180608100100,378750.0,378597.44358062744
20180608100200,378750.0,378574.2959976196
20180608100300,378625.0,378467.94414520264
20180608100400,377875.00000000006,378403.1767845154
20180608100500,377875.00000000006,377960.8497619629
20180608100600,378375.0,377640.74885845184
20180608100700,378625.0,377900.5196094513
20180608100800,378750.0,378243.4813976288
20180608100900,378750.0,378414.74175453186
20180608101000,378750.0,378467.94414520264
20180608101100,378625.0,378467.94414520264
20180608101200,378875.0,378403.1767845154
20180608101300,378500.0,378479.51793670654
20180608101400,378625.0,378391.59417152405
20180608101500,378625.0,378296.7367172241
20180608101600,378625.0,378349.96116161346
20180608101700,378375.0,378349.96116161346
20180608101800,378500.0,378220.3382253647
20180608101900,378750.0,378178.6434650421
20180608102000,378500.0,378361.53495311737
20180608102100,378625.0,378338.3917808533
20180608102200,378500.0,378296.7367172241
20180608102300,378750.0,378285.1585149765
20180608102400,378625.0,378361.53495311737
20180608102500,378750.0,378403.1767845154
20180608102600,378375.0,378414.74175453186
20180608102700,378375.0,378273.57149124146
20180608102800,378250.00000000006,378113.80112171173
20180608102900,378125.0,378048.9411354065
20180608103000,378375.0,377930.73320388794
20180608103100,378375.0,378007.1978569031
20180608103200,378375.0,378113.80112171173
20180608103300,378125.0,378113.80112171173
20180608103400,377124.99999999994,377984.054684639
20180608103500,376875.0,377357.46002197266
20180608103600,377124.99999999994,376798.9937067032
20180608103700,377499.99999999994,376822.1324682236
20180608103800,377625.0,377124.74036216736
20180608103900,377875.00000000006,377350.3807783127
20180608104000,377875.00000000006,377533.89859199524
20180608104100,377750.0,377640.74885845184
20180608104200,377750.0,377575.7565498352
20180608104300,377750.0,377522.33362197876
20180608104400,377875.00000000006,377522.33362197876
20180608104500,377750.0,377587.33916282654
20180608104600,377750.0,377575.7565498352
20180608104700,377750.0,377522.33362197876
20180608104800,377750.0,377522.33362197876
20180608104900,378125.0,377522.33362197876
20180608105000,377625.0,377717.2796726227
20180608105100,377375.0,377617.57481098175
20180608105200,377250.0,377273.739695549
20180608105300,377250.0,377101.6148328781
20180608105400,377000.0,377048.063993454
20180608105500,376750.0,376917.77062416077
20180608105600,376750.0,376680.16386032104
20180608105700,376375.0,376572.8328227997
20180608105800,376750.0,376377.0134449005
20180608105900,376750.0,376411.7171764374
20180608110000,376750.0,376572.8328227997
20180608110100,377000.0,376572.8328227997
20180608110200,376750.0,376703.2982110977
20180608110300,376875.0,376680.16386032104
20180608110400,376750.0,376638.07213306427
20180608110500,376875.0,376626.5115737915
20180608110600,376625.0,376638.07213306427
20180608110700,376375.0,376561.2590312958
20180608110800,376000.0,376323.28617572784
20180608110900,375250.0,376019.7035074234
20180608111000,375000.0,375465.3568267822
20180608111100,374625.0,375010.2651119232
20180608111200,374500.0,374705.08575439453
20180608111300,374000.0,374476.88269615173
20180608111400,373750.0,374159.4944000244
20180608111500,373750.0,373810.560464859
20180608111600,373750.0,373701.84445381165
20180608111700,373750.0,373701.84445381165
20180608111800,373500.0,373701.84445381165
20180608111900,373625.00000000006,373569.94557380676
20180608112000,373750.0,373527.0951986313
20180608112100,373875.0,373647.45116233826
20180608112200,374375.0,373767.7630186081
20180608112300,374250.0,374085.6056213379
20180608112400,374125.0,374236.87648773193
20180608112500,374250.0,374116.7984008789
20180608112600,374625.0,374128.3633708954
20180608112700,374500.0,374380.02276420593
20180608112800,374375.0,374476.88269615173
20180608112900,374500.0,374356.9104671478
20180608113000,374875.0,374368.4710264206
20180608113100,374875.0,374619.90547180176
20180608113200,375375.0,374782.33993053436
20180608113300,375125.0,375044.9335575104
20180608113400,375125.0,375129.91976737976
20180608113500,375375.0,375021.8389034271
20180608113600,375375.0,375153.045296669
20180608113700,375375.0,375261.09528541565
20180608113800,375625.0,375261.09528541565
20180608113900,375875.0,375392.1914100647
20180608114000,375750.0,375631.09493255615
20180608114100,375875.0,375673.446893692
20180608114200,376000.0,375685.0162744522
20180608114300,376250.0,375804.3489456177
20180608114400,376625.0,375989.0356063843
20180608114500,377000.0,376292.6800251007
20180608114600,376875.0,376649.63269233704
20180608114700,376750.0,376745.37229537964
20180608114800,377124.99999999994,376626.5115737915
20180608114900,377124.99999999994,376768.5022354126
20180608115000,377250.0,376929.3444156647
20180608115100,377000.0,376994.4999217987
20180608115200,376875.0,376917.77062416077
20180608115300,377124.99999999994,376745.37229537964
20180608115400,377625.0,376822.1324682236
20180608115500,377875.00000000006,377189.84293937683
20180608115600,377375.0,377533.89859199524
20180608115700,376750.0,377380.6869983673
20180608115800,376750.0,376841.0016298294
20180608115900,376875.0,376572.8328227997
20180608120000,376750.0,376638.07213306427
20180608120100,377124.99999999994,376626.5115737915
20180608120200,376750.0,376768.5022354126
20180608120300,376500.0,376733.794093132
20180608120400,376000.0,376442.30127334595
20180608120500,375750.0,376073.49252700806
20180608120600,375750.0,375727.3373603821
20180608120700,375750.0,375619.5387840271
20180608120800,375750.0,375619.5387840271
20180608120900,375875.0,375619.5387840271
20180608121000,376250.0,375685.0162744522
20180608121100,376625.0,375935.18924713135
20180608121200,376875.0,376292.6800251007
20180608121300,376625.0,376584.4022035599
20180608121400,376750.0,376561.2590312958
20180608121500,376750.0,376519.14966106415
20180608121600,376750.0,376572.8328227997
20180608121700,377000.0,376572.8328227997
20180608121800,377124.99999999994,376703.2982110977
20180608121900,377250.0,376875.7538795471
20180608122000,377375.0,376994.4999217987
20180608122100,377250.0,377113.1842136383
20180608122200,377124.99999999994,377101.6148328781
20180608122300,377499.99999999994,376982.9261302948
20180608122400,377375.0,377124.74036216736
20180608122500,377250.0,377220.24178504944
20180608122600,377124.99999999994,377101.6148328781
20180608122700,377250.0,376982.9261302948
20180608122800,377250.0,376994.4999217987
20180608122900,377250.0,377048.063993454
20180608123000,377750.0,377048.063993454
20180608123100,377375.0,377308.43901634216
20180608123200,376750.0,377327.22437381744
20180608123300,376750.0,376841.0016298294
20180608123400,376750.0,376572.8328227997
20180608123500,376125.0,376572.8328227997
20180608123600,376125.0,376246.37603759766
20180608123700,375625.0,375977.4662256241
20180608123800,375625.0,375715.75474739075
20180608123900,375500.0,375500.10907649994
20180608124000,375375.0,375434.5963001251
20180608124100,375250.0,375315.0827884674
20180608124200,375500.0,375195.5119371414
20180608124300,375750.0,375272.6426124573
20180608124400,375750.0,375511.6740465164
20180608124500,375750.0,375619.5387840271
20180608124600,375750.0,375619.5387840271
20180608124700,375750.0,375619.5387840271
20180608124800,375750.0,375619.5387840271
20180608124900,375625.0,375619.5387840271
20180608125000,375875.0,375554.05247211456
20180608125100,375875.0,375631.09493255615
20180608125200,375875.0,375738.911151886
20180608125300,375875.0,375738.911151886
20180608125400,375875.0,375738.911151886
20180608125500,375875.0,375738.911151886
20180608125600,375875.0,375738.911151886
20180608125700,375625.0,375738.911151886
20180608125800,375750.0,375607.9694032669
20180608125900,376250.0,375565.61744213104
20180608130000,376125.0,375881.32524490356
20180608130100,375875.0,376031.29053115845
20180608130200,376125.0,375846.64356708527
20180608130300,376375.0,375869.77791786194
20180608130400,376250.0,376108.2227230072
20180608130500,376375.0,376150.4467725754
20180608130600,376375.0,376162.0205640793
20180608130700,376250.0,376215.7963514328
20180608130800,376500.0,376150.4467725754
20180608130900,376750.0,376227.35249996185
20180608131000,376875.0,376465.44885635376
20180608131100,376750.0,376638.07213306427
20180608131200,376875.0,376626.5115737915
20180608131300,376625.0,376638.07213306427
20180608131400,376625.0,376561.2590312958
20180608131500,376625.0,376453.87506484985
20180608131600,376875.0,376453.87506484985
20180608131700,376750.0,376584.4022035599
20180608131800,376375.0,376626.5115737915
20180608131900,376250.0,376377.0134449005
20180608132000,376250.0,376150.4467725754
20180608132100,376250.0,376096.6577529907
20180608132200,376375.0,376096.6577529907
20180608132300,376625.0,376162.0205640793
20180608132400,376750.0,376346.42934799194
20180608132500,376750.0,376519.14966106415
20180608132600,376750.0,376572.8328227997
20180608132700,376625.0,376572.8328227997
20180608132800,376875.0,376507.58469104767
20180608132900,376750.0,376584.4022035599
20180608133000,376750.0,376626.5115737915
20180608133100,376625.0,376572.8328227997
20180608133200,376875.0,376507.58469104767
20180608133300,376625.0,376584.4022035599
20180608133400,376625.0,376561.2590312958
20180608133500,376750.0,376453.87506484985
20180608133600,376750.0,376519.14966106415
20180608133700,376875.0,376572.8328227997
20180608133800,376750.0,376638.07213306427
20180608133900,376625.0,376626.5115737915
20180608134000,376875.0,376507.58469104767
20180608134100,376625.0,376584.4022035599
20180608134200,376625.0,376561.2590312958
20180608134300,376875.0,376453.87506484985
20180608134400,376750.0,376584.4022035599
20180608134500,376875.0,376626.5115737915
20180608134600,376625.0,376638.07213306427
20180608134700,376625.0,376561.2590312958
20180608134800,376625.0,376453.87506484985
20180608134900,376875.0,376453.87506484985
20180608135000,376875.0,376584.4022035599
20180608135100,376750.0,376691.7288303375
20180608135200,376750.0,376626.5115737915
20180608135300,376750.0,376572.8328227997
20180608135400,376875.0,376572.8328227997
20180608135500,376875.0,376638.07213306427
20180608135600,376750.0,376691.7288303375
20180608135700,376750.0,376626.5115737915
20180608135800,376625.0,376572.8328227997
20180608135900,376625.0,376507.58469104767
20180608140000,376500.0,376453.87506484985
20180608140100,376125.0,376388.59605789185
20180608140200,376375.0,376138.86857032776
20180608140300,376375.0,376108.2227230072
20180608140400,376250.0,376215.7963514328
20180608140500,376250.0,376150.4467725754
20180608140600,376375.0,376096.6577529907
20180608140700,376250.0,376162.0205640793
20180608140800,376250.0,376150.4467725754
20180608140900,375875.0,376096.6577529907
20180608141000,375750.0,375900.4855155945
20180608141100,375750.0,375673.446893692
20180608141200,375750.0,375619.5387840271
20180608141300,375375.0,375619.5387840271
20180608141400,375250.0,375423.0092763901
20180608141500,375375.0,375195.5119371414
20180608141600,375125.0,375207.0724964142
20180608141700,375250.0,375129.91976737976
20180608141800,374875.0,375087.4443054199
20180608141900,374750.0,374944.6244239807
20180608142000,374750.0,374716.6551351547
20180608142100,374750.0,374662.5176668167
20180608142200,374750.0,374662.5176668167
20180608142300,374875.0,374662.5176668167
20180608142400,374750.0,374728.2112836838
20180608142500,374625.0,374716.6551351547
20180608142600,374750.0,374596.79758548737
20180608142700,374875.0,374608.35814476013
20180608142800,374750.0,374728.2112836838
20180608142900,374750.0,374716.6551351547
20180608143000,374875.0,374662.5176668167
20180608143100,374875.0,374728.2112836838
20180608143200,374750.0,374782.33993053436
20180608143300,374750.0,374716.6551351547
20180608143400,374750.0,374662.5176668167
20180608143500,374875.0,374662.5176668167
20180608143600,374625.0,374728.2112836838
20180608143700,374750.0,374650.95710754395
20180608143800,374875.0,374608.35814476013
20180608143900,374875.0,374728.2112836838
20180608144000,374875.0,374782.33993053436
20180608144100,374500.0,374782.33993053436
20180608144200,374000.0,374585.22379398346
20180608144300,373625.00000000006,374159.4944000244
20180608144400,373750.0,373744.64190006256
20180608144500,373625.00000000006,373647.45116233826
20180608144600,373375.0,373635.8950138092
20180608144700,373000.0,373449.5499134064
20180608144800,372750.0,373142.5533294678
20180608144900,372874.99999999994,372846.7688560486
20180608145000,372874.99999999994,372803.7464618683
20180608145100,372625.0,372858.32500457764
20180608145200,372750.0,372726.0512113571
20180608145300,372874.99999999994,372682.9979419708
20180608145400,373125.0,372803.7464618683
20180608145500,373875.0,372990.53263664246
20180608145600,373875.0,373495.7127571106
20180608145700,373750.0,373822.1254348755
20180608145800,373750.0,373756.21128082275
20180608145900,373750.0,373701.84445381165
20180608150000,373875.0,373701.84445381165
20180608150100,374250.0,373767.7630186081
20180608150200,374375.0,374019.7664499283
20180608150300,374375.0,374248.432636261
20180608150400,374375.0,374302.68478393555
20180608150500,374375.0,374302.68478393555
20180608150600,374125.0,374302.68478393555
20180608150700,373750.0,374171.0681915283
20180608150800,373875.0,373864.8920059204
20180608150900,373750.0,373767.7630186081
20180608151000,373500.0,373756.21128082275
20180608151100,373250.00000000006,373569.94557380676
20180608151200,373250.00000000006,373329.10573482513
20180608151300,373250.00000000006,373220.1647758484
20180608151400,373250.00000000006,373220.1647758484
20180608151500,373250.00000000006,373220.1647758484
20180608151600,373125.0,373220.1647758484
20180608151700,372750.0,373154.1094779968
20180608151800,372625.0,372901.3341665268
20180608151900,372750.0,372671.4506149292
20180608153000,372499.99999999994,372682.9979419708
20180608153500,372499.99999999994,372605.2762269974
20180611090000,374125.0,372495.991230011
20180611090100,375000.0,373355.2438020706
20180611090200,376125.0,374523.04553985596
20180611090300,377499.99999999994,375492.29323863983
20180611090400,377750.0,376695.7337856293
20180611090500,377000.0,377415.4260158539
20180611090600,376625.0,377131.947517395
20180611090700,375750.0,376614.92455005646
20180611090800,375250.0,375996.51181697845
20180611090900,375500.0,375357.4788570404
20180611091000,376125.0,375272.6426124573
20180611091100,376250.0,375708.10210704803
20180611091200,376500.0,376042.8555011749
20180611091300,376625.0,376227.35249996185
20180611091400,376750.0,376400.1610279083
20180611091500,376500.0,376519.14966106415
20180611091600,376125.0,376442.30127334595
20180611091700,376125.0,376138.86857032776
20180611091800,375875.0,375977.4662256241
20180611091900,375625.0,375846.64356708527
20180611092000,375500.0,375607.9694032669
20180611092100,375750.0,375434.5963001251
20180611092200,375625.0,375511.6740465164
20180611092300,375250.0,375554.05247211456
20180611092400,375125.0,375303.5089969635
20180611092500,374625.0,375075.88374614716
20180611092600,374625.0,374759.19675827026
20180611092700,374750.0,374542.62924194336
20180611092800,374625.0,374608.35814476013
20180611092900,374375.0,374596.79758548737
20180611093000,374125.0,374411.11850738525
20180611093100,374500.0,374171.0681915283
20180611093200,374250.0,374259.98878479004
20180611093300,374625.0,374291.1286354065
20180611093400,375250.0,374380.02276420593
20180611093500,375125.0,374871.1017370224
20180611093600,374875.0,375075.88374614716
20180611093700,374500.0,374890.5487060547
20180611093800,373750.0,374585.22379398346
20180611093900,373375.0,374027.7895927429
20180611094000,372874.99999999994,373503.96966934204
20180611094100,372125.0,373076.48038864136
20180611094200,371750.0,372461.305141449
20180611094300,371875.0,371934.26978588104
20180611094400,372125.0,371836.2365961075
20180611094500,372750.0,372023.6667394638
20180611094600,373500.0,372464.3882513046
20180611094700,373250.00000000006,373134.19938087463
20180611094800,373250.00000000006,373329.10573482513
20180611094900,373375.0,373220.1647758484
20180611095000,373500.0,373286.1936092377
20180611095100,374250.0,373406.6686630249
20180611095200,374375.0,373856.73213005066
20180611095300,374125.0,374248.432636261
20180611095400,374375.0,374171.0681915283
20180611095500,374125.0,374194.1804885864
20180611095600,374375.0,374171.0681915283
20180611095700,374625.0,374194.1804885864
20180611095800,374875.0,374434.2396259308
20180611095900,375250.0,374674.06940460205
20180611100000,375125.0,374979.3105125427
20180611100100,375250.0,375075.88374614716
20180611100200,375125.0,375087.4443054199
20180611100300,375125.0,375075.88374614716
20180611100400,375375.0,375021.8389034271
20180611100500,375375.0,375153.045296669
20180611100600,375250.0,375261.09528541565
20180611100700,375375.0,375195.5119371414
20180611100800,375375.0,375207.0724964142
20180611100900,375375.0,375261.09528541565
20180611101000,375250.0,375261.09528541565
20180611101100,375750.0,375195.5119371414
20180611101200,375625.0,375403.7387371063
20180611101300,375750.0,375554.05247211456
20180611101400,376250.0,375565.61744213104
20180611101500,376125.0,375881.32524490356
20180611101600,376250.0,376031.29053115845
20180611101700,376000.0,376042.8555011749
20180611101800,375875.0,375965.8968448639
20180611101900,375625.0,375792.7883863449
20180611102000,375750.0,375607.9694032669
20180611102100,375625.0,375565.61744213104
20180611102200,375875.0,375554.05247211456
20180611102300,375875.0,375631.09493255615
20180611102400,375875.0,375738.911151886
20180611102500,375750.0,375738.911151886
20180611102600,375875.0,375673.446893692
20180611102700,376375.0,375685.0162744522
20180611102800,376250.0,376000.56529045105
20180611102900,376375.0,376150.4467725754
20180611103000,376125.0,376162.0205640793
20180611103100,376125.0,376085.08837223053
20180611103200,376125.0,375977.4662256241
20180611103300,376250.0,375977.4662256241
20180611103400,376250.0,376042.8555011749
20180611103500,376375.0,376096.6577529907
20180611103600,376375.0,376162.0205640793
20180611103700,376375.0,376215.7963514328
20180611103800,376125.0,376215.7963514328
20180611103900,376250.0,376085.08837223053
20180611104000,376250.0,376042.8555011749
20180611104100,376250.0,376096.6577529907
20180611104200,376375.0,376096.6577529907
20180611104300,376250.0,376162.0205640793
20180611104400,376125.0,376150.4467725754
20180611104500,376125.0,376031.29053115845
20180611104600,376125.0,375977.4662256241
20180611104700,376375.0,375977.4662256241
20180611104800,376375.0,376108.2227230072
20180611104900,376750.0,376215.7963514328
20180611105000,376875.0,376411.7171764374
20180611105100,376625.0,376638.07213306427
20180611105200,376875.0,376561.2590312958
20180611105300,376875.0,376584.4022035599
20180611105400,377124.99999999994,376691.7288303375
20180611105500,377250.0,376822.1324682236
20180611105600,377375.0,376994.4999217987
20180611105700,377499.99999999994,377113.1842136383
20180611105800,377625.0,377231.81116580963
20180611105900,377625.0,377350.3807783127
20180611110000,377875.00000000006,377403.85222435
20180611110100,377750.0,377533.89859199524
20180611110200,377875.00000000006,377575.7565498352
20180611110300,377875.00000000006,377587.33916282654
20180611110400,377875.00000000006,377640.74885845184
20180611110500,377750.0,377640.74885845184
20180611110600,377875.00000000006,377575.7565498352
20180611110700,377875.00000000006,377587.33916282654
20180611110800,377750.0,377640.74885845184
20180611110900,377875.00000000006,377575.7565498352
20180611111000,377875.00000000006,377587.33916282654
20180611111100,378375.0,377640.74885845184
20180611111200,378375.0,377900.5196094513
20180611111300,378375.0,378113.80112171173
20180611111400,378375.0,378113.80112171173
20180611111500,378250.00000000006,378113.80112171173
20180611111600,378125.0,378048.9411354065
20180611111700,378375.0,377930.73320388794
20180611111800,378375.0,378007.1978569031
20180611111900,378250.00000000006,378113.80112171173
20180611112000,378125.0,378048.9411354065
20180611112100,378375.0,377930.73320388794
20180611112200,378500.0,378007.1978569031
20180611112300,378250.00000000006,378178.6434650421
20180611112400,378125.0,378102.2273302078
20180611112500,378375.0,377930.73320388794
20180611112600,378375.0,378007.1978569031
20180611112700,378250.00000000006,378113.80112171173
20180611112800,378375.0,378048.9411354065
20180611112900,378125.0,378060.506105423
20180611113000,378250.00000000006,377984.054684639
20180611113100,378375.0,377942.30699539185
20180611113200,378375.0,378060.506105423
20180611113300,378250.00000000006,378113.80112171173
20180611113400,378375.0,378048.9411354065
20180611113500,378125.0,378060.506105423
20180611113600,377875.00000000006,377984.054684639
20180611113700,377750.0,377747.5197315216
20180611113800,377499.99999999994,377575.7565498352
20180611113900,377250.0,377392.2828435898
20180611114000,377625.0,377155.1480293274
20180611114100,378000.0,377243.3717250824
20180611114200,378125.0,377598.8909006119
20180611114300,378250.00000000006,377824.04613494873
20180611114400,378125.0,377942.30699539185
20180611114500,378375.0,377930.73320388794
20180611114600,378625.0,378007.1978569031
20180611114700,378750.0,378243.4813976288
20180611114800,378750.0,378414.74175453186
20180611114900,378875.0,378467.94414520264
20180611115000,378750.0,378532.70268440247
20180611115100,378625.0,378521.1333036423
20180611115200,378750.0,378403.1767845154
20180611115300,378625.0,378414.74175453186
20180611115400,378750.0,378403.1767845154
20180611115500,378875.0,378414.74175453186
20180611115600,378750.0,378532.70268440247
20180611115700,378750.0,378521.1333036423
20180611115800,378500.0,378467.94414520264
20180611115900,378375.0,378338.3917808533
20180611120000,378500.0,378167.07849502563
20180611120100,378500.0,378178.6434650421
20180611120200,378375.0,378231.9164276123
20180611120300,378625.0,378167.07849502563
20180611120400,379000.0,378243.4813976288
20180611120500,379375.0,378544.26765441895
20180611120600,379250.0,378897.7711200714
20180611120700,379375.0,378992.3462867737
20180611120800,379250.0,379003.9200782776
20180611120900,379375.0,378992.3462867737
20180611121000,379375.0,379003.9200782776
20180611121100,379375.0,379056.9680929184
20180611121200,379375.0,379056.9680929184
20180611121300,379250.0,379056.9680929184
20180611121400,379250.0,378992.3462867737
20180611121500,379375.0,378939.28945064545
20180611121600,379250.0,379003.9200782776
20180611121700,379125.0,378992.3462867737
20180611121800,379250.0,378874.64118003845
20180611121900,379125.0,378886.20615005493
20180611122000,379250.0,378874.64118003845
20180611122100,379375.0,378886.20615005493
20180611122200,379250.0,379003.9200782776
20180611122300,379500.0,378992.3462867737
20180611122400,379750.0,379068.5330629349
20180611122500,379750.0,379303.7006855011
20180611122600,379750.0,379409.6291065216
20180611122700,379875.0,379409.6291065216
20180611122800,379750.0,379474.13182258606
20180611122900,379750.0,379462.5668525696
20180611123000,379625.0,379409.6291065216
20180611123100,379875.0,379345.0999259949
20180611123200,379875.0,379421.1984872818
20180611123300,379875.0,379527.0519256592
20180611123400,380125.0,379527.0519256592
20180611123500,380250.0,379655.9911966324
20180611123600,380125.0,379826.1400461197
20180611123700,379625.0,379814.56184387207
20180611123800,379625.0,379503.8866996765
20180611123900,379625.0,379292.1313047409
20180611124000,379875.0,379292.1313047409
20180611124100,380125.0,379421.1984872818
20180611124200,380375.0,379655.9911966324
20180611124300,380500.0,379890.5324935913
20180611124400,380625.0,380060.49609184265
20180611124500,380875.0,380177.5792837143
20180611124600,380750.0,380358.8652610779
20180611124700,380875.0,380399.982213974
20180611124800,380750.0,380411.5515947342
20180611124900,380750.0,380399.982213974
20180611125000,380750.0,380347.3002910614
20180611125100,380750.0,380347.3002910614
20180611125200,380625.0,380347.3002910614
20180611125300,380750.0,380283.02693367004
20180611125400,380750.0,380294.5919036865
20180611125500,380625.0,380347.3002910614
20180611125600,380875.0,380283.02693367004
20180611125700,380875.0,380358.8652610779
20180611125800,380625.0,380464.22028541565
20180611125900,380125.0,380335.7220888138
20180611130000,379750.0,379972.96929359436
20180611130100,379875.0,379568.3717727661
20180611130200,380125.0,379474.13182258606
20180611130300,380375.0,379655.9911966324
20180611130400,380500.0,379890.5324935913
20180611130500,380625.0,380060.49609184265
20180611130600,380625.0,380177.5792837143
20180611130700,380625.0,380230.30972480774
20180611130800,380750.0,380230.30972480774
20180611130900,380750.0,380294.5919036865
20180611131000,380750.0,380347.3002910614
20180611131100,380500.0,380347.3002910614
20180611131200,380250.0,380218.7271118164
20180611131300,380250.0,379984.5607280731
20180611131400,380250.0,379878.9675235748
20180611131500,380375.0,379878.9675235748
20180611131600,380500.0,379943.351149559
20180611131700,380625.0,380060.49609184265
20180611131800,380750.0,380177.5792837143
20180611131900,380750.0,380294.5919036865
20180611132000,380750.0,380347.3002910614
20180611132100,380750.0,380347.3002910614
20180611132200,380875.0,380347.3002910614
20180611132300,380875.0,380411.5515947342
20180611132400,380750.0,380464.22028541565
20180611132500,380750.0,380399.982213974
20180611132600,380375.0,380347.3002910614
20180611132700,380250.0,380154.41846847534
20180611132800,380250.0,379931.7773580551
20180611132900,380500.0,379878.9675235748
20180611133000,380500.0,380007.70831108093
20180611133100,380625.0,380113.2574081421
20180611133200,380625.0,380177.5792837143
20180611133300,380625.0,380230.30972480774
20180611133400,380750.0,380230.30972480774
20180611133500,380875.0,380294.5919036865
20180611133600,380750.0,380411.5515947342
20180611133700,380750.0,380399.982213974
20180611133800,380875.0,380347.3002910614
20180611133900,380500.0,380411.5515947342
20180611134000,380875.0,380271.43108844757
20180611134100,380750.0,380306.156873703
20180611134200,381125.0,380399.982213974
20180611134300,381250.0,380540.0012731552
20180611134400,381125.0,380762.0425224304
20180611134500,381375.0,380750.4599094391
20180611134600,381000.0,380826.17473602295
20180611134700,380625.0,380738.88170719147
20180611134800,380375.0,380388.39960098267
20180611134900,380250.0,380101.67920589447
20180611135000,380000.0,379931.7773580551
20180611135100,379750.0,379750.1517534256
20180611135200,379750.0,379515.4781341553
20180611135300,379500.0,379409.6291065216
20180611135400,379875.0,379280.557513237
20180611135500,379750.0,379368.22986602783
20180611135600,379875.0,379462.5668525696
20180611135700,379750.0,379474.13182258606
20180611135800,379750.0,379462.5668525696
20180611135900,379750.0,379409.6291065216
20180611140000,380000.0,379409.6291065216
20180611140100,380125.0,379538.6257171631
20180611140200,380500.0,379708.86278152466
20180611140300,380750.0,379954.9072980881
20180611140400,380875.0,380241.8746948242
20180611140500,381375.0,380411.5515947342
20180611140600,381250.0,380720.9873199463
20180611140700,381125.0,380867.1681880951
20180611140800,380875.0,380750.4599094391
20180611140900,380625.0,380569.504737854
20180611141000,380750.0,380335.7220888138
20180611141100,380750.0,380294.5919036865
20180611141200,380750.0,380347.3002910614
20180611141300,380875.0,380347.3002910614
20180611141400,380750.0,380411.5515947342
20180611141500,380875.0,380399.982213974
20180611141600,380875.0,380411.5515947342
20180611141700,380875.0,380464.22028541565
20180611141800,380875.0,380464.22028541565
20180611141900,381375.0,380464.22028541565
20180611142000,381375.0,380720.9873199463
20180611142100,381125.0,380931.27393722534
20180611142200,381000.0,380803.02715301514
20180611142300,381250.0,380633.6942911148
20180611142400,381250.0,380709.4444036484
20180611142500,381250.0,380814.60535526276
20180611142600,381375.0,380814.60535526276
20180611142700,381375.0,380878.741979599
20180611142800,381375.0,380931.27393722534
20180611142900,381250.0,380931.27393722534
20180611143000,381250.0,380867.1681880951
20180611143100,381250.0,380814.60535526276
20180611143200,381625.0,380814.60535526276
20180611143300,381875.0,381006.9181919098
20180611143400,381875.0,381292.4609184265
20180611143500,381749.99999999994,381397.30870723724
20180611143600,381749.99999999994,381333.32204818726
20180611143700,381875.0,381280.90476989746
20180611143800,381625.0,381344.89583969116
20180611143900,381250.0,381269.3221569061
20180611144000,381500.0,380972.2100496292
20180611144100,381625.0,380942.84331798553
20180611144200,381749.99999999994,381111.94241046906
20180611144300,381875.0,381228.45220565796
20180611144400,381625.0,381344.89583969116
20180611144500,381625.0,381269.3221569061
20180611144600,381875.0,381164.4170284271
20180611144700,381625.0,381292.4609184265
20180611144800,381250.0,381269.3221569061
20180611144900,381250.0,380972.2100496292
20180611145000,381375.0,380814.60535526276
20180611145100,381375.0,380878.741979599
20180611145200,381375.0,380931.27393722534
20180611145300,381625.0,380931.27393722534
20180611145400,381875.0,381059.4457387924
20180611145500,381875.0,381292.4609184265
20180611145600,381749.99999999994,381397.30870723724
20180611145700,381749.99999999994,381333.32204818726
20180611145800,381875.0,381280.90476989746
20180611145900,381749.99999999994,381344.89583969116
20180611150000,381749.99999999994,381333.32204818726
20180611150100,382000.0,381280.90476989746
20180611150200,382250.0,381408.8736772537
20180611150300,382250.0,381641.50071144104
20180611150400,382375.0,381746.1544275284
20180611150500,382250.0,381810.0175857544
20180611150600,382375.0,381798.4482049942
20180611150700,382375.0,381810.0175857544
20180611150800,382250.0,381862.3025417328
20180611150900,382375.0,381798.4482049942
20180611151000,382250.0,381810.0175857544
20180611151100,382375.0,381798.4482049942
20180611151200,382500.00000000006,381810.0175857544
20180611151300,382250.0,381926.1348247528
20180611151400,382250.0,381850.7287502289
20180611151500,382750.0,381746.1544275284
20180611151600,382625.0,382001.4967918396
20180611151700,382500.00000000006,382146.61026000977
20180611151800,382375.0,382030.62534332275
20180611151900,382250.0,381914.5698547363
20180611153000,380500.0,381798.4482049942
20180611153500,380500.0,380849.9574661255
20180612090000,379375.0,380113.2574081421
20180612090100,380000.0,379533.54012966156
20180612090200,381000.0,379379.7816038132
20180612090300,381500.0,380159.4467163086
20180612090400,381500.0,380837.7220630646
20180612090500,381875.0,381047.88076877594
20180612090600,381625.0,381240.008354187
20180612090700,380625.0,381269.3221569061
20180612090800,380000.0,380651.47840976715
20180612090900,379500.0,379908.58125686646
20180612091000,380000.0,379386.4550590515
20180612091100,380000.0,379432.75022506714
20180612091200,380375.0,379644.4174051285
20180612091300,381500.0,379837.70060539246
20180612091400,381875.0,380574.59473609924
20180612091500,382250.0,381240.008354187
20180612091600,382250.0,381589.1363620758
20180612091700,382000.0,381746.1544275284
20180612091800,382124.99999999994,381618.36194992065
20180612091900,381625.0,381577.5890350342
20180612092000,382000.0,381374.152302742
20180612092100,381875.0,381356.4519882202
20180612092200,382000.0,381449.7039318085
20180612092300,381875.0,381461.2777233124
20180612092400,381875.0,381449.7039318085
20180612092500,381749.99999999994,381397.30870723724
20180612092600,381749.99999999994,381333.32204818726
20180612092700,381749.99999999994,381280.90476989746
20180612092800,380875.0,381280.90476989746
20180612092900,381000.0,380832.37624168396
20180612093000,380625.0,380528.4495353699
20180612093100,380875.0,380388.39960098267
20180612093200,380750.0,380358.8652610779
20180612093300,380625.0,380399.982213974
20180612093400,380875.0,380283.02693367004
20180612093500,380875.0,380358.8652610779
20180612093600,381125.0,380464.22028541565
20180612093700,381375.0,380592.6434993744
20180612093800,381375.0,380826.17473602295
20180612093900,380875.0,380931.27393722534
20180612094000,380875.0,380674.7097969055
20180612094100,380750.0,380464.22028541565
20180612094200,380875.0,380399.982213974
20180612094300,381125.0,380411.5515947342
20180612094400,381500.0,380592.6434993744
20180612094500,381250.0,380890.2893066406
20180612094600,381250.0,380919.70014572144
20180612094700,381250.0,380814.60535526276
20180612094800,380875.0,380814.60535526276
20180612094900,380875.0,380622.1116781235
20180612095000,380750.0,380464.22028541565
20180612095100,381375.0,380399.982213974
20180612095200,381375.0,380668.3759689331
20180612095300,381250.0,380931.27393722534
20180612095400,381125.0,380867.1681880951
20180612095500,381250.0,380750.4599094391
20180612095600,381000.0,380762.0425224304
20180612095700,380750.0,380686.3012313843
20180612095800,380875.0,380452.64649391174
20180612095900,380750.0,380411.5515947342
20180612100000,380250.0,380399.982213974
20180612100100,380250.0,380090.0877714157
20180612100200,380250.0,379878.9675235748
20180612100300,380375.0,379878.9675235748
20180612100400,380375.0,379943.351149559
20180612100500,380250.0,379996.13893032074
20180612100600,380250.0,379931.7773580551
20180612100700,380250.0,379878.9675235748
20180612100800,380250.0,379878.9675235748
20180612100900,380375.0,379878.9675235748
20180612101000,380750.0,379943.351149559
20180612101100,380625.0,380189.13543224335
20180612101200,380750.0,380283.02693367004
20180612101300,380750.0,380294.5919036865
20180612101400,380750.0,380347.3002910614
20180612101500,380750.0,380347.3002910614
20180612101600,380750.0,380347.3002910614
20180612101700,380875.0,380347.3002910614
20180612101800,380750.0,380411.5515947342
20180612101900,380750.0,380399.982213974
20180612102000,380625.0,380347.3002910614
20180612102100,380625.0,380283.02693367004
20180612102200,380625.0,380230.30972480774
20180612102300,380625.0,380230.30972480774
20180612102400,380625.0,380230.30972480774
20180612102500,380750.0,380230.30972480774
20180612102600,380875.0,380294.5919036865
20180612102700,380750.0,380411.5515947342
20180612102800,380750.0,380399.982213974
20180612102900,380625.0,380347.3002910614
20180612103000,380750.0,380283.02693367004
20180612103100,380875.0,380294.5919036865
20180612103200,380750.0,380411.5515947342
20180612103300,380625.0,380399.982213974
20180612103400,380750.0,380283.02693367004
20180612103500,380750.0,380294.5919036865
20180612103600,380750.0,380347.3002910614
20180612103700,380750.0,380347.3002910614
20180612103800,380750.0,380347.3002910614
20180612103900,380750.0,380347.3002910614
20180612104000,380625.0,380347.3002910614
20180612104100,380250.0,380283.02693367004
20180612104200,380250.0,380037.3396873474
20180612104300,380125.0,379878.9675235748
20180612104400,380125.0,379814.56184387207
20180612104500,380125.0,379761.7255449295
20180612104600,380125.0,379761.7255449295
20180612104700,380125.0,379761.7255449295
20180612104800,380000.0,379761.7255449295
20180612104900,379750.0,379697.29340076447
20180612105000,379750.0,379515.4781341553
20180612105100,379625.0,379409.6291065216
20180612105200,379625.0,379345.0999259949
20180612105300,379625.0,379292.1313047409
20180612105400,379625.0,379292.1313047409
20180612105500,379375.0,379292.1313047409
20180612105600,379125.0,379162.9979610443
20180612105700,379250.0,378927.7068376541
20180612105800,379125.0,378886.20615005493
20180612105900,378750.0,378874.64118003845
20180612110000,378375.0,378627.44545936584
20180612110100,378125.0,378273.57149124146
20180612110200,378250.00000000006,377984.054684639
20180612110300,378250.00000000006,377942.30699539185
20180612110400,378125.0,377995.6328868866
20180612110500,377875.00000000006,377930.73320388794
20180612110600,377875.00000000006,377747.5197315216
20180612110700,377750.0,377640.74885845184
20180612110800,377750.0,377575.7565498352
20180612110900,377750.0,377522.33362197876
20180612111000,377875.00000000006,377522.33362197876
20180612111100,377625.0,377587.33916282654
20180612111200,377875.00000000006,377510.75983047485
20180612111300,377625.0,377533.89859199524
20180612111400,377750.0,377510.75983047485
20180612111500,377625.0,377468.88422966003
20180612111600,377875.00000000006,377457.3016166687
20180612111700,377750.0,377533.89859199524
20180612111800,377750.0,377575.7565498352
20180612111900,377875.00000000006,377522.33362197876
20180612112000,378375.0,377587.33916282654
20180612112100,378250.00000000006,377900.5196094513
20180612112200,378125.0,378048.9411354065
20180612112300,378250.00000000006,377930.73320388794
20180612112400,378375.0,377942.30699539185
20180612112500,378750.0,378060.506105423
20180612112600,379125.0,378308.2928657532
20180612112700,379750.0,378662.15801239014
20180612112800,379875.0,379144.67573165894
20180612112900,379625.0,379474.13182258606
20180612113000,379500.0,379398.0464935303
20180612113100,379625.0,379227.5800704956
20180612113200,379750.0,379239.1494512558
20180612113300,379750.0,379356.6825389862
20180612113400,379750.0,379409.6291065216
20180612113500,379625.0,379409.6291065216
20180612113600,379625.0,379345.0999259949
20180612113700,379875.0,379292.1313047409
20180612113800,379750.0,379421.1984872818
20180612113900,379750.0,379462.5668525696
20180612114000,379625.0,379409.6291065216
20180612114100,379625.0,379345.0999259949
20180612114200,379875.0,379292.1313047409
20180612114300,379500.0,379421.1984872818
20180612114400,379375.0,379333.5129022598
20180612114500,379125.0,379109.99846458435
20180612114600,379250.0,378927.7068376541
20180612114700,379250.0,378886.20615005493
20180612114800,379625.0,378939.28945064545
20180612114900,379750.0,379133.1195831299
20180612115000,379625.0,379356.6825389862
20180612115100,379625.0,379345.0999259949
20180612115200,378750.0,379292.1313047409
20180612115300,378750.0,378839.8404121399
20180612115400,378750.0,378467.94414520264
20180612115500,378625.0,378467.94414520264
20180612115600,378750.0,378403.1767845154
20180612115700,378750.0,378414.74175453186
20180612115800,378625.0,378467.94414520264
20180612115900,378875.0,378403.1767845154
20180612120000,378750.0,378479.51793670654
20180612120100,378750.0,378521.1333036423
20180612120200,378750.0,378467.94414520264
20180612120300,378875.0,378467.94414520264
20180612120400,378625.0,378532.70268440247
20180612120500,378875.0,378456.37035369873
20180612120600,378750.0,378479.51793670654
20180612120700,378750.0,378521.1333036423
20180612120800,378750.0,378467.94414520264
20180612120900,378875.0,378467.94414520264
20180612121000,378750.0,378532.70268440247
20180612121100,378750.0,378521.1333036423
20180612121200,378875.0,378467.94414520264
20180612121300,378750.0,378532.70268440247
20180612121400,378750.0,378521.1333036423
20180612121500,378750.0,378467.94414520264
20180612121600,378750.0,378467.94414520264
20180612121700,378625.0,378467.94414520264
20180612121800,378750.0,378403.1767845154
20180612121900,378750.0,378414.74175453186
20180612122000,378875.0,378467.94414520264
20180612122100,378750.0,378532.70268440247
20180612122200,379250.0,378521.1333036423
20180612122300,379875.0,378726.8592119217
20180612122400,379875.0,379262.2573375702
20180612122500,379750.0,379527.0519256592
20180612122600,379875.0,379462.5668525696
20180612122700,379750.0,379474.13182258606
20180612122800,379625.0,379462.5668525696
20180612122900,379875.0,379345.0999259949
20180612123000,379875.0,379421.1984872818
20180612123100,379875.0,379527.0519256592
20180612123200,380125.0,379527.0519256592
20180612123300,380375.0,379655.9911966324
20180612123400,380250.0,379890.5324935913
20180612123500,380375.0,379931.7773580551
20180612123600,380250.0,379943.351149559
20180612123700,380250.0,379931.7773580551
20180612123800,380250.0,379878.9675235748
20180612123900,380250.0,379878.9675235748
20180612124000,380375.0,379878.9675235748
20180612124100,380250.0,379943.351149559
20180612124200,380125.0,379931.7773580551
20180612124300,379750.0,379814.56184387207
20180612124400,379625.0,379568.3717727661
20180612124500,379750.0,379345.0999259949
20180612124600,379875.0,379356.6825389862
20180612124700,379750.0,379474.13182258606
20180612124800,379750.0,379462.5668525696
20180612124900,379875.0,379409.6291065216
20180612125000,379750.0,379474.13182258606
20180612125100,379625.0,379462.5668525696
20180612125200,379750.0,379345.0999259949
20180612125300,379750.0,379356.6825389862
20180612125400,379875.0,379409.6291065216
20180612125500,379750.0,379474.13182258606
20180612125600,379750.0,379462.5668525696
20180612125700,379750.0,379409.6291065216
20180612125800,379875.0,379409.6291065216
20180612125900,379625.0,379474.13182258606
20180612130000,379375.0,379398.0464935303
20180612130100,379250.0,379162.9979610443
20180612130200,379250.0,378992.3462867737
20180612130300,379375.0,378939.28945064545
20180612130400,379250.0,379003.9200782776
20180612130500,379250.0,378992.3462867737
20180612130600,379250.0,378939.28945064545
20180612130700,379250.0,378939.28945064545
20180612130800,379375.0,378939.28945064545
20180612130900,379500.0,379003.9200782776
20180612131000,380250.0,379121.56343460083
20180612131100,380375.0,379561.72037124634
20180612131200,380375.0,379943.351149559
20180612131300,380250.0,379996.13893032074
20180612131400,380375.0,379931.7773580551
20180612131500,380250.0,379943.351149559
20180612131600,380375.0,379931.7773580551
20180612131700,380250.0,379943.351149559
20180612131800,380250.0,379931.7773580551
20180612131900,379875.0,379878.9675235748
20180612132000,379875.0,379685.7063770294
20180612132100,380000.0,379527.0519256592
20180612132200,380375.0,379591.52817726135
20180612132300,380125.0,379837.70060539246
20180612132400,380375.0,379867.3849105835
20180612132500,380000.0,379890.5324935913
20180612132600,379875.0,379802.97923088074
20180612132700,380000.0,379579.95438575745
20180612132800,380375.0,379591.52817726135
20180612132900,380375.0,379837.70060539246
20180612133000,380500.0,379996.13893032074
20180612133100,380250.0,380060.49609184265
20180612133200,380250.0,379984.5607280731
20180612133300,380375.0,379878.9675235748
20180612133400,380625.0,379943.351149559
20180612133500,381000.0,380124.81796741486
20180612133600,380875.0,380423.1165647507
20180612133700,380875.0,380516.87133312225
20180612133800,380750.0,380464.22028541565
20180612133900,380875.0,380399.982213974
20180612134000,380750.0,380411.5515947342
20180612134100,380875.0,380399.982213974
20180612134200,380750.0,380411.5515947342
20180612134300,380750.0,380399.982213974
20180612134400,380625.0,380347.3002910614
20180612134500,380750.0,380283.02693367004
20180612134600,380750.0,380294.5919036865
20180612134700,380750.0,380347.3002910614
20180612134800,380625.0,380347.3002910614
20180612134900,380750.0,380283.02693367004
20180612135000,380125.0,380294.5919036865
20180612135100,380250.0,380025.7394313812
20180612135200,380250.0,379826.1400461197
20180612135300,380250.0,379878.9675235748
20180612135400,380000.0,379878.9675235748
20180612135500,379875.0,379750.1517534256
20180612135600,379750.0,379579.95438575745
20180612135700,379625.0,379462.5668525696
20180612135800,379750.0,379345.0999259949
20180612135900,379625.0,379356.6825389862
20180612140000,379750.0,379345.0999259949
20180612140100,379750.0,379356.6825389862
20180612140200,379750.0,379409.6291065216
20180612140300,379750.0,379409.6291065216
20180612140400,379875.0,379409.6291065216
20180612140500,380125.0,379474.13182258606
20180612140600,380500.0,379655.9911966324
20180612140700,380625.0,379954.9072980881
20180612140800,380625.0,380177.5792837143
20180612140900,380875.0,380230.30972480774
20180612141000,380375.0,380358.8652610779
20180612141100,380250.0,380207.14008808136
20180612141200,380125.0,379931.7773580551
20180612141300,379625.0,379814.56184387207
20180612141400,379750.0,379503.8866996765
20180612141500,379625.0,379356.6825389862
20180612141600,379875.0,379345.0999259949
20180612141700,380250.0,379421.1984872818
20180612141800,380375.0,379720.42775154114
20180612141900,380250.0,379943.351149559
20180612142000,380375.0,379931.7773580551
20180612142100,380375.0,379943.351149559
20180612142200,380375.0,379996.13893032074
20180612142300,380375.0,379996.13893032074
20180612142400,380625.0,379996.13893032074
20180612142500,380875.0,380124.81796741486
20180612142600,380750.0,380358.8652610779
20180612142700,380875.0,380399.982213974
20180612142800,380875.0,380411.5515947342
20180612142900,381125.0,380464.22028541565
20180612143000,381250.0,380592.6434993744
20180612143100,381375.0,380762.0425224304
20180612143200,381500.0,380878.741979599
20180612143300,381375.0,380995.37086486816
20180612143400,381375.0,380983.8058948517
20180612143500,381375.0,380931.27393722534
20180612143600,381375.0,380931.27393722534
20180612143700,381375.0,380931.27393722534
20180612143800,381625.0,380931.27393722534
20180612143900,381875.0,381059.4457387924
20180612144000,381875.0,381292.4609184265
20180612144100,381875.0,381397.30870723724
20180612144200,381500.0,381397.30870723724
20180612144300,381375.0,381205.2958011627
20180612144400,381250.0,380983.8058948517
20180612144500,381250.0,380867.1681880951
20180612144600,381375.0,380814.60535526276
20180612144700,381375.0,380878.741979599
20180612144800,381125.0,380931.27393722534
20180612144900,381625.0,380803.02715301514
20180612145000,381749.99999999994,380954.3950557709
20180612145100,381625.0,381228.45220565796
20180612145200,381749.99999999994,381216.87841415405
20180612145300,381749.99999999994,381228.45220565796
20180612145400,382124.99999999994,381280.90476989746
20180612145500,382375.0,381472.825050354
20180612145600,382375.0,381757.71498680115
20180612145700,382250.0,381862.3025417328
20180612145800,382124.99999999994,381798.4482049942
20180612145900,381500.0,381682.2692155838
20180612150000,381000.0,381310.14800071716
20180612150100,380875.0,380791.4357185364
20180612150200,380750.0,380516.87133312225
20180612150300,381125.0,380399.982213974
20180612150400,381375.0,380540.0012731552
20180612150500,381625.0,380826.17473602295
20180612150600,381749.99999999994,381059.4457387924
20180612150700,381875.0,381228.45220565796
20180612150800,381749.99999999994,381344.89583969116
20180612150900,381749.99999999994,381333.32204818726
20180612151000,381749.99999999994,381280.90476989746
20180612151100,381625.0,381280.90476989746
20180612151200,381625.0,381216.87841415405
20180612151300,381625.0,381164.4170284271
20180612151400,381625.0,381164.4170284271
20180612151500,381625.0,381164.4170284271
20180612151600,380750.0,381164.4170284271
20180612151700,380875.0,380715.6767845154
20180612151800,380750.0,380411.5515947342
20180612151900,380875.0,380399.982213974
20180612153000,381500.0,380411.5515947342
20180612153500,381500.0,380785.1371765137
20180614090000,378250.00000000006,381047.88076877594
20180614090100,378875.0,379375.5031824112
20180614090200,378750.0,378319.8401927948
20180614090300,378625.0,378521.1333036423
20180614090400,378250.00000000006,378403.1767845154
20180614090500,376625.0,378155.4958820343
20180614090600,374875.0,377150.5432128906
20180614090700,375250.0,375538.2752418518
20180614090800,374875.0,374979.3105125427
20180614090900,374750.0,374944.6244239807
20180614091000,374875.0,374716.6551351547
20180614091100,375250.0,374728.2112836838
20180614091200,375250.0,374979.3105125427
20180614091300,375750.0,375141.48473739624
20180614091400,376500.0,375403.7387371063
20180614091500,376375.0,376012.1126174927
20180614091600,376250.0,376269.55449581146
20180614091700,376125.0,376150.4467725754
20180614091800,376250.0,376031.29053115845
20180614091900,376125.0,376042.8555011749
20180614092000,376000.0,376031.29053115845
20180614092100,375750.0,375912.0681285858
20180614092200,375500.0,375727.3373603821
20180614092300,375750.0,375488.53969573975
20180614092400,375625.0,375511.6740465164
20180614092500,375625.0,375554.05247211456
20180614092600,375625.0,375500.10907649994
20180614092700,375625.0,375500.10907649994
20180614092800,375625.0,375500.10907649994
20180614092900,375625.0,375500.10907649994
20180614093000,375875.0,375500.10907649994
20180614093100,376250.0,375631.09493255615
20180614093200,376375.0,375935.18924713135
20180614093300,376250.0,376162.0205640793
20180614093400,375750.0,376150.4467725754
20180614093500,376000.0,375835.0521326065
20180614093600,376250.0,375750.46730041504
20180614093700,376250.0,375989.0356063843
20180614093800,376125.0,376096.6577529907
20180614093900,376500.0,376031.29053115845
20180614094000,377625.0,376173.5723018646
20180614094100,378625.0,376921.8990802765
20180614094200,378875.0,377923.57897758484
20180614094300,379250.0,378479.51793670654
20180614094400,379375.0,378779.99544143677
20180614094500,379375.0,379003.9200782776
20180614094600,380000.0,379056.9680929184
20180614094700,380125.0,379379.7816038132
20180614094800,380125.0,379708.86278152466
20180614094900,379625.0,379761.7255449295
20180614095000,379750.0,379503.8866996765
20180614095100,379625.0,379356.6825389862
20180614095200,379750.0,379345.0999259949
20180614095300,379750.0,379356.6825389862
20180614095400,379750.0,379409.6291065216
20180614095500,379375.0,379409.6291065216
20180614095600,379125.0,379215.98863601685
20180614095700,379625.0,378927.7068376541
20180614095800,379625.0,379080.0848007202
20180614095900,380125.0,379292.1313047409
20180614100000,380125.0,379550.1730442047
20180614100100,380250.0,379761.7255449295
20180614100200,380125.0,379826.1400461197
20180614100300,379875.0,379814.56184387207
20180614100400,379875.0,379632.8480243683
20180614100500,379750.0,379527.0519256592
20180614100600,379750.0,379462.5668525696
20180614100700,380125.0,379409.6291065216
20180614100800,380250.0,379603.09314727783
20180614100900,380250.0,379826.1400461197
20180614101000,380125.0,379878.9675235748
20180614101100,380125.0,379814.56184387207
20180614101200,380125.0,379761.7255449295
20180614101300,380250.0,379761.7255449295
20180614101400,380750.0,379826.1400461197
20180614101500,380625.0,380136.3741159439
20180614101600,380625.0,380283.02693367004
20180614101700,380750.0,380230.30972480774
20180614101800,380750.0,380294.5919036865
20180614101900,380625.0,380347.3002910614
20180614102000,380625.0,380283.02693367004
20180614102100,380625.0,380230.30972480774
20180614102200,380625.0,380230.30972480774
20180614102300,380875.0,380230.30972480774
20180614102400,381125.0,380358.8652610779
20180614102500,381250.0,380592.6434993744
20180614102600,380875.0,380762.0425224304
20180614102700,380750.0,380622.1116781235
20180614102800,381250.0,380399.982213974
20180614102900,380875.0,380604.19964790344
20180614103000,381250.0,380622.1116781235
20180614103100,381125.0,380656.82423114777
20180614103200,381125.0,380750.4599094391
20180614103300,381250.0,380697.8750228882
20180614103400,381375.0,380762.0425224304
20180614103500,381125.0,380878.741979599
20180614103600,381125.0,380803.02715301514
20180614103700,381125.0,380697.8750228882
20180614103800,381125.0,380697.8750228882
20180614103900,381000.0,380697.8750228882
20180614104000,380750.0,380633.6942911148
20180614104100,380750.0,380452.64649391174
20180614104200,380625.0,380347.3002910614
20180614104300,380625.0,380283.02693367004
20180614104400,380625.0,380230.30972480774
20180614104500,380875.0,380230.30972480774
20180614104600,380500.0,380358.8652610779
20180614104700,380750.0,380271.43108844757
20180614104800,380625.0,380241.8746948242
20180614104900,380625.0,380283.02693367004
20180614105000,380625.0,380230.30972480774
20180614105100,380625.0,380230.30972480774
20180614105200,380750.0,380230.30972480774
20180614105300,380500.0,380294.5919036865
20180614105400,379875.0,380218.7271118164
20180614105500,379750.0,379791.37897491455
20180614105600,379625.0,379462.5668525696
20180614105700,379750.0,379345.0999259949
20180614105800,379625.0,379356.6825389862
20180614105900,379625.0,379345.0999259949
20180614110000,379625.0,379292.1313047409
20180614110100,379625.0,379292.1313047409
20180614110200,379750.0,379292.1313047409
20180614110300,379750.0,379356.6825389862
20180614110400,379250.0,379409.6291065216
20180614110500,379125.0,379151.40652656555
20180614110600,379375.0,378874.64118003845
20180614110700,379125.0,378950.8500099182
20180614110800,379125.0,378927.7068376541
20180614110900,379250.0,378821.5402364731
20180614111000,379125.0,378886.20615005493
20180614111100,378750.0,378874.64118003845
20180614111200,378125.0,378627.44545936584
20180614111300,377625.0,378143.8912153244
20180614111400,377250.0,377617.57481098175
20180614111500,377124.99999999994,377208.6547613144
20180614111600,377250.0,376982.9261302948
20180614111700,377124.99999999994,376994.4999217987
20180614111800,377625.0,376982.9261302948
20180614111900,377375.0,377189.84293937683
20180614112000,376625.0,377273.739695549
20180614112100,376125.0,376775.80642700195
20180614112200,375750.0,376192.6267147064
20180614112300,375375.0,375781.20136260986
20180614112400,375250.0,375423.0092763901
20180614112500,375125.0,375195.5119371414
20180614112600,375125.0,375075.88374614716
20180614112700,375125.0,375021.8389034271
20180614112800,375125.0,375021.8389034271
20180614112900,375125.0,375021.8389034271
20180614113000,375125.0,375021.8389034271
20180614113100,375125.0,375021.8389034271
20180614113200,375000.0,375021.8389034271
20180614113300,374750.0,374956.20262622833
20180614113400,374750.0,374770.7793712616
20180614113500,375125.0,374662.5176668167
20180614113600,375625.0,374859.5676422119
20180614113700,375625.0,375284.1899394989
20180614113800,375250.0,375500.10907649994
20180614113900,375875.0,375303.5089969635
20180614114000,376125.0,375469.25151348114
20180614114100,376000.0,375869.77791786194
20180614114200,376250.0,375912.0681285858
20180614114300,376125.0,375989.0356063843
20180614114400,375625.0,376031.29053115845
20180614114500,375375.0,375715.75474739075
20180614114600,375250.0,375369.06147003174
20180614114700,375125.0,375195.5119371414
20180614114800,375250.0,375075.88374614716
20180614114900,375125.0,375087.4443054199
20180614115000,375375.0,375075.88374614716
20180614115100,375125.0,375153.045296669
20180614115200,375250.0,375129.91976737976
20180614115300,374750.0,375087.4443054199
20180614115400,374250.0,374878.96168231964
20180614115500,374125.0,374399.54030513763
20180614115600,374250.0,374116.7984008789
20180614115700,374000.0,374128.3633708954
20180614115800,373750.0,374050.9548187256
20180614115900,373625.00000000006,373810.560464859
20180614120000,373625.00000000006,373635.8950138092
20180614120100,373625.00000000006,373581.5061330795
20180614120200,373625.00000000006,373581.5061330795
20180614120300,373625.00000000006,373581.5061330795
20180614120400,373875.0,373581.5061330795
20180614120500,373750.0,373713.3917808533
20180614120600,373750.0,373756.21128082275
20180614120700,373750.0,373701.84445381165
20180614120800,373625.00000000006,373701.84445381165
20180614120900,373500.0,373635.8950138092
20180614121000,373250.00000000006,373515.53905010223
20180614121100,373125.0,373329.10573482513
20180614121200,373375.0,373154.1094779968
20180614121300,373750.0,373231.7076921463
20180614121400,373750.0,373538.6292934418
20180614121500,373875.0,373701.84445381165
20180614121600,373875.0,373767.7630186081
20180614121700,373625.00000000006,373822.1254348755
20180614121800,373625.00000000006,373690.2838945389
20180614121900,374000.0,373581.5061330795
20180614122000,374125.0,373779.305934906
20180614122100,374125.0,374008.21471214294
20180614122200,374625.0,374062.51537799835
20180614122300,374625.0,374325.7794380188
20180614122400,375625.0,374542.62924194336
20180614122500,376375.0,375067.9841041565
20180614122600,376750.0,375892.85492897034
20180614122700,376750.0,376411.7171764374
20180614122800,376625.0,376572.8328227997
20180614122900,376625.0,376507.58469104767
20180614123000,377000.0,376453.87506484985
20180614123100,377250.0,376649.63269233704
20180614123200,377124.99999999994,376940.90938568115
20180614123300,377499.99999999994,376982.9261302948
20180614123400,377875.00000000006,377124.74036216736
20180614123500,377750.0,377480.4447889328
20180614123600,377875.00000000006,377575.7565498352
20180614123700,377875.00000000006,377587.33916282654
20180614123800,377625.0,377640.74885845184
20180614123900,377750.0,377510.75983047485
20180614124000,377750.0,377468.88422966003
20180614124100,377625.0,377522.33362197876
20180614124200,377875.00000000006,377457.3016166687
20180614124300,377750.0,377533.89859199524
20180614124400,377875.00000000006,377575.7565498352
20180614124500,377750.0,377587.33916282654
20180614124600,377875.00000000006,377575.7565498352
20180614124700,377750.0,377587.33916282654
20180614124800,377750.0,377575.7565498352
20180614124900,377750.0,377522.33362197876
20180614125000,377875.00000000006,377522.33362197876
20180614125100,378125.0,377587.33916282654
20180614125200,378250.00000000006,377770.6673145294
20180614125300,378250.00000000006,377942.30699539185
20180614125400,378250.00000000006,377995.6328868866
20180614125500,378250.00000000006,377995.6328868866
20180614125600,378250.00000000006,377995.6328868866
20180614125700,378375.0,377995.6328868866
20180614125800,378375.0,378060.506105423
20180614125900,378250.00000000006,378113.80112171173
20180614130000,378375.0,378048.9411354065
20180614130100,378125.0,378060.506105423
20180614130200,378250.00000000006,377984.054684639
20180614130300,377250.0,377942.30699539185
20180614130400,376125.0,377475.94141960144
20180614130500,376125.0,376461.1792564392
20180614130600,376250.0,375977.4662256241
20180614130700,376375.0,376042.8555011749
20180614130800,376125.0,376162.0205640793
20180614130900,376250.0,376085.08837223053
20180614131000,376250.0,376042.8555011749
20180614131100,376250.0,376096.6577529907
20180614131200,376250.0,376096.6577529907
20180614131300,376125.0,376096.6577529907
20180614131400,376500.0,376031.29053115845
20180614131500,376625.0,376173.5723018646
20180614131600,376750.0,376400.1610279083
20180614131700,376625.0,376519.14966106415
20180614131800,376875.0,376507.58469104767
20180614131900,376625.0,376584.4022035599
20180614132000,377625.0,376561.2590312958
20180614132100,378125.0,376975.52049160004
20180614132200,378250.00000000006,377663.86556625366
20180614132300,378250.00000000006,377942.30699539185
20180614132400,378125.0,377995.6328868866
20180614132500,378125.0,377930.73320388794
20180614132600,378250.00000000006,377877.39849090576
20180614132700,378250.00000000006,377942.30699539185
20180614132800,378250.00000000006,377995.6328868866
20180614132900,378125.0,377995.6328868866
20180614133000,378250.00000000006,377930.73320388794
20180614133100,378250.00000000006,377942.30699539185
20180614133200,378250.00000000006,377995.6328868866
20180614133300,378375.0,377995.6328868866
20180614133400,378375.0,378060.506105423
20180614133500,378250.00000000006,378113.80112171173
20180614133600,378375.0,378048.9411354065
20180614133700,378375.0,378060.506105423
20180614133800,378250.00000000006,378113.80112171173
20180614133900,378250.00000000006,378048.9411354065
20180614134000,378250.00000000006,377995.6328868866
20180614134100,378250.00000000006,377995.6328868866
20180614134200,378125.0,377995.6328868866
20180614134300,378250.00000000006,377930.73320388794
20180614134400,378500.0,377942.30699539185
20180614134500,378750.0,378125.3705024719
20180614134600,378625.0,378361.53495311737
20180614134700,378625.0,378403.1767845154
20180614134800,378875.0,378349.96116161346
20180614134900,378875.0,378479.51793670654
20180614135000,378625.0,378585.87861061096
20180614135100,378750.0,378456.37035369873
20180614135200,378750.0,378414.74175453186
20180614135300,378625.0,378467.94414520264
20180614135400,378625.0,378403.1767845154
20180614135500,378875.0,378349.96116161346
20180614135600,378625.0,378479.51793670654
20180614135700,378750.0,378456.37035369873
20180614135800,378750.0,378414.74175453186
20180614135900,378625.0,378467.94414520264
20180614140000,378500.0,378403.1767845154
20180614140100,378625.0,378285.1585149765
20180614140200,378625.0,378296.7367172241
20180614140300,378625.0,378349.96116161346
20180614140400,378750.0,378349.96116161346
20180614140500,378750.0,378414.74175453186
20180614140600,378750.0,378467.94414520264
20180614140700,378625.0,378467.94414520264
20180614140800,378500.0,378403.1767845154
20180614140900,377750.0,378285.1585149765
20180614141000,377250.0,377842.61536598206
20180614141100,376750.0,377262.14826107025
20180614141200,376875.0,376787.40668296814
20180614141300,376750.0,376638.07213306427
20180614141400,376750.0,376626.5115737915
20180614141500,376750.0,376572.8328227997
20180614141600,376875.0,376572.8328227997
20180614141700,376625.0,376638.07213306427
20180614141800,376750.0,376561.2590312958
20180614141900,376625.0,376519.14966106415
20180614142000,376750.0,376507.58469104767
20180614142100,376750.0,376519.14966106415
20180614142200,376625.0,376572.8328227997
20180614142300,376625.0,376507.58469104767
20180614142400,376750.0,376453.87506484985
20180614142500,376500.0,376519.14966106415
20180614142600,376250.0,376442.30127334595
20180614142700,376000.0,376204.2181491852
20180614142800,375625.0,375965.8968448639
20180614142900,375625.0,375661.8731021881
20180614143000,375625.0,375500.10907649994
20180614143100,376500.0,375500.10907649994
20180614143200,377499.99999999994,375958.2574367523
20180614143300,377750.0,376856.74357414246
20180614143400,377625.0,377415.4260158539
20180614143500,377875.00000000006,377457.3016166687
20180614143600,377750.0,377533.89859199524
20180614143700,377499.99999999994,377575.7565498352
20180614143800,376500.0,377392.2828435898
20180614143900,376000.0,376764.1929388046
20180614144000,375375.0,376073.49252700806
20180614144100,375375.0,375530.8828353882
20180614144200,375625.0,375261.09528541565
20180614144300,375875.0,375392.1914100647
20180614144400,375625.0,375631.09493255615
20180614144500,375750.0,375607.9694032669
20180614144600,375750.0,375565.61744213104
20180614144700,375625.0,375619.5387840271
20180614144800,376500.0,375554.05247211456
20180614144900,376250.0,375958.2574367523
20180614145000,375750.0,376204.2181491852
20180614145100,376000.0,375835.0521326065
20180614145200,375500.0,375750.46730041504
20180614145300,375125.0,375596.38237953186
20180614145400,375375.0,375183.9337348938
20180614145500,375125.0,375153.045296669
20180614145600,375125.0,375129.91976737976
20180614145700,375250.0,375021.8389034271
20180614145800,375125.0,375087.4443054199
20180614145900,375125.0,375075.88374614716
20180614150000,375125.0,375021.8389034271
20180614150100,375000.0,375021.8389034271
20180614150200,375000.0,374956.20262622833
20180614150300,374875.0,374902.1224975586
20180614150400,374500.0,374836.46416664124
20180614150500,374375.0,374585.22379398346
20180614150600,374375.0,374356.9104671478
20180614150700,374375.0,374302.68478393555
20180614150800,374125.0,374302.68478393555
20180614150900,374375.0,374171.0681915283
20180614151000,374250.0,374194.1804885864
20180614151100,374000.0,374236.87648773193
20180614151200,373875.0,374050.9548187256
20180614151300,374375.0,373876.4657974243
20180614151400,374375.0,374085.6056213379
20180614151500,374000.0,374302.68478393555
20180614151600,374125.0,374105.2290201187
20180614151700,374125.0,374008.21471214294
20180614151800,374125.0,374062.51537799835
20180614151900,373875.0,374062.51537799835
20180614153000,372000.0,373930.7885169983
20180614153500,372000.0,372831.7061662674
20180615090000,373375.0,372012.1326446533
20180615090100,372375.0,372740.54050445557
20180615090200,372375.0,372812.029838562
20180615090300,372250.0,372375.11479854584
20180615090400,372250.0,372308.8698387146
20180615090500,372750.0,372254.172205925
20180615090600,372499.99999999994,372519.05941963196
20180615090700,372499.99999999994,372605.2762269974
20180615090800,372750.0,372495.991230011
20180615090900,372625.0,372628.3664703369
20180615091000,372375.0,372671.4506149292
20180615091100,372125.0,372484.44390296936
20180615091200,372000.0,372242.62046813965
20180615091300,372000.0,372066.8876171112
20180615091400,372000.0,372012.1326446533
20180615091500,372250.0,372012.1326446533
20180615091600,372125.0,372144.7151899338
20180615091700,372125.0,372187.9140138626
20180615091800,372000.0,372133.1810951233
20180615091900,371625.0,372066.8876171112
20180615092000,371125.0,371813.14194202423
20180615092100,371750.0,371383.01944732666
20180615092200,372250.0,371495.57280540466
20180615092300,372625.0,372035.19201278687
20180615092400,372874.99999999994,372452.85856723785
20180615092500,372750.0,372749.14145469666
20180615092600,372625.0,372792.19913482666
20180615092700,373000.0,372671.4506149292
20180615092800,372750.0,372815.27614593506
20180615092900,373250.00000000006,372846.7688560486
20180615093000,373500.0,373002.07114219666
20180615093100,373375.0,373352.2047996521
20180615093200,373625.00000000006,373395.1213359833
20180615093300,374000.0,373472.65779972076
20180615093400,374750.0,373779.305934906
20180615093500,375625.0,374337.3091220856
20180615093600,375750.0,375122.0598220825
20180615093700,375750.0,375565.61744213104
20180615093800,375875.0,375619.5387840271
20180615093900,375750.0,375685.0162744522
20180615094000,375750.0,375673.446893692
20180615094100,374750.0,375619.5387840271
20180615094200,375125.0,375095.13664245605
20180615094300,374750.0,374859.5676422119
20180615094400,374750.0,374824.8815536499
20180615094500,374625.0,374662.5176668167
20180615094600,374750.0,374596.79758548737
20180615094700,374750.0,374608.35814476013
20180615094800,374500.0,374662.5176668167
20180615094900,374750.0,374531.0642719269
20180615095000,374000.0,374554.1853904724
20180615095100,374000.0,374267.9501771927
20180615095200,374125.0,373942.34907627106
20180615095300,374250.0,374008.21471214294
20180615095400,374125.0,374128.3633708954
20180615095500,374000.0,374116.7984008789
20180615095600,374000.0,373996.6585636139
20180615095700,374125.0,373942.34907627106
20180615095800,374000.0,374008.21471214294
20180615095900,373875.0,373996.6585636139
20180615100000,373625.00000000006,373876.4657974243
20180615100100,373750.0,373690.2838945389
20180615100200,373500.0,373647.45116233826
20180615100300,373625.00000000006,373569.94557380676
20180615100400,373750.0,373527.0951986313
20180615100500,373500.0,373647.45116233826
20180615100600,373625.00000000006,373569.94557380676
20180615100700,373625.00000000006,373527.0951986313
20180615100800,373750.0,373581.5061330795
20180615100900,373500.0,373647.45116233826
20180615101000,373750.0,373569.94557380676
20180615101100,373625.00000000006,373593.05346012115
20180615101200,373625.00000000006,373635.8950138092
20180615101300,373750.0,373581.5061330795
20180615101400,373625.00000000006,373647.45116233826
20180615101500,373625.00000000006,373635.8950138092
20180615101600,373625.00000000006,373581.5061330795
20180615101700,373750.0,373581.5061330795
20180615101800,373750.0,373647.45116233826
20180615101900,373625.00000000006,373701.84445381165
20180615102000,373875.0,373635.8950138092
20180615102100,373500.0,373713.3917808533
20180615102200,373250.00000000006,373624.33445453644
20180615102300,372750.0,373329.10573482513
20180615102400,372750.0,372955.8730125427
20180615102500,372499.99999999994,372737.59853839874
20180615102600,371875.0,372605.2762269974
20180615102700,371750.0,372164.78848457336
20180615102800,371750.0,371824.69367980957
20180615102900,371625.0,371769.8813676834
20180615103000,371500.0,371703.5173177719
20180615103100,370875.0,371582.283616066
20180615103200,370750.0,371195.1746940613
20180615103300,370000.0,370853.7919521332
20180615103400,369375.0,370399.12807941437
20180615103500,370500.0,369734.5304489136
20180615103600,372000.0,370059.0376853943
20180615103700,372375.0,371353.7321090698
20180615103800,372250.0,372210.97779273987
20180615103900,372750.0,372308.8698387146
20180615104000,372499.99999999994,372519.05941963196
20180615104100,373000.0,372605.2762269974
20180615104200,372750.0,372760.67554950714
20180615104300,372750.0,372846.7688560486
20180615104400,372625.0,372737.59853839874
20180615104500,372750.0,372671.4506149292
20180615104600,372874.99999999994,372682.9979419708
20180615104700,372750.0,372803.7464618683
20180615104800,372874.99999999994,372792.19913482666
20180615104900,372625.0,372803.7464618683
20180615105000,373250.00000000006,372726.0512113571
20180615105100,373750.0,372947.50142097473
20180615105200,374000.0,373484.19189453125
20180615105300,373875.0,373833.6683511734
20180615105400,373875.0,373876.4657974243
20180615105500,373750.0,373822.1254348755
20180615105600,373750.0,373756.21128082275
20180615105700,373750.0,373701.84445381165
20180615105800,373625.00000000006,373701.84445381165
20180615105900,373875.0,373635.8950138092
20180615110000,373625.00000000006,373713.3917808533
20180615110100,373625.00000000006,373690.2838945389
20180615110200,373750.0,373581.5061330795
20180615110300,373750.0,373647.45116233826
20180615110400,373625.00000000006,373701.84445381165
20180615110500,373750.0,373635.8950138092
20180615110600,373875.0,373647.45116233826
20180615110700,373750.0,373767.7630186081
20180615110800,373875.0,373756.21128082275
20180615110900,373750.0,373767.7630186081
20180615111000,373875.0,373756.21128082275
20180615111100,373750.0,373767.7630186081
20180615111200,373750.0,373756.21128082275
20180615111300,373750.0,373701.84445381165
20180615111400,373875.0,373701.84445381165
20180615111500,373375.0,373767.7630186081
20180615111600,372750.0,373558.37619304657
20180615111700,372625.0,373010.3898048401
20180615111800,372750.0,372671.4506149292
20180615111900,372750.0,372682.9979419708
20180615112000,372750.0,372737.59853839874
20180615112100,372499.99999999994,372737.59853839874
20180615112200,372250.0,372605.2762269974
20180615112300,372375.0,372363.5674715042
20180615112400,372250.0,372320.4171657562
20180615112500,372125.0,372308.8698387146
20180615112600,372125.0,372187.9140138626
20180615112700,371875.0,372133.1810951233
20180615112800,371750.0,372000.5853176117
20180615112900,371125.0,371824.69367980957
20180615113000,370750.0,371437.8935098648
20180615113100,370875.0,370963.80031108856
20180615113200,370875.0,370865.3392791748
20180615113300,370750.0,370920.35007476807
20180615113400,370875.0,370853.7919521332
20180615113500,370000.0,370865.3392791748
20180615113600,369625.0,370454.20503616333
20180615113700,369875.0,369868.07012557983
20180615113800,370125.0,369835.8805179596
20180615113900,370625.0,370079.79023456573
20180615114000,370625.0,370456.7720890045
20180615114100,370625.0,370677.14607715607
20180615114200,370625.0,370677.14607715607
20180615114300,370625.0,370677.14607715607
20180615114400,370250.0,370677.14607715607
20180615114500,370250.0,370477.32615470886
20180615114600,370375.0,370311.9806051254
20180615114700,370250.0,370378.635764122
20180615114800,370250.0,370367.10608005524
20180615114900,369875.0,370311.9806051254
20180615115000,369500.0,370111.9225025177
20180615115100,369250.0,369746.0733652115
20180615115200,369000.00000000006,369446.6235637665
20180615115300,369125.0,369202.21984386444
20180615115400,369500.0,369158.3594083786
20180615115500,370250.0,369414.31045532227
20180615115600,370125.0,369980.8484315872
20180615115700,370500.0,370245.3033924103
20180615115800,370375.0,370390.1478052139
20180615115900,370500.0,370488.85583877563
20180615120000,370625.0,370500.3899335861
20180615120100,370875.0,370622.07794189453
20180615120200,371250.0,370810.29319763184
20180615120300,371375.0,371119.8877096176
20180615120400,371250.0,371351.20034217834
20180615120500,371250.0,371339.66183662415
20180615120600,371375.0,371284.7480773926
20180615120700,371250.0,371351.20034217834
20180615120800,371125.0,371339.66183662415
20180615120900,370625.0,371218.27375888824
20180615121000,370625.0,370897.2554206848
20180615121100,370375.0,370677.14607715607
20180615121200,370375.0,370543.94602775574
20180615121300,370375.0,370433.7568283081
20180615121400,370250.0,370433.7568283081
20180615121500,370250.0,370367.10608005524
20180615121600,370375.0,370311.9806051254
20180615121700,370250.0,370378.635764122
20180615121800,370125.0,370367.10608005524
20180615121900,369875.0,370245.3033924103
20180615122000,369875.0,370056.75292015076
20180615122100,369875.0,369946.34759426117
20180615122200,369875.0,369946.34759426117
20180615122300,369750.0,369946.34759426117
20180615122400,369375.0,369879.5998096466
20180615122500,369125.0,369624.0236759186
20180615122600,369250.0,369324.4459629059
20180615122700,369750.0,369280.6075811386
20180615122800,369875.0,369603.27112674713
20180615122900,369750.0,369891.12067222595
20180615123000,369500.0,369879.5998096466
20180615123100,369250.0,369690.81115722656
20180615123200,369375.0,369446.6235637665
20180615123300,369500.0,369402.8116464615
20180615123400,369625.0,369524.9627828598
20180615123500,369625.0,369647.06540107727
20180615123600,369125.0,369702.34084129333
20180615123700,368875.0,369435.089468956
20180615123800,368875.0,369079.94961738586
20180615123900,369250.0,368969.13850307465
20180615124000,369250.0,369169.85380649567
20180615124100,369250.0,369335.9624147415
20180615124200,369125.0,369335.9624147415
20180615124300,368750.0,369269.0999507904
20180615124400,368750.0,369013.0298137665
20180615124500,369000.00000000006,368846.7712402344
20180615124600,369125.0,368980.6373119354
20180615124700,369250.0,369158.3594083786
20180615124800,369250.0,369280.6075811386
20180615124900,369250.0,369335.9624147415
20180615125000,369250.0,369335.9624147415
20180615125100,369375.0,369335.9624147415
20180615125200,369250.0,369402.8116464615
20180615125300,369125.0,369391.29519462585
20180615125400,369250.0,369269.0999507904
20180615125500,369125.0,369280.6075811386
20180615125600,369125.0,369269.0999507904
20180615125700,368875.0,369213.7362957001
20180615125800,368750.0,369079.94961738586
20180615125900,369250.0,368902.2054672241
20180615130000,369750.0,369114.4504547119
20180615130100,369375.0,369603.27112674713
20180615130200,369375.0,369624.0236759186
20180615130300,369375.0,369458.1356048584
20180615130400,369250.0,369458.1356048584
20180615130500,368875.0,369391.29519462585
20180615130600,368875.0,369135.32650470734
20180615130700,368625.00000000006,368969.13850307465
20180615130800,368750.0,368835.25037765503
20180615130900,368625.00000000006,368791.31054878235
20180615131000,368750.0,368779.80732917786
20180615131100,368875.0,368791.31054878235
20180615131200,368875.0,368913.7086868286
20180615131300,368625.00000000006,368969.13850307465
20180615131400,368625.00000000006,368835.25037765503
20180615131500,368875.0,368724.3422269821
20180615131600,368625.00000000006,368858.2612276077
20180615131700,368750.0,368835.25037765503
20180615131800,368750.0,368791.31054878235
20180615131900,368625.00000000006,368846.7712402344
20180615132000,368375.0,368779.80732917786
20180615132100,368249.99999999994,368590.36588668823
20180615132200,367625.0,368412.3350381851
20180615132300,367625.0,368021.40641212463
20180615132400,368125.0,367743.26491355896
20180615132500,368249.99999999994,368011.79099082947
20180615132600,368249.99999999994,368301.24604701996
20180615132700,368249.99999999994,368356.79936408997
20180615132800,368375.0,368356.79936408997
20180615132900,367874.99999999994,368423.8294363022
20180615133000,367874.99999999994,368211.1654281616
20180615133100,368000.0,367988.8198375702
20180615133200,368000.0,368055.92489242554
20180615133300,368375.0,368111.5267276764
20180615133400,368125.0,368312.7272129059
20180615133500,368375.0,368345.29173374176
20180615133600,368249.99999999994,368368.2893514633
20180615133700,368125.0,368412.3350381851
20180615133800,368125.0,368289.7472381592
20180615133900,368249.99999999994,368234.18509960175
20180615134000,368249.99999999994,368301.24604701996
20180615134100,368249.99999999994,368356.79936408997
20180615134200,368249.99999999994,368356.79936408997
20180615134300,368249.99999999994,368356.79936408997
20180615134400,368750.0,368356.79936408997
20180615134500,369375.0,368624.85349178314
20180615134600,369250.0,369181.343793869
20180615134700,368500.0,369391.29519462585
20180615134800,368000.0,368934.56268310547
20180615134900,368000.0,368333.7752819061
20180615135000,368125.0,368111.5267276764
20180615135100,368125.0,368178.60531806946
20180615135200,368125.0,368234.18509960175
20180615135300,368249.99999999994,368234.18509960175
20180615135400,368125.0,368301.24604701996
20180615135500,368125.0,368289.7472381592
20180615135600,367625.0,368234.18509960175
20180615135700,367874.99999999994,367965.8133983612
20180615135800,367750.0,367877.5500059128
20180615135900,367874.99999999994,367921.7015504837
20180615140000,367625.0,367933.18712711334
20180615140100,367250.0,367854.56562042236
20180615140200,367375.0,367541.7380332947
20180615140300,367375.0,367441.80381298065
20180615140400,367750.0,367497.52473831177
20180615140500,368125.0,367699.0692615509
20180615140600,368249.99999999994,368067.40164756775
20180615140700,368375.0,368301.24604701996
20180615140800,368125.0,368423.8294363022
20180615140900,368125.0,368345.29173374176
20180615141000,368375.0,368234.18509960175
20180615141100,368375.0,368368.2893514633
20180615141200,368375.0,368479.3606996536
20180615141300,368125.0,368479.3606996536
20180615141400,368249.99999999994,368345.29173374176
20180615141500,368125.0,368301.24604701996
20180615141600,368249.99999999994,368289.7472381592
20180615141700,368249.99999999994,368301.24604701996
20180615141800,368875.0,368356.79936408997
20180615141900,369125.0,368691.8394565582
20180615142000,369250.0,369102.969288826
20180615142100,369250.0,369280.6075811386
20180615142200,369500.0,369335.9624147415
20180615142300,369250.0,369469.6388244629
20180615142400,369375.0,369446.6235637665
20180615142500,369250.0,369402.8116464615
20180615142600,369375.0,369391.29519462585
20180615142700,369375.0,369402.8116464615
20180615142800,369125.0,369458.1356048584
20180615142900,369250.0,369324.4459629059
20180615143000,369375.0,369280.6075811386
20180615143100,369250.0,369402.8116464615
20180615143200,369250.0,369391.29519462585
20180615143300,369250.0,369335.9624147415
20180615143400,369250.0,369335.9624147415
20180615143500,369250.0,369335.9624147415
20180615143600,369250.0,369335.9624147415
20180615143700,368875.0,369335.9624147415
20180615143800,368625.00000000006,369135.32650470734
20180615143900,368500.0,368835.25037765503
20180615144000,368249.99999999994,368657.3739051819
20180615144100,368125.0,368467.85748004913
20180615144200,368625.00000000006,368289.7472381592
20180615144300,368750.0,368502.3362636566
20180615144400,368750.0,368791.31054878235
20180615144500,368750.0,368846.7712402344
20180615144600,368625.00000000006,368846.7712402344
20180615144700,368375.0,368779.80732917786
20180615144800,368375.0,368590.36588668823
20180615144900,368375.0,368479.3606996536
20180615145000,368500.0,368479.3606996536
20180615145100,369125.0,368546.373128891
20180615145200,369375.0,368936.6798400879
20180615145300,368875.0,369347.465634346
20180615145400,368375.0,369190.69015979767
20180615145500,368249.99999999994,368701.3181447983
20180615145600,368375.0,368412.3350381851
20180615145700,368375.0,368423.8294363022
20180615145800,368125.0,368479.3606996536
20180615145900,367874.99999999994,368345.29173374176
20180615150000,367750.0,368100.0279188156
20180615150100,367625.0,367921.7015504837
20180615150200,367500.0,367798.9240884781
20180615150300,367250.0,367676.10692977905
20180615150400,367125.0,367486.0303401947
20180615150500,367375.0,367307.35993385315
20180615150600,367250.0,367386.06083393097
20180615150700,367125.0,367430.318236351
20180615150800,367000.0,367307.35993385315
20180615150900,366500.0,367184.3487024307
20180615151000,366125.0,366859.4003915787
20180615151100,365750.0,366433.87830257416
20180615151200,365625.0,366063.7948513031
20180615151300,365750.0,365828.3140659332
20180615151400,365750.0,365839.7731781006
20180615151500,365875.0,365895.7984447479
20180615151600,366375.0,365963.2740020752
20180615151700,366250.0,366289.0030145645
20180615151800,366500.0,366445.3594684601
20180615151900,366875.0,366524.20151233673
20180615153000,368000.0,366837.99505233765
20180615153500,368000.0,367610.5544567108
20180618090000,369750.0,368111.5267276764
20180618090100,370625.0,369049.3919849396
20180618090200,371125.0,370291.3250923157
20180618090300,369000.00000000006,370943.3741569519
20180618090400,369250.0,370030.8618545532
20180618090500,370750.0,369225.23951530457
20180618090600,371250.0,370137.18724250793
20180618090700,370000.0,371064.8989677429
20180618090800,369125.0,370619.3653345108
20180618090900,369500.0,369600.93784332275
20180618091000,369750.0,369414.31045532227
20180618091100,369625.0,369713.84847164154
20180618091200,369000.00000000006,369757.60304927826
20180618091300,368249.99999999994,369368.240237236
20180618091400,368500.0,368689.7840499878
20180618091500,369000.00000000006,368490.850687027
20180618091600,369500.0,368869.7556257248
20180618091700,368750.0,369358.95562171936
20180618091800,367000.0,369179.15165424347
20180618091900,367125.0,367908.0855846405
20180618092000,368750.0,367195.83427906036
20180618092100,369125.0,368124.64427948
20180618092200,368375.0,369047.5571155548
20180618092300,367750.0,368812.1998310089
20180618092400,367500.0,368144.08683776855
20180618092500,367375.0,367731.7705154419
20180618092600,367375.0,367553.23243141174
20180618092700,367250.0,367497.52473831177
20180618092800,366875.0,367430.318236351
20180618092900,366625.0,367172.8587150574
20180618093000,366375.0,366870.890378952
20180618093100,366500.0,366624.5194673538
20180618093200,365875.0,366580.1076889038
20180618093300,366000.0,366299.07274246216
20180618093400,365875.0,366086.7307186127
20180618093500,366625.0,366075.2671957016
20180618093600,367125.0,366423.79093170166
20180618093700,367250.0,367028.42450141907
20180618093800,367125.0,367318.8455104828
20180618093900,367125.0,367307.35993385315
20180618094000,366875.0,367251.6037225723
20180618094100,366875.0,367117.0892715454
20180618094200,366625.0,367005.4930448532
20180618094300,366375.0,366870.890378952
20180618094400,366375.0,366624.5194673538
20180618094500,366875.0,366512.73798942566
20180618094600,367125.0,366782.1329832077
20180618094700,367000.0,367140.04719257355
20180618094800,366750.0,367184.3487024307
20180618094900,366625.0,366994.016289711
20180618095000,366500.0,366815.05477428436
20180618095100,366500.0,366691.8671131134
20180618095200,366125.0,366635.99622249603
20180618095300,366000.0,366433.87830257416
20180618095400,366375.0,366198.6753940582
20180618095500,366500.0,366344.95770931244
20180618095600,366000.0,366580.1076889038
20180618095700,366125.0,366366.4821386337
20180618095800,365750.0,366210.1345062256
20180618095900,364750.0,366063.7948513031
20180618100000,364250.0,365355.5837869644
20180618100100,364125.0,364635.80775260925
20180618100200,363500.0,364343.0622816086
20180618100300,363249.99999999994,363947.9522705078
20180618100400,363500.0,363530.39157390594
20180618100500,363875.0,363553.21276187897
20180618100600,364250.0,363869.49837207794
20180618100700,363750.0,364241.86658859253
20180618100800,363249.99999999994,364139.8284435272
20180618100900,362875.0,363643.21398735046
20180618101000,362875.0,363213.87219429016
20180618101100,362625.0,363044.3893671036
20180618101200,362500.0,362908.5340499878
20180618101300,362750.0,362727.49507427216
20180618101400,363500.0,362806.84876441956
20180618101500,363249.99999999994,363327.351808548
20180618101600,363500.0,363530.39157390594
20180618101700,363249.99999999994,363553.21276187897
20180618101800,363125.0,363530.39157390594
20180618101900,363249.99999999994,363349.6392965317
20180618102000,363624.99999999994,363361.0498905182
20180618102100,363875.0,363621.05441093445
20180618102200,363750.0,363925.88090896606
20180618102300,363875.0,363970.8263874054
20180618102400,363875.0,363982.25021362305
20180618102500,363249.99999999994,364038.6018753052
20180618102600,363249.99999999994,363699.605345726
20180618102700,363125.0,363417.51182079315
20180618102800,363125.0,363349.6392965317
20180618102900,363000.0,363293.172955513
20180618103000,362750.0,363225.2871990204
20180618103100,362500.0,363032.97877311707
20180618103200,362500.0,362784.0496301651
20180618103300,362500.0,362670.9272861481
20180618103400,362250.0,362670.9272861481
20180618103500,362125.0,362534.9705219269
20180618103600,361750.0,362353.7595272064
20180618103700,361625.0,362093.02282333374
20180618103800,361500.0,361854.93528842926
20180618103900,362250.0,361730.1377058029
20180618104000,362250.0,362081.84599876404
20180618104100,362000.0,362421.768784523
20180618104200,362000.0,362285.7414484024
20180618104300,361750.0,362172.4647283554
20180618104400,361625.0,362036.3668203354
20180618104500,361625.0,361854.93528842926
20180618104600,361625.0,361798.22635650635
20180618104700,361250.0,361798.22635650635
20180618104800,361500.0,361593.92952919006
20180618104900,361625.0,361559.93151664734
20180618105000,361375.0,361741.5130138397
20180618105100,361125.0,361662.04023361206
20180618105200,361125.0,361412.312746048
20180618105300,360750.0,361298.76255989075
20180618105400,360250.0,361094.2716598511
20180618105500,360125.0,360650.94780921936
20180618105600,359750.00000000006,360355.12363910675
20180618105700,360500.0,360093.3504104614
20180618105800,361500.0,360332.1568965912
20180618105900,361375.0,361219.1618680954
20180618110000,361375.0,361605.3136587143
20180618110100,361000.0,361548.56061935425
20180618110200,360250.0,361344.16675567627
20180618110300,360000.0,360764.65237140656
20180618110400,360125.0,360286.8541479111
20180618110500,360500.0,360241.2602901459
20180618110600,360875.0,360502.9673576355
20180618110700,360625.0,360878.29518318176
20180618110800,360875.0,360912.44316101074
20180618110900,361000.0,360935.1452589035
20180618111000,360875.0,361117.0002222061
20180618111100,361375.0,361105.64255714417
20180618111200,361125.0,361321.4602470398
20180618111300,360750.0,361412.312746048
20180618111400,361250.0,361094.2716598511
20180618111500,361375.0,361196.5126991272
20180618111600,361250.0,361491.8119907379
20180618111700,361000.0,361480.44550418854
20180618111800,361125.0,361287.4004840851
20180618111900,361000.0,361241.9698238373
20180618112000,361000.0,361230.6077480316
20180618112100,360500.0,361173.8061904907
20180618112200,360375.0,360901.07667446136
20180618112300,360500.0,360605.4289340973
20180618112400,360500.0,360616.7733669281
20180618112500,360750.0,360673.65872859955
20180618112600,360875.0,360810.0874423981
20180618112700,361000.0,360991.99092388153
20180618112800,360500.0,361117.0002222061
20180618112900,360000.0,360901.07667446136
20180618113000,360250.0,360400.68662166595
20180618113100,360250.0,360309.52978134155
20180618113200,359875.0,360423.384308815
20180618113300,359750.00000000006,360218.5802459717
20180618113400,359500.0,359979.42531108856
20180618113500,359750.00000000006,359785.80689430237
20180618113600,359500.0,359808.4604740143
20180618113700,359875.0,359785.80689430237
20180618113800,359750.00000000006,359876.7740726471
20180618113900,360625.0,359979.42531108856
20180618114000,361750.0,360400.41756629944
20180618114100,361625.0,361412.250995636
20180618114200,361625.0,361854.93528842926
20180618114300,361500.0,361798.22635650635
20180618114400,361750.0,361730.1377058029
20180618114500,361500.0,361809.59725379944
20180618114600,361625.0,361786.85104846954
20180618114700,361750.0,361741.5130138397
20180618114800,361500.0,361866.30177497864
20180618114900,361625.0,361786.85104846954
20180618115000,361625.0,361741.5130138397
20180618115100,361750.0,361798.22635650635
20180618115200,361250.0,361866.30177497864
20180618115300,361000.0,361650.6516933441
20180618115400,361125.0,361287.4004840851
20180618115500,360750.0,361241.9698238373
20180618115600,361000.0,361094.2716598511
20180618115700,361000.0,361060.17661094666
20180618115800,361125.0,361173.8061904907
20180618115900,361125.0,361241.9698238373
20180618120000,361000.0,361298.76255989075
20180618120100,360625.0,361230.6077480316
20180618120200,360625.0,360969.2711830139
20180618120300,360750.0,360798.747420311
20180618120400,360750.0,360866.95075035095
20180618120500,360750.0,360923.796415329
20180618120600,360750.0,360923.796415329
20180618120700,360625.0,360923.796415329
20180618120800,359875.0,360855.5974960327
20180618120900,359625.0,360389.3201351166
20180618121000,359750.00000000006,359911.11612319946
20180618121100,359625.0,359865.45169353485
20180618121200,359625.0,359854.13813591003
20180618121300,359750.00000000006,359797.1336841583
20180618121400,359500.0,359865.45169353485
20180618121500,359125.0,359785.80689430237
20180618121600,359250.0,359466.73369407654
20180618121700,359250.0,359363.94572257996
20180618121800,358999.99999999994,359421.00751399994
20180618121900,359125.0,359284.25681591034
20180618122000,359250.0,359238.49534988403
20180618122100,358999.99999999994,359363.94572257996
20180618122200,359125.0,359284.25681591034
20180618122300,359125.0,359238.49534988403
20180618122400,359125.0,359295.57037353516
20180618122500,359250.0,359295.57037353516
20180618122600,359125.0,359363.94572257996
20180618122700,359125.0,359352.63657569885
20180618122800,359125.0,359295.57037353516
20180618122900,359125.0,359295.57037353516
20180618123000,358999.99999999994,359295.57037353516
20180618123100,359375.00000000006,359227.19061374664
20180618123200,359125.0,359375.24604797363
20180618123300,358999.99999999994,359409.6939563751
20180618123400,359125.0,359227.19061374664
20180618123500,359250.0,359238.49534988403
20180618123600,359250.0,359363.94572257996
20180618123700,359125.0,359421.00751399994
20180618123800,359500.0,359352.63657569885
20180618123900,359750.00000000006,359500.674366951
20180618124000,359625.0,359808.4604740143
20180618124100,359625.0,359854.13813591003
20180618124200,359500.0,359797.1336841583
20180618124300,359500.0,359728.80244255066
20180618124400,359750.00000000006,359671.7891693115
20180618124500,359500.0,359808.4604740143
20180618124600,359625.0,359785.80689430237
20180618124700,359500.0,359740.1292324066
20180618124800,359250.0,359728.80244255066
20180618124900,359125.0,359535.0914001465
20180618125000,359125.0,359352.63657569885
20180618125100,359375.00000000006,359295.57037353516
20180618125200,359625.0,359432.32107162476
20180618125300,359625.0,359683.10713768005
20180618125400,359500.0,359797.1336841583
20180618125500,359750.00000000006,359728.80244255066
20180618125600,359750.00000000006,359808.4604740143
20180618125700,359750.00000000006,359922.45173454285
20180618125800,359375.00000000006,359922.45173454285
20180618125900,359125.0,359717.471241951
20180618130000,359125.0,359409.6939563751
20180618130100,359250.0,359295.57037353516
20180618130200,359250.0,359363.94572257996
20180618130300,359250.0,359421.00751399994
20180618130400,359250.0,359421.00751399994
20180618130500,359125.0,359421.00751399994
20180618130600,359250.0,359352.63657569885
20180618130700,359125.0,359363.94572257996
20180618130800,359125.0,359352.63657569885
20180618130900,359250.0,359295.57037353516
20180618131000,359375.00000000006,359363.94572257996
20180618131100,359250.0,359489.3696308136
20180618131200,359125.0,359478.0604839325
20180618131300,359250.0,359352.63657569885
20180618131400,359250.0,359363.94572257996
20180618131500,359375.00000000006,359421.00751399994
20180618131600,359250.0,359489.3696308136
20180618131700,359375.00000000006,359478.0604839325
20180618131800,359250.0,359489.3696308136
20180618131900,359125.0,359478.0604839325
20180618132000,358875.0,359352.63657569885
20180618132100,358750.0,359158.797621727
20180618132200,358750.0,358976.20165348053
20180618132300,358624.99999999994,358919.086933136
20180618132400,358250.0,358850.66747665405
20180618132500,358125.0,358588.2017612457
20180618132600,358125.0,358348.2220172882
20180618132700,358250.0,358291.0279035568
20180618132800,358375.0,358359.50911045074
20180618132900,358375.0,358485.15796661377
20180618133000,358125.0,358542.338848114
20180618133100,358250.0,358405.40730953217
20180618133200,358125.0,358359.50911045074
20180618133300,358375.0,358348.2220172882
20180618133400,358250.0,358427.9770851135
20180618133500,358250.0,358473.87528419495
20180618133600,358375.0,358416.6944026947
20180618133700,358125.0,358485.15796661377
20180618133800,358250.0,358405.40730953217
20180618133900,358375.0,358359.50911045074
20180618134000,358125.0,358485.15796661377
20180618134100,358250.0,358405.40730953217
20180618134200,358125.0,358359.50911045074
20180618134300,358125.0,358348.2220172882
20180618134400,358125.0,358291.0279035568
20180618134500,358250.0,358291.0279035568
20180618134600,358250.0,358359.50911045074
20180618134700,357750.0,358416.6944026947
20180618134800,357750.0,358142.7563428879
20180618134900,357750.0,357913.8607978821
20180618135000,357750.0,357913.8607978821
20180618135100,358750.0,357913.8607978821
20180618135200,359750.00000000006,358461.7545604706
20180618135300,359750.00000000006,359466.18235111237
20180618135400,359750.00000000006,359922.45173454285
20180618135500,359625.0,359922.45173454285
20180618135600,359125.0,359854.13813591003
20180618135700,359250.0,359523.7601995468
20180618135800,359125.0,359363.94572257996
20180618135900,358999.99999999994,359352.63657569885
20180618140000,358000.0,359227.19061374664
20180618140100,357875.0,358622.69818782806
20180618140200,357625.0,358096.8405008316
20180618140300,357750.0,357902.5869369507
20180618140400,357750.0,357856.6093444824
20180618140500,357625.0,357913.8607978821
20180618140600,357625.0,357845.34430503845
20180618140700,357375.0,357788.07961940765
20180618140800,357125.0,357651.0113477707
20180618140900,357625.0,357399.32548999786
20180618141000,357875.0,357558.95030498505
20180618141100,357125.0,357925.12583732605
20180618141200,356750.0,357628.44157218933
20180618141300,356750.0,357078.9555311203
20180618141400,356625.0,356906.90565109253
20180618141500,356625.0,356838.2965326309
20180618141600,357500.0,356780.925989151
20180618141700,358125.0,357261.070728302
20180618141800,358000.0,358004.8853158951
20180618141900,358125.0,358222.5422859192
20180618142000,358125.0,358233.824968338
20180618142100,357750.0,358291.0279035568
20180618142200,357250.0,358085.54899692535
20180618142300,356750.0,357639.72866535187
20180618142400,356625.0,357136.2775564194
20180618142500,356625.0,356838.2965326309
20180618142600,356750.0,356780.925989151
20180618142700,356750.0,356849.5395183563
20180618142800,356625.0,356906.90565109253
20180618142900,356625.0,356838.2965326309
20180618143000,356625.0,356780.925989151
20180618143100,357500.0,356780.925989151
20180618143200,358875.0,357261.070728302
20180618143300,358250.0,358415.7725572586
20180618143400,357625.0,358702.47530937195
20180618143500,357750.0,358074.2530822754
20180618143600,357750.0,357856.6093444824
20180618143700,358375.0,357913.8607978821
20180618143800,358875.0,358256.35504722595
20180618143900,359250.0,358816.104888916
20180618144000,359125.0,359249.7956752777
20180618144100,359250.0,359352.63657569885
20180618144200,358624.99999999994,359363.94572257996
20180618144300,358000.0,359079.06460762024
20180618144400,357625.0,358451.2746334076
20180618144500,357250.0,357959.8163366318
20180618144600,356875.0,357582.46397972107
20180618144700,356750.0,357204.8602104187
20180618144800,356750.0,356964.267373085
20180618144900,356875.0,356906.90565109253
20180618145000,356750.0,356975.5059480667
20180618145100,357875.0,356964.267373085
20180618145200,359375.00000000006,357524.0789651871
20180618145300,359625.0,358861.1253499985
20180618145400,359500.0,359683.10713768005
20180618145500,359250.0,359728.80244255066
20180618145600,359125.0,359535.0914001465
20180618145700,358999.99999999994,359352.63657569885
20180618145800,358999.99999999994,359227.19061374664
20180618145900,358375.0,359170.1111793518
20180618150000,357875.0,358828.0359506607
20180618150100,357625.0,358268.44930648804
20180618150200,357375.0,357902.5869369507
20180618150300,358125.0,357651.0113477707
20180618150400,358875.0,357947.6206302643
20180618150500,358624.99999999994,358701.77841186523
20180618150600,358875.0,358907.7866077423
20180618150700,358500.0,358930.38725852966
20180618150800,358375.0,358839.35832977295
20180618150900,358624.99999999994,358599.4976758957
20180618151000,358624.99999999994,358679.23951148987
20180618151100,358750.0,358793.53511333466
20180618151200,358750.0,358861.963391304
20180618151300,358750.0,358919.086933136
20180618151400,359125.0,358919.086933136
20180618151500,359250.0,359124.30119514465
20180618151600,359250.0,359363.94572257996
20180618151700,359250.0,359421.00751399994
20180618151800,358999.99999999994,359421.00751399994
20180618151900,359250.0,359284.25681591034
20180618153000,358999.99999999994,359306.87952041626
20180618153500,358999.99999999994,359284.25681591034
20180619090000,358250.0,359170.1111793518
20180619090100,360250.0,358759.5988512039
20180619090300,360000.0,359511.18516921997
20180619090400,360000.0,360286.8541479111
20180619090500,359875.0,360172.98197746277
20180619090600,360375.0,360104.69484329224
20180619090700,360500.0,360320.8477497101
20180619090800,360000.0,360616.7733669281
20180619090900,360250.0,360400.68662166595
20180619091000,360250.0,360309.52978134155
20180619091100,359250.0,360423.384308815
20180619091200,358000.0,359877.06077098846
20180619091300,357375.0,358736.93203926086
20180619091400,357875.0,357822.7701187134
20180619091500,358000.0,357810.59646606445
20180619091600,357500.0,358108.114361763
20180619091700,357375.0,357891.29543304443
20180619091800,357000.0,357593.72901916504
20180619091900,357125.0,357330.7560682297
20180619092000,357000.0,357227.3726463318
20180619092100,357000.0,357216.1252498627
20180619092200,357125.0,357158.7944030762
20180619092300,357000.0,357227.3726463318
20180619092400,357000.0,357216.1252498627
20180619092500,357125.0,357158.7944030762
20180619092600,357125.0,357227.3726463318
20180619092700,357000.0,357284.7034931183
20180619092800,357000.0,357216.1252498627
20180619092900,357000.0,357158.7944030762
20180619093000,356875.0,357158.7944030762
20180619093100,356500.0,357090.20733833313
20180619093200,356750.0,356827.0491361618
20180619093300,356625.0,356792.15574264526
20180619093400,356750.0,356838.2965326309
20180619093500,357375.0,356849.5395183563
20180619093600,357250.0,357249.84538555145
20180619093700,357000.0,357467.89050102234
20180619093800,357125.0,357273.44727516174
20180619093900,357000.0,357227.3726463318
20180619094000,356750.0,357216.1252498627
20180619094100,356625.0,357021.6202735901
20180619094200,356625.0,356838.2965326309
20180619094300,356750.0,356780.925989151
20180619094400,356500.0,356849.5395183563
20180619094500,356375.0,356769.6785926819
20180619094600,356375.0,356586.288690567
20180619094700,356500.0,356528.8872718811
20180619094800,356750.0,356597.5184440613
20180619094900,356625.0,356792.15574264526
20180619095000,356500.0,356838.2965326309
20180619095100,356625.0,356712.3124599457
20180619095200,356500.0,356723.5378026962
20180619095300,356750.0,356712.3124599457
20180619095400,357250.0,356792.15574264526
20180619095500,357125.0,357181.27155303955
20180619095600,357125.0,357342.02110767365
20180619095700,357125.0,357284.7034931183
20180619095800,357250.0,357284.7034931183
20180619095900,357250.0,357353.2729148865
20180619100000,357250.0,357410.5861186981
20180619100100,357125.0,357410.5861186981
20180619100200,357125.0,357342.02110767365
20180619100300,357125.0,357284.7034931183
20180619100400,357125.0,357284.7034931183
20180619100500,357125.0,357284.7034931183
20180619100600,357250.0,357284.7034931183
20180619100700,357125.0,357353.2729148865
20180619100800,357125.0,357342.02110767365
20180619100900,357125.0,357284.7034931183
20180619101000,357250.0,357284.7034931183
20180619101100,357125.0,357353.2729148865
20180619101200,357125.0,357342.02110767365
20180619101300,357000.0,357284.7034931183
20180619101400,357125.0,357216.1252498627
20180619101500,357250.0,357227.3726463318
20180619101600,357250.0,357353.2729148865
20180619101700,357125.0,357410.5861186981
20180619101800,357000.0,357342.02110767365
20180619101900,357250.0,357216.1252498627
20180619102000,357125.0,357295.9508895874
20180619102100,357000.0,357342.02110767365
20180619102200,357375.0,357216.1252498627
20180619102300,356875.0,357364.5203113556
20180619102400,356625.0,357262.1822357178
20180619102500,356625.0,356895.6626653671
20180619102600,356750.0,356780.925989151
20180619102700,356625.0,356849.5395183563
20180619102800,356625.0,356838.2965326309
20180619102900,356750.0,356780.925989151
20180619103000,357125.0,356849.5395183563
20180619103100,357625.0,357112.6888990402
20180619103200,357625.0,357558.95030498505
20180619103300,357750.0,357788.07961940765
20180619103400,357750.0,357856.6093444824
20180619103500,357625.0,357913.8607978821
20180619103600,357625.0,357845.34430503845
20180619103700,357750.0,357788.07961940765
20180619103800,357750.0,357856.6093444824
20180619103900,357500.0,357913.8607978821
20180619104000,357625.0,357776.81016921997
20180619104100,357750.0,357730.81493377686
20180619104200,357500.0,357856.6093444824
20180619104300,357625.0,357776.81016921997
20180619104400,357750.0,357730.81493377686
20180619104500,357500.0,357856.6093444824
20180619104600,357625.0,357776.81016921997
20180619104700,357625.0,357730.81493377686
20180619104800,357625.0,357788.07961940765
20180619104900,357750.0,357788.07961940765
20180619105000,357875.0,357856.6093444824
20180619105100,357500.0,357982.3772907257
20180619105200,357625.0,357834.06603336334
20180619105300,357750.0,357730.81493377686
20180619105400,357625.0,357856.6093444824
20180619105500,357625.0,357845.34430503845
20180619105600,357750.0,357788.07961940765
20180619105700,357500.0,357856.6093444824
20180619105800,357250.0,357776.81016921997
20180619105900,357125.0,357525.1816511154
20180619110000,357125.0,357342.02110767365
20180619110100,358250.0,357284.7034931183
20180619110200,358875.0,357901.58128738403
20180619110300,358750.0,358758.95047187805
20180619110400,358624.99999999994,358976.20165348053
20180619110500,358500.0,358850.66747665405
20180619110600,358750.0,358725.09801387787
20180619110700,358624.99999999994,358804.8222064972
20180619110800,358500.0,358850.66747665405
20180619110900,358750.0,358725.09801387787
20180619111000,358624.99999999994,358804.8222064972
20180619111100,358250.0,358850.66747665405
20180619111200,357750.0,358588.2017612457
20180619111300,357625.0,358142.7563428879
20180619111400,357500.0,357845.34430503845
20180619111500,357625.0,357719.5543050766
20180619111600,357125.0,357730.81493377686
20180619111700,357000.0,357513.907790184
20180619111800,357125.0,357216.1252498627
20180619111900,357125.0,357227.3726463318
20180619112000,357125.0,357284.7034931183
20180619112100,357250.0,357284.7034931183
20180619112200,357125.0,357353.2729148865
20180619112300,357250.0,357342.02110767365
20180619112400,357125.0,357353.2729148865
20180619112500,357125.0,357342.02110767365
20180619112600,357000.0,357284.7034931183
20180619112700,357125.0,357216.1252498627
20180619112800,357125.0,357227.3726463318
20180619112900,357000.0,357284.7034931183
20180619113000,357125.0,357216.1252498627
20180619113100,356750.0,357227.3726463318
20180619113200,356500.0,357078.9555311203
20180619113300,356625.0,356769.6785926819
20180619113400,356375.0,356723.5378026962
20180619113500,356125.0,356643.6768770218
20180619113600,356125.0,356391.5984630585
20180619113700,356250.0,356276.7471075058
20180619113800,356250.0,356345.40474414825
20180619113900,356125.0,356402.82821655273
20180619114000,356125.0,356334.1794013977
20180619114100,356250.0,356276.7471075058
20180619114200,356125.0,356345.40474414825
20180619114300,356125.0,356334.1794013977
20180619114400,356250.0,356276.7471075058
20180619114500,356125.0,356345.40474414825
20180619114600,356250.0,356334.1794013977
20180619114700,356250.0,356345.40474414825
20180619114800,356125.0,356402.82821655273
20180619114900,356125.0,356334.1794013977
20180619115000,356125.0,356276.7471075058
20180619115100,356125.0,356276.7471075058
20180619115200,356000.0,356276.7471075058
20180619115300,356250.0,356208.08947086334
20180619115400,356125.0,356287.97245025635
20180619115500,356250.0,356334.1794013977
20180619115600,356125.0,356345.40474414825
20180619115700,356125.0,356334.1794013977
20180619115800,356125.0,356276.7471075058
20180619115900,356250.0,356276.7471075058
20180619120000,356125.0,356345.40474414825
20180619120100,356000.0,356334.1794013977
20180619120200,356125.0,356208.08947086334
20180619120300,356125.0,356219.30599212646
20180619120400,356125.0,356276.7471075058
20180619120500,356125.0,356276.7471075058
20180619120600,355875.0,356276.7471075058
20180619120700,355875.0,356139.4318342209
20180619120800,356250.0,356024.5187282562
20180619120900,356125.0,356230.5181026459
20180619121000,356125.0,356334.1794013977
20180619121100,356125.0,356276.7471075058
20180619121200,356375.0,356276.7471075058
20180619121300,356125.0,356414.04914855957
20180619121400,356250.0,356391.5984630585
20180619121500,356250.0,356345.40474414825
20180619121600,355750.0,356402.82821655273
20180619121700,355625.0,356128.1976699829
20180619121800,355625.0,355829.68735694885
20180619121900,355750.0,355772.2065448761
20180619122000,356500.0,355840.89064598083
20180619122100,356625.0,356310.3702068329
20180619122200,356750.0,356723.5378026962
20180619122300,356625.0,356849.5395183563
20180619122400,356500.0,356838.2965326309
20180619122500,356625.0,356712.3124599457
20180619122600,356625.0,356723.5378026962
20180619122700,356375.0,356780.925989151
20180619122800,356250.0,356643.6768770218
20180619122900,356125.0,356460.2472782135
20180619123000,356000.0,356334.1794013977
20180619123100,356125.0,356208.08947086334
20180619123200,356125.0,356219.30599212646
20180619123300,356000.0,356276.7471075058
20180619123400,355625.0,356208.08947086334
20180619123500,355625.0,355944.6225166321
20180619123600,355750.0,355772.2065448761
20180619123700,355625.0,355840.89064598083
20180619123800,355625.0,355829.68735694885
20180619123900,355625.0,355772.2065448761
20180619124000,355625.0,355772.2065448761
20180619124100,355875.0,355772.2065448761
20180619124200,355875.0,355909.5747470856
20180619124300,355750.0,356024.5187282562
20180619124400,355750.0,355955.8434486389
20180619124500,355750.0,355898.380279541
20180619124600,355625.0,355898.380279541
20180619124700,355250.0,355829.68735694885
20180619124800,355250.0,355566.1013126373
20180619124900,355250.0,355393.5662508011
20180619125000,355250.0,355393.5662508011
20180619125100,355250.0,355393.5662508011
20180619125200,355125.00000000006,355393.5662508011
20180619125300,355125.00000000006,355324.85127449036
20180619125400,355250.0,355267.3087120056
20180619125500,355125.00000000006,355336.0369205475
20180619125600,355375.0,355324.85127449036
20180619125700,355000.0,355404.7563076019
20180619125800,354875.0,355313.6479854584
20180619125900,354125.0,355072.2920894623
20180619130000,353750.0,354602.19502449036
20180619130100,353625.0,354050.1639842987
20180619130200,353500.0,353808.3846569061
20180619130300,353750.0,353681.89775943756
20180619130400,353625.0,353761.84248924255
20180619130500,353999.99999999994,353808.3846569061
20180619130600,354750.00000000006,353957.14139938354
20180619130700,354875.0,354542.799949646
20180619130800,354374.99999999994,354957.1716785431
20180619130900,354125.0,354739.7264242172
20180619131000,354125.0,354371.799826622
20180619131100,354125.0,354256.5426826477
20180619131200,354125.0,354256.5426826477
20180619131300,354250.0,354256.5426826477
20180619131400,353750.0,354325.33264160156
20180619131500,353750.0,354107.7991724014
20180619131600,353625.0,353877.20108032227
20180619131700,353625.0,353808.3846569061
20180619131800,353875.0,353750.70977211
20180619131900,353250.0,353888.33379745483
20180619132000,353250.0,353659.60144996643
20180619132100,352875.0,353371.1564540863
20180619132200,352500.0,353164.6454334259
20180619132300,352375.0,352784.8936319351
20180619132400,352625.0,352542.75703430176
20180619132500,352250.0,352622.7149963379
20180619132600,352625.0,352531.6596031189
20180619132700,352500.0,352564.9298429489
20180619132800,352625.0,352669.38948631287
20180619132900,352250.0,352680.49132823944
20180619133000,352375.0,352531.6596031189
20180619133100,352125.0,352427.19995975494
20180619133200,352250.0,352347.2375869751
20180619133300,352625.0,352300.5278110504
20180619133400,352500.0,352564.9298429489
20180619133500,352125.0,352669.38948631287
20180619133600,352125.0,352405.01832962036
20180619133700,352750.0,352231.6584587097
20180619133800,353250.0,352576.0052204132
20180619133900,353875.0,353140.2496099472
20180619134000,354125.0,353715.269446373
20180619134100,354250.0,354141.26348495483
20180619134200,354250.0,354325.33264160156
20180619134300,353750.0,354382.95459747314
20180619134400,353625.0,354107.7991724014
20180619134500,353500.0,353808.3846569061
20180619134600,354500.0,353681.89775943756
20180619134700,354125.0,354174.63517189026
20180619134800,354250.0,354429.40855026245
20180619134900,354125.0,354325.33264160156
20180619135000,353999.99999999994,354314.1734600067
20180619135100,353875.0,354187.7615451813
20180619135200,353875.0,354061.31875514984
20180619135300,354125.0,354003.66592407227
20180619135400,354125.0,354141.26348495483
20180619135500,354625.0,354256.5426826477
20180619135600,354625.0,354531.658411026
20180619135700,354625.0,354762.08448410034
20180619135800,354750.00000000006,354762.08448410034
20180619135900,354625.0,354830.8391571045
20180619140000,354374.99999999994,354819.6623325348
20180619140100,354125.0,354624.5574951172
20180619140200,354374.99999999994,354371.799826622
20180619140300,354125.0,354394.113779068
20180619140400,354125.0,354371.799826622
20180619140500,354125.0,354256.5426826477
20180619140600,354374.99999999994,354256.5426826477
20180619140700,354250.0,354394.113779068
20180619140800,354125.0,354440.5765533447
20180619140900,354125.0,354314.1734600067
20180619141000,354250.0,354256.5426826477
20180619141100,354125.0,354325.33264160156
20180619141200,354125.0,354314.1734600067
20180619141300,354250.0,354256.5426826477
20180619141400,354374.99999999994,354325.33264160156
20180619141500,354250.0,354451.7357349396
20180619141600,354250.0,354440.5765533447
20180619141700,354125.0,354382.95459747314
20180619141800,354125.0,354314.1734600067
20180619141900,354250.0,354256.5426826477
20180619142000,354374.99999999994,354325.33264160156
20180619142100,354374.99999999994,354451.7357349396
20180619142200,354125.0,354509.35769081116
20180619142300,354125.0,354371.799826622
20180619142400,354125.0,354256.5426826477
20180619142500,354125.0,354256.5426826477
20180619142600,354250.0,354256.5426826477
20180619142700,354125.0,354325.33264160156
20180619142800,354250.0,354314.1734600067
20180619142900,354250.0,354325.33264160156
20180619143000,354125.0,354382.95459747314
20180619143100,354125.0,354314.1734600067
20180619143200,354250.0,354256.5426826477
20180619143300,353999.99999999994,354325.33264160156
20180619143400,354125.0,354245.3923225403
20180619143500,354250.0,354198.9119052887
20180619143600,354125.0,354325.33264160156
20180619143700,354250.0,354314.1734600067
20180619143800,354125.0,354325.33264160156
20180619143900,354250.0,354314.1734600067
20180619144000,354250.0,354325.33264160156
20180619144100,354125.0,354382.95459747314
20180619144200,354250.0,354314.1734600067
20180619144300,355250.0,354325.33264160156
20180619144400,355750.0,354933.0493211746
20180619144500,355625.0,355668.395280838
20180619144600,355625.0,355829.68735694885
20180619144700,355625.0,355772.2065448761
20180619144800,355875.0,355772.2065448761
20180619144900,355750.0,355909.5747470856
20180619145000,355750.0,355955.8434486389
20180619145100,355875.0,355898.380279541
20180619145200,355625.0,355967.0555591583
20180619145300,355125.00000000006,355887.1637582779
20180619145400,354875.0,355497.3907470703
20180619145500,354625.0,355129.84788417816
20180619145600,354875.0,354877.24459171295
20180619145700,354875.0,354899.59383010864
20180619145800,354625.0,355014.7407054901
20180619145900,354625.0,354877.24459171295
20180619150000,354875.0,354762.08448410034
20180619150100,354750.00000000006,354899.59383010864
20180619150200,354625.0,354945.9904432297
20180619150300,354875.0,354819.6623325348
20180619150400,354875.0,354899.59383010864
20180619150500,354500.0,355014.7407054901
20180619150600,354250.0,354808.4855079651
20180619150700,354125.0,354498.18527698517
20180619150800,353625.0,354314.1734600067
20180619150900,353750.0,353981.3607931137
20180619151000,353875.0,353819.5261955261
20180619151100,353625.0,353945.99986076355
20180619151200,353875.0,353866.05072021484
20180619151300,353875.0,353888.33379745483
20180619151400,353750.0,354003.66592407227
20180619151500,352875.0,353934.86273288727
20180619151600,352250.0,353395.44200897217
20180619151700,352125.0,352647.1725702286
20180619151800,352125.0,352289.45684432983
20180619151900,352375.0,352231.6584587097
20180619153000,353000.0,352369.41039562225
20180619153500,353000.0,352829.27894592285
20180620090000,351375.0,353118.04592609406
20180620090100,351250.0,352222.775220871
20180620090200,350625.0,351402.4827480316
20180620090300,351250.0,351000.09059906006
20180620090400,352000.0,351055.2557706833
20180620090500,352250.0,351757.9975128174
20180620090600,352375.0,352242.733836174
20180620090700,352375.0,352427.19995975494
20180620090800,352500.0,352484.9851131439
20180620090900,352625.0,352553.8500547409
20180620091000,352875.0,352680.49132823944
20180620091100,353000.0,352875.96225738525
20180620091200,352750.0,353060.31370162964
20180620091300,352750.0,352980.3469181061
20180620091400,352625.0,352864.8648262024
20180620091500,352625.0,352796.0042953491
20180620091600,352625.0,352738.2456064224
20180620091700,354125.0,352738.2456064224
20180620091800,355500.0,353564.289689064
20180620091900,354750.00000000006,355012.9146575928
20180620092000,354500.0,355233.7076663971
20180620092100,354374.99999999994,354750.91207027435
20180620092200,354374.99999999994,354566.9620037079
20180620092300,354374.99999999994,354509.35769081116
20180620092400,354750.00000000006,354509.35769081116
20180620092500,354374.99999999994,354715.6569957733
20180620092600,354250.0,354682.1529865265
20180620092700,353999.99999999994,354440.5765533447
20180620092800,353999.99999999994,354245.3923225403
20180620092900,354250.0,354130.1175355911
20180620093000,354625.0,354267.69745349884
20180620093100,354750.00000000006,354589.2803668976
20180620093200,354250.0,354830.8391571045
20180620093300,353750.0,354613.3806705475
20180620093400,353625.0,354107.7991724014
20180620093500,353500.0,353808.3846569061
20180620093600,353250.0,353681.89775943756
20180620093700,353000.0,353486.56356334686
20180620093800,353000.0,353233.4883213043
20180620093900,352750.0,353118.04592609406
20180620094000,352500.0,352980.3469181061
20180620094100,352250.0,352727.14817523956
20180620094200,351750.0,352473.88768196106
20180620094300,351750.0,352082.81350135803
20180620094400,352000.0,351851.57585144043
20180620094500,352000.0,351989.34984207153
20180620094600,352125.0,352104.9818992615
20180620094700,351500.0,352173.8556623459
20180620094800,351000.0,351887.2411251068
20180620094900,351000.0,351322.52037525177
20180620095000,351000.0,351091.0886526108
20180620095100,351000.0,351091.0886526108
20180620095200,350750.0,351091.0886526108
20180620095300,350500.00000000006,350953.27496528625
20180620095400,350625.0,350699.67925548553
20180620095500,350500.00000000006,350652.80628204346
20180620095600,350500.00000000006,350641.78824424744
20180620095700,350875.0,350583.8840007782
20180620095800,351000.0,350790.6332015991
20180620095900,351000.0,351033.2064628601
20180620100000,351000.0,351091.0886526108
20180620100100,351000.0,351091.0886526108
20180620100200,351250.0,351091.0886526108
20180620100300,351125.0,351228.8935184479
20180620100400,351250.0,351275.7223844528
20180620100500,351500.0,351286.7624759674
20180620100600,351500.0,351482.4274778366
20180620100700,351500.0,351598.12128543854
20180620100800,351250.0,351598.12128543854
20180620100900,351000.0,351460.32524108887
20180620101000,351000.0,351206.8221569061
20180620101100,351125.0,351091.0886526108
20180620101200,351250.0,351159.9932909012
20180620101300,351125.0,351286.7624759674
20180620101400,350625.0,351275.7223844528
20180620101500,350500.00000000006,350942.23046302795
20180620101600,350500.00000000006,350641.78824424744
20180620101700,350250.0,350583.8840007782
20180620101800,349875.0,350446.0526704788
20180620101900,349875.0,350123.4596967697
20180620102000,350375.0,349949.6808052063
20180620102100,350625.0,350225.36993026733
20180620102200,350500.00000000006,350594.8976278305
20180620102300,350500.00000000006,350641.78824424744
20180620102400,350375.0,350583.8840007782
20180620102500,350250.0,350514.97054100037
20180620102600,350000.0,350388.14401626587
20180620102700,350125.00000000006,350192.3863887787
20180620102800,350000.0,350145.46489715576
20180620102900,350250.0,350134.4645023346
20180620103000,350750.0,350214.3827676773
20180620103100,351125.0,350605.9024333954
20180620103200,351625.0,351044.23773288727
20180620103300,351750.0,351493.4675693512
20180620103400,351625.0,351793.75100135803
20180620103500,351750.0,351782.68444538116
20180620103600,352000.0,351793.75100135803
20180620103700,352125.0,351989.34984207153
20180620103800,352750.0,352173.8556623459
20180620103900,352375.0,352576.0052204132
20180620104000,352250.0,352658.2832336426
20180620104100,352000.0,352416.1113500595
20180620104200,352125.0,352220.5786705017
20180620104300,351750.0,352173.8556623459
20180620104400,351500.0,352025.0151157379
20180620104500,351500.0,351713.7930393219
20180620104600,351750.0,351598.12128543854
20180620104700,351500.0,351735.9173297882
20180620104800,351625.0,351713.7930393219
20180620104900,351625.0,351667.02151298523
20180620105000,351500.0,351724.85518455505
20180620105100,351625.0,351655.9681892395
20180620105200,352000.0,351667.02151298523
20180620105300,352250.0,351931.52499198914
20180620105400,352125.0,352242.733836174
20180620105500,352125.0,352289.45684432983
20180620105600,352000.0,352231.6584587097
20180620105700,351750.0,352162.7802848816
20180620105800,351375.0,351967.2123193741
20180620105900,351750.0,351644.8972225189
20180620110000,352250.0,351678.07042598724
20180620110100,352500.0,352127.1061897278
20180620110200,353000.0,352496.0649013519
20180620110300,353375.0,352887.0508670807
20180620110400,353250.0,353324.55253601074
20180620110500,353250.0,353428.86662483215
20180620110600,353750.0,353371.1564540863
20180620110700,353500.0,353646.45743370056
20180620110800,352750.0,353739.5726442337
20180620110900,352500.0,353211.21406555176
20180620111000,351750.0,352727.14817523956
20180620111100,351000.0,352198.383808136
20180620111200,351000.0,351438.19212913513
20180620111300,351125.0,351091.0886526108
20180620111400,351125.0,351159.9932909012
20180620111500,351000.0,351217.8666591644
20180620111600,351250.0,351148.9531993866
20180620111700,351250.0,351228.8935184479
20180620111800,351125.0,351344.63143348694
20180620111900,350750.0,351275.7223844528
20180620112000,350375.0,351011.13510131836
20180620112100,350250.0,350630.761384964
20180620112200,350125.00000000006,350388.14401626587
20180620112300,349749.99999999994,350261.30867004395
20180620112400,349749.99999999994,349996.6199398041
20180620112500,349625.0,349822.8278160095
20180620112600,349625.0,349753.89671325684
20180620112700,349625.0,349695.94836235046
20180620112800,349875.0,349695.94836235046
20180620112900,350250.0,349833.8017463684
20180620113000,350000.0,350156.4520597458
20180620113100,350125.00000000006,350192.3863887787
20180620113200,350250.0,350145.46489715576
20180620113300,350250.0,350272.3090648651
20180620113400,350125.00000000006,350330.2309513092
20180620113500,350250.0,350261.30867004395
20180620113600,350250.0,350272.3090648651
20180620113700,350125.00000000006,350330.2309513092
20180620113800,350250.0,350261.30867004395
20180620113900,350125.00000000006,350272.3090648651
20180620114000,350125.00000000006,350261.30867004395
20180620114100,350125.00000000006,350203.39119434357
20180620114200,350125.00000000006,350203.39119434357
20180620114300,350125.00000000006,350203.39119434357
20180620114400,350250.0,350203.39119434357
20180620114500,350125.00000000006,350272.3090648651
20180620114600,350125.00000000006,350261.30867004395
20180620114700,350250.0,350203.39119434357
20180620114800,350250.0,350272.3090648651
20180620114900,350250.0,350330.2309513092
20180620115000,350125.00000000006,350330.2309513092
20180620115100,350250.0,350261.30867004395
20180620115200,350250.0,350272.3090648651
20180620115300,350125.00000000006,350330.2309513092
20180620115400,350250.0,350261.30867004395
20180620115500,349875.0,350272.3090648651
20180620115600,349625.0,350123.4596967697
20180620115700,349749.99999999994,349811.8362426758
20180620115800,349625.0,349764.87505435944
20180620115900,349625.0,349753.89671325684
20180620120000,349625.0,349695.94836235046
20180620120100,349625.0,349695.94836235046
20180620120200,349749.99999999994,349695.94836235046
20180620120300,349500.0,349764.87505435944
20180620120400,349625.0,349684.96561050415
20180620120500,349500.0,349638.0000114441
20180620120600,349250.0,349627.0216703415
20180620120700,349125.0,349431.21552467346
20180620120800,349125.0,349246.3700771332
20180620120900,349125.0,349188.40408325195
20180620121000,349125.0,349188.40408325195
20180620121100,349125.0,349188.40408325195
20180620121200,349125.0,349188.40408325195
20180620121300,349125.0,349188.40408325195
20180620121400,349125.0,349188.40408325195
20180620121500,349125.0,349188.40408325195
20180620121600,349500.0,349188.40408325195
20180620121700,349500.0,349395.18415927887
20180620121800,349749.99999999994,349569.0689086914
20180620121900,349625.0,349706.92670345306
20180620122000,349749.99999999994,349753.89671325684
20180620122100,349625.0,349764.87505435944
20180620122200,349749.99999999994,349753.89671325684
20180620122300,349374.99999999994,349764.87505435944
20180620122400,349625.0,349616.0389184952
20180620122500,349625.0,349580.0428390503
20180620122600,349625.0,349695.94836235046
20180620122700,349749.99999999994,349695.94836235046
20180620122800,349625.0,349764.87505435944
20180620122900,349625.0,349753.89671325684
20180620123000,349625.0,349695.94836235046
20180620123100,349749.99999999994,349695.94836235046
20180620123200,349625.0,349764.87505435944
20180620123300,349749.99999999994,349753.89671325684
20180620123400,349875.0,349764.87505435944
20180620123500,350250.0,349891.74568653107
20180620123600,350000.0,350156.4520597458
20180620123700,349749.99999999994,350192.3863887787
20180620123800,349625.0,349938.6936426163
20180620123900,349625.0,349753.89671325684
20180620124000,349625.0,349695.94836235046
20180620124100,349625.0,349695.94836235046
20180620124200,349625.0,349695.94836235046
20180620124300,349625.0,349695.94836235046
20180620124400,349749.99999999994,349695.94836235046
20180620124500,349500.0,349764.87505435944
20180620124600,349625.0,349684.96561050415
20180620124700,349625.0,349638.0000114441
20180620124800,349625.0,349695.94836235046
20180620124900,349625.0,349695.94836235046
20180620125000,349625.0,349695.94836235046
20180620125100,349749.99999999994,349695.94836235046
20180620125200,349749.99999999994,349764.87505435944
20180620125300,349374.99999999994,349822.8278160095
20180620125400,349374.99999999994,349616.0389184952
20180620125500,349625.0,349442.18945503235
20180620125600,349625.0,349580.0428390503
20180620125700,349500.0,349695.94836235046
20180620125800,349625.0,349627.0216703415
20180620125900,350250.0,349638.0000114441
20180620130000,350625.0,350040.5685901642
20180620130100,350625.0,350536.98456287384
20180620130200,350750.0,350710.70170402527
20180620130300,350625.0,350779.6195745468
20180620130400,350625.0,350768.5971260071
20180620130500,350375.0,350710.70170402527
20180620130600,350375.0,350572.8703737259
20180620130700,350125.00000000006,350457.0662975311
20180620130800,350125.00000000006,350319.2217350006
20180620130900,350250.0,350203.39119434357
20180620131000,349749.99999999994,350272.3090648651
20180620131100,349749.99999999994,350054.53741550446
20180620131200,349625.0,349822.8278160095
20180620131300,349749.99999999994,349753.89671325684
20180620131400,349625.0,349764.87505435944
20180620131500,349749.99999999994,349753.89671325684
20180620131600,349625.0,349764.87505435944
20180620131700,349749.99999999994,349753.89671325684
20180620131800,349625.0,349764.87505435944
20180620131900,349749.99999999994,349753.89671325684
20180620132000,349625.0,349764.87505435944
20180620132100,349749.99999999994,349753.89671325684
20180620132200,349625.0,349764.87505435944
20180620132300,349500.0,349753.89671325684
20180620132400,349749.99999999994,349627.0216703415
20180620132500,349625.0,349706.92670345306
20180620132600,349625.0,349753.89671325684
20180620132700,349374.99999999994,349695.94836235046
20180620132800,349250.0,349558.0949783325
20180620132900,350125.00000000006,349373.2627630234
20180620133000,350250.0,349797.7659702301
20180620133100,350250.0,350272.3090648651
20180620133200,350125.00000000006,350330.2309513092
20180620133300,350000.0,350261.30867004395
20180620133400,349749.99999999994,350134.4645023346
20180620133500,349625.0,349938.6936426163
20180620133600,349625.0,349753.89671325684
20180620133700,349625.0,349695.94836235046
20180620133800,349625.0,349695.94836235046
20180620133900,349749.99999999994,349695.94836235046
20180620134000,349749.99999999994,349764.87505435944
20180620134100,349749.99999999994,349822.8278160095
20180620134200,349875.0,349822.8278160095
20180620134300,349625.0,349891.74568653107
20180620134400,349749.99999999994,349811.8362426758
20180620134500,349749.99999999994,349764.87505435944
20180620134600,349625.0,349822.8278160095
20180620134700,349625.0,349753.89671325684
20180620134800,349625.0,349695.94836235046
20180620134900,349374.99999999994,349695.94836235046
20180620135000,349125.0,349558.0949783325
20180620135100,349250.0,349304.3360710144
20180620135200,349125.0,349257.33518600464
20180620135300,349374.99999999994,349246.3700771332
20180620135400,349125.0,349326.2618780136
20180620135500,349250.0,349304.3360710144
20180620135600,349125.0,349257.33518600464
20180620135700,349250.0,349246.3700771332
20180620135800,348875.0,349257.33518600464
20180620135900,348750.0,349108.5122823715
20180620140000,348750.0,348865.669965744
20180620140100,348625.0,348807.68632888794
20180620140200,348625.0,348738.7640476227
20180620140300,348750.0,348680.7804107666
20180620140400,348625.0,348749.70269203186
20180620140500,348875.0,348738.7640476227
20180620140600,349125.0,348818.6249732971
20180620140700,349250.0,349072.4456310272
20180620140800,349125.0,349257.33518600464
20180620140900,349625.0,349246.3700771332
20180620141000,349625.0,349464.11085128784
20180620141100,349749.99999999994,349695.94836235046
20180620141200,349625.0,349764.87505435944
20180620141300,349500.0,349753.89671325684
20180620141400,349749.99999999994,349627.0216703415
20180620141500,349875.0,349706.92670345306
20180620141600,349875.0,349891.74568653107
20180620141700,349749.99999999994,349949.6808052063
20180620141800,349625.0,349880.76293468475
20180620141900,349500.0,349753.89671325684
20180620142000,349125.0,349627.0216703415
20180620142100,349125.0,349362.2932434082
20180620142200,349749.99999999994,349188.40408325195
20180620142300,350125.00000000006,349533.0331325531
20180620142400,350250.0,350029.5946598053
20180620142500,350125.00000000006,350272.3090648651
20180620142600,350125.00000000006,350261.30867004395
20180620142700,350375.0,350203.39119434357
20180620142800,350250.0,350341.2313461304
20180620142900,350125.00000000006,350388.14401626587
20180620143000,350125.00000000006,350261.30867004395
20180620143100,350625.0,350203.39119434357
20180620143200,350750.0,350479.06267642975
20180620143300,350625.0,350779.6195745468
20180620143400,350625.0,350768.5971260071
20180620143500,350625.0,350710.70170402527
20180620143600,350625.0,350710.70170402527
20180620143700,350750.0,350710.70170402527
20180620143800,350625.0,350779.6195745468
20180620143900,350625.0,350768.5971260071
20180620144000,350500.00000000006,350710.70170402527
20180620144100,350125.00000000006,350641.78824424744
20180620144200,349625.0,350377.12597846985
20180620144300,349875.0,349927.6932477951
20180620144400,350250.0,349833.8017463684
20180620144500,350250.0,350156.4520597458
20180620144600,349875.0,350330.2309513092
20180620144700,350000.0,350123.4596967697
20180620144800,350125.00000000006,350018.6074972153
20180620144900,350125.00000000006,350145.46489715576
20180620145000,349625.0,350203.39119434357
20180620145100,349875.0,349927.6932477951
20180620145200,349875.0,349833.8017463684
20180620145300,349749.99999999994,349949.6808052063
20180620145400,350000.0,349880.76293468475
20180620145500,349875.0,349960.67237854004
20180620145600,349625.0,350007.6115131378
20180620145700,349749.99999999994,349811.8362426758
20180620145800,349875.0,349764.87505435944
20180620145900,349749.99999999994,349891.74568653107
20180620150000,349749.99999999994,349880.76293468475
20180620150100,349500.0,349822.8278160095
20180620150200,350000.0,349684.96561050415
20180620150300,350125.00000000006,349844.7712659836
20180620150400,349625.0,350145.46489715576
20180620150500,349625.0,349927.6932477951
20180620150600,349749.99999999994,349695.94836235046
20180620150700,349875.0,349764.87505435944
20180620150800,349625.0,349891.74568653107
20180620150900,349500.0,349811.8362426758
20180620151000,349625.0,349627.0216703415
20180620151100,349374.99999999994,349638.0000114441
20180620151200,349125.0,349558.0949783325
20180620151300,349250.0,349304.3360710144
20180620151400,349125.0,349257.33518600464
20180620151500,349374.99999999994,349246.3700771332
20180620151600,349374.99999999994,349326.2618780136
20180620151700,349125.0,349442.18945503235
20180620151800,349500.0,349304.3360710144
20180620151900,349749.99999999994,349395.18415927887
20180620153000,349500.0,349706.92670345306
20180620153500,349500.0,349684.96561050415
20180621090000,350000.0,349569.0689086914
20180621090100,349749.99999999994,349844.7712659836
20180621090200,349250.0,349938.6936426163
20180621090300,349250.0,349547.1122264862
20180621090400,349250.0,349315.29676914215
20180621090500,349749.99999999994,349315.29676914215
20180621090600,349250.0,349590.9991264343
20180621090700,349000.0,349547.1122264862
20180621090800,349000.0,349177.4433851242
20180621090900,349500.0,349061.50698661804
20180621091000,349875.0,349337.2093439102
20180621091100,350625.0,349775.8445739746
20180621091200,350875.0,350363.2056713104
20180621091300,350750.0,350848.52862358093
20180621091400,351250.0,350895.3971862793
20180621091500,352750.0,351113.1467819214
20180621091600,353500.0,352171.2621450424
20180621091700,354875.0,353277.9221534729
20180621091800,356375.0,354380.9697628021
20180621091900,357375.0,355839.2586708069
20180621092000,358375.0,357077.760219574
20180621092100,358000.0,358084.631562233
20180621092200,356875.0,358336.9349241257
20180621092300,356250.0,357548.5894680023
20180621092400,356125.0,356689.80884552
20180621092500,356250.0,356334.1794013977
20180621092600,356375.0,356345.40474414825
20180621092700,356000.0,356471.47262096405
20180621092800,355125.00000000006,356322.940826416
20180621092900,353875.0,355669.842004776
20180621093000,353750.0,354579.7840356827
20180621093100,353000.0,353934.86273288727
20180621093200,352750.0,353464.27607536316
20180621093300,352625.0,352980.3469181061
20180621093400,352500.0,352796.0042953491
20180621093500,352625.0,352669.38948631287
20180621093600,352625.0,352680.49132823944
20180621093700,352750.0,352738.2456064224
20180621093800,352875.0,352807.101726532
20180621093900,352875.0,352933.71653556824
20180621094000,352875.0,352991.4619922638
20180621094100,352625.0,352991.4619922638
20180621094200,352750.0,352853.7585735321
20180621094300,352875.0,352807.101726532
20180621094400,353250.0,352933.71653556824
20180621094500,353250.0,353197.99065589905
20180621094600,353750.0,353371.1564540863
20180621094700,353875.0,353646.45743370056
20180621094800,354125.0,353945.99986076355
20180621094900,354374.99999999994,354141.26348495483
20180621095000,353000.0,354394.113779068
20180621095100,352000.0,353752.5666952133
20180621095200,352750.0,352567.174911499
20180621095300,352750.0,352518.2112455368
20180621095400,352625.0,352864.8648262024
20180621095500,352625.0,352796.0042953491
20180621095600,352875.0,352738.2456064224
20180621095700,352750.0,352875.96225738525
20180621095800,352875.0,352922.61028289795
20180621095900,352750.0,352933.71653556824
20180621100000,353000.0,352922.61028289795
20180621100100,352875.0,353002.5682449341
20180621100200,352125.0,353049.1942167282
20180621100300,351000.0,352578.29880714417
20180621100400,350875.0,351611.64462566376
20180621100500,351625.0,351022.17960357666
20180621100600,351875.0,351377.72965431213
20180621100700,351625.0,351862.6379966736
20180621100800,351875.0,351840.50488471985
20180621100900,351875.0,351862.6379966736
20180621101000,351750.0,351978.2876968384
20180621101100,351750.0,351909.3962907791
20180621101200,351750.0,351851.57585144043
20180621101300,351750.0,351851.57585144043
20180621101400,351750.0,351851.57585144043
20180621101500,351750.0,351851.57585144043
20180621101600,351750.0,351851.57585144043
20180621101700,351750.0,351851.57585144043
20180621101800,351250.0,351851.57585144043
20180621101900,350750.0,351576.00140571594
20180621102000,350875.0,351069.0040588379
20180621102100,350625.0,350906.42404556274
20180621102200,350625.0,350826.48372650146
20180621102300,350750.0,350710.70170402527
20180621102400,351375.0,350779.6195745468
20180621102500,351250.0,351182.0514202118
20180621102600,351250.0,351402.4827480316
20180621102700,351250.0,351344.63143348694
20180621102800,351375.0,351344.63143348694
20180621102900,351375.0,351413.5272502899
20180621103000,351125.0,351471.3829755783
20180621103100,351125.0,351333.5781097412
20180621103200,351125.0,351217.8666591644
20180621103300,351375.0,351217.8666591644
20180621103400,351250.0,351355.67593574524
20180621103500,351125.0,351402.4827480316
20180621103600,351125.0,351275.7223844528
20180621103700,351250.0,351217.8666591644
20180621103800,351250.0,351286.7624759674
20180621103900,351375.0,351344.63143348694
20180621104000,351250.0,351413.5272502899
20180621104100,351125.0,351402.4827480316
20180621104200,350750.0,351275.7223844528
20180621104300,350625.0,351011.13510131836
20180621104400,350375.0,350768.5971260071
20180621104500,350125.00000000006,350572.8703737259
20180621104600,350125.00000000006,350319.2217350006
20180621104700,350250.0,350203.39119434357
20180621104800,350250.0,350272.3090648651
20180621104900,350375.0,350330.2309513092
20180621105000,350250.0,350399.14882183075
20180621105100,350125.00000000006,350388.14401626587
20180621105200,350125.00000000006,350261.30867004395
20180621105300,350250.0,350203.39119434357
20180621105400,350250.0,350272.3090648651
20180621105500,350125.00000000006,350330.2309513092
20180621105600,350125.00000000006,350261.30867004395
20180621105700,350750.0,350203.39119434357
20180621105800,351375.0,350547.9805469513
20180621105900,351750.0,351182.0514202118
20180621110000,351750.0,351678.07042598724
20180621110100,351750.0,351851.57585144043
20180621110200,351750.0,351851.57585144043
20180621110300,351750.0,351851.57585144043
20180621110400,351875.0,351851.57585144043
20180621110500,351750.0,351920.4672574997
20180621110600,351750.0,351909.3962907791
20180621110700,351875.0,351851.57585144043
20180621110800,351750.0,351920.4672574997
20180621110900,352500.0,351909.3962907791
20180621111000,352625.0,352264.8581266403
20180621111100,352750.0,352680.49132823944
20180621111200,353000.0,352807.101726532
20180621111300,353250.0,353002.5682449341
20180621111400,353125.0,353255.72288036346
20180621111500,353250.0,353302.326798439
20180621111600,353125.0,353313.44628334045
20180621111700,353375.0,353302.326798439
20180621111800,353375.0,353382.28034973145
20180621111900,353125.0,353497.6918697357
20180621112000,353250.0,353360.03255844116
20180621112100,353250.0,353313.44628334045
20180621112200,353125.0,353371.1564540863
20180621112300,353250.0,353302.326798439
20180621112400,353125.0,353313.44628334045
20180621112500,353625.0,353302.326798439
20180621112600,353750.0,353519.9308395386
20180621112700,353625.0,353819.5261955261
20180621112800,353875.0,353808.3846569061
20180621112900,353750.0,353888.33379745483
20180621113000,353750.0,353934.86273288727
20180621113100,353875.0,353877.20108032227
20180621113200,353875.0,353945.99986076355
20180621113300,353750.0,354003.66592407227
20180621113400,353875.0,353934.86273288727
20180621113500,353750.0,353945.99986076355
20180621113600,353125.0,353934.86273288727
20180621113700,353375.0,353533.1013202667
20180621113800,353125.0,353382.28034973145
20180621113900,352750.0,353360.03255844116
20180621114000,352750.0,353038.0747318268
20180621114100,352750.0,352864.8648262024
20180621114200,352625.0,352864.8648262024
20180621114300,352750.0,352796.0042953491
20180621114400,352875.0,352807.101726532
20180621114500,352750.0,352933.71653556824
20180621114600,352250.0,352922.61028289795
20180621114700,352000.0,352589.4182920456
20180621114800,351750.0,352220.5786705017
20180621114900,351875.0,351967.2123193741
20180621115000,351750.0,351920.4672574997
20180621115100,351875.0,351909.3962907791
20180621115200,351750.0,351920.4672574997
20180621115300,351750.0,351909.3962907791
20180621115400,351750.0,351851.57585144043
20180621115500,351750.0,351851.57585144043
20180621115600,351625.0,351851.57585144043
20180621115700,351875.0,351782.68444538116
20180621115800,352125.0,351862.6379966736
20180621115900,352125.0,352116.04845523834
20180621120000,351750.0,352231.6584587097
20180621120100,351875.0,352025.0151157379
20180621120200,351625.0,351920.4672574997
20180621120300,351750.0,351840.50488471985
20180621120400,351750.0,351793.75100135803
20180621120500,351500.0,351851.57585144043
20180621120600,351750.0,351713.7930393219
20180621120700,351750.0,351735.9173297882
20180621120800,351750.0,351851.57585144043
20180621120900,351750.0,351851.57585144043
20180621121000,351625.0,351851.57585144043
20180621121100,351750.0,351782.68444538116
20180621121200,351625.0,351793.75100135803
20180621121300,351750.0,351782.68444538116
20180621121400,351625.0,351793.75100135803
20180621121500,351875.0,351782.68444538116
20180621121600,351750.0,351862.6379966736
20180621121700,351500.0,351909.3962907791
20180621121800,351750.0,351713.7930393219
20180621121900,351750.0,351735.9173297882
20180621122000,351625.0,351851.57585144043
20180621122100,351500.0,351782.68444538116
20180621122200,351625.0,351655.9681892395
20180621122300,351625.0,351667.02151298523
20180621122400,351625.0,351724.85518455505
20180621122500,351750.0,351724.85518455505
20180621122600,351750.0,351793.75100135803
20180621122700,351625.0,351851.57585144043
20180621122800,351750.0,351782.68444538116
20180621122900,351625.0,351793.75100135803
20180621123000,351750.0,351782.68444538116
20180621123100,351625.0,351793.75100135803
20180621123200,351375.0,351782.68444538116
20180621123300,351625.0,351587.0679616928
20180621123400,351750.0,351609.179019928
20180621123500,351625.0,351793.75100135803
20180621123600,351750.0,351782.68444538116
20180621123700,351750.0,351793.75100135803
20180621123800,351625.0,351851.57585144043
20180621123900,351750.0,351782.68444538116
20180621124000,351625.0,351793.75100135803
20180621124100,351625.0,351782.68444538116
20180621124200,351625.0,351724.85518455505
20180621124300,351625.0,351724.85518455505
20180621124400,351750.0,351724.85518455505
20180621124500,351750.0,351793.75100135803
20180621124600,351750.0,351851.57585144043
20180621124700,351750.0,351851.57585144043
20180621124800,351750.0,351851.57585144043
20180621124900,351875.0,351851.57585144043
20180621125000,351625.0,351920.4672574997
20180621125100,351750.0,351840.50488471985
20180621125200,352000.0,351793.75100135803
20180621125300,352250.0,351989.34984207153
20180621125400,352250.0,352242.733836174
20180621125500,352250.0,352358.32619667053
20180621125600,352250.0,352358.32619667053
20180621125700,352250.0,352358.32619667053
20180621125800,352375.0,352358.32619667053
20180621125900,352250.0,352427.19995975494
20180621130000,352250.0,352416.1113500595
20180621130100,352500.0,352358.32619667053
20180621130200,352750.0,352496.0649013519
20180621130300,352750.0,352749.347448349
20180621130400,352750.0,352864.8648262024
20180621130500,352625.0,352864.8648262024
20180621130600,352750.0,352796.0042953491
20180621130700,352875.0,352807.101726532
20180621130800,352625.0,352933.71653556824
20180621130900,352750.0,352853.7585735321
20180621131000,352625.0,352807.101726532
20180621131100,352625.0,352796.0042953491
20180621131200,352625.0,352738.2456064224
20180621131300,352625.0,352738.2456064224
20180621131400,352625.0,352738.2456064224
20180621131500,352625.0,352738.2456064224
20180621131600,352750.0,352738.2456064224
20180621131700,352625.0,352807.101726532
20180621131800,352625.0,352796.0042953491
20180621131900,352625.0,352738.2456064224
20180621132000,352750.0,352738.2456064224
20180621132100,352625.0,352807.101726532
20180621132200,352625.0,352796.0042953491
20180621132300,352625.0,352738.2456064224
20180621132400,352750.0,352738.2456064224
20180621132500,352625.0,352807.101726532
20180621132600,352750.0,352796.0042953491
20180621132700,352750.0,352807.101726532
20180621132800,352750.0,352864.8648262024
20180621132900,352625.0,352864.8648262024
20180621133000,352875.0,352796.0042953491
20180621133100,352750.0,352875.96225738525
20180621133200,352625.0,352922.61028289795
20180621133300,352750.0,352796.0042953491
20180621133400,352625.0,352807.101726532
20180621133500,352750.0,352796.0042953491
20180621133600,352500.0,352807.101726532
20180621133700,352625.0,352727.14817523956
20180621133800,352625.0,352680.49132823944
20180621133900,352750.0,352738.2456064224
20180621134000,352875.0,352807.101726532
20180621134100,352750.0,352933.71653556824
20180621134200,352750.0,352922.61028289795
20180621134300,352625.0,352864.8648262024
20180621134400,352625.0,352796.0042953491
20180621134500,352625.0,352738.2456064224
20180621134600,352625.0,352738.2456064224
20180621134700,352625.0,352738.2456064224
20180621134800,352750.0,352738.2456064224
20180621134900,352750.0,352807.101726532
20180621135000,352625.0,352864.8648262024
20180621135100,352625.0,352796.0042953491
20180621135200,352625.0,352738.2456064224
20180621135300,352625.0,352738.2456064224
20180621135400,352625.0,352738.2456064224
20180621135500,352000.0,352738.2456064224
20180621135600,351625.0,352393.9164876938
20180621135700,351750.0,351898.32532405853
20180621135800,351625.0,351793.75100135803
20180621135900,351750.0,351782.68444538116
20180621140000,351625.0,351793.75100135803
20180621140100,351625.0,351782.68444538116
20180621140200,351750.0,351724.85518455505
20180621140300,351750.0,351793.75100135803
20180621140400,351750.0,351851.57585144043
20180621140500,351625.0,351851.57585144043
20180621140600,351625.0,351782.68444538116
20180621140700,351625.0,351724.85518455505
20180621140800,351625.0,351724.85518455505
20180621140900,351750.0,351724.85518455505
20180621141000,351625.0,351793.75100135803
20180621141100,351625.0,351782.68444538116
20180621141200,351250.0,351724.85518455505
20180621141300,351125.0,351518.1677341461
20180621141400,350500.00000000006,351275.7223844528
20180621141500,350125.00000000006,350873.3081817627
20180621141600,350125.00000000006,350377.12597846985
20180621141700,350125.00000000006,350203.39119434357
20180621141800,350000.0,350203.39119434357
20180621141900,350125.00000000006,350134.4645023346
20180621142000,350125.00000000006,350145.46489715576
20180621142100,350125.00000000006,350203.39119434357
20180621142200,350125.00000000006,350203.39119434357
20180621142300,350125.00000000006,350203.39119434357
20180621142400,350250.0,350203.39119434357
20180621142500,350125.00000000006,350272.3090648651
20180621142600,350125.00000000006,350261.30867004395
20180621142700,350125.00000000006,350203.39119434357
20180621142800,350125.00000000006,350203.39119434357
20180621142900,350125.00000000006,350203.39119434357
20180621143000,350125.00000000006,350203.39119434357
20180621143100,350125.00000000006,350203.39119434357
20180621143200,350125.00000000006,350203.39119434357
20180621143300,350250.0,350203.39119434357
20180621143400,350250.0,350272.3090648651
20180621143500,350125.00000000006,350330.2309513092
20180621143600,350250.0,350261.30867004395
20180621143700,350125.00000000006,350272.3090648651
20180621143800,350125.00000000006,350261.30867004395
20180621143900,350000.0,350203.39119434357
20180621144000,350125.00000000006,350134.4645023346
20180621144100,350125.00000000006,350145.46489715576
20180621144200,350125.00000000006,350203.39119434357
20180621144300,350125.00000000006,350203.39119434357
20180621144400,350125.00000000006,350203.39119434357
20180621144500,350125.00000000006,350203.39119434357
20180621144600,350250.0,350203.39119434357
20180621144700,349875.0,350272.3090648651
20180621144800,349749.99999999994,350123.4596967697
20180621144900,349625.0,349880.76293468475
20180621145000,349500.0,349753.89671325684
20180621145100,349625.0,349627.0216703415
20180621145200,349749.99999999994,349638.0000114441
20180621145300,349625.0,349764.87505435944
20180621145400,349625.0,349753.89671325684
20180621145500,349625.0,349695.94836235046
20180621145600,349625.0,349695.94836235046
20180621145700,349749.99999999994,349695.94836235046
20180621145800,349625.0,349764.87505435944
20180621145900,349625.0,349753.89671325684
20180621150000,349749.99999999994,349695.94836235046
20180621150100,349749.99999999994,349764.87505435944
20180621150200,349749.99999999994,349822.8278160095
20180621150300,349625.0,349822.8278160095
20180621150400,349000.0,349753.89671325684
20180621150500,349374.99999999994,349351.3104915619
20180621150600,349374.99999999994,349268.28265190125
20180621150700,349125.0,349442.18945503235
20180621150800,349500.0,349304.3360710144
20180621150900,349875.0,349395.18415927887
20180621151000,349875.0,349775.8445739746
20180621151100,349875.0,349949.6808052063
20180621151200,350250.0,349949.6808052063
20180621151300,350375.0,350156.4520597458
20180621151400,350375.0,350399.14882183075
20180621151500,350250.0,350457.0662975311
20180621151600,350375.0,350388.14401626587
20180621151700,350375.0,350399.14882183075
20180621151800,350375.0,350457.0662975311
20180621151900,350125.00000000006,350457.0662975311
20180621153000,350000.0,350319.2217350006
20180621153500,350000.0,350134.4645023346
20180622090000,347250.0,350076.5382051468
20180622090100,347375.0,348559.99660491943
20180622090200,346375.0,347353.44648361206
20180622090300,347250.0,346860.23712158203
20180622090400,346750.0,346878.1976699829
20180622090500,346250.0,347008.92770290375
20180622090600,345875.00000000006,346501.233458519
20180622090700,344875.0,346062.44826316833
20180622090800,344625.0,345337.46975660324
20180622090900,344500.0,344735.4914546013
20180622091000,344749.99999999994,344550.584256649
20180622091100,345124.99999999994,344630.1231980324
20180622091200,344625.0,344952.6897072792
20180622091300,344375.0,344851.5844345093
20180622091400,344250.0,344481.781065464
20180622091500,344125.0,344296.88930511475
20180622091600,344125.0,344170.0561642647
20180622091700,344375.0,344112.00857162476
20180622091800,344250.0,344249.55981969833
20180622091900,344500.0,344296.88930511475
20180622092000,344875.0,344376.4083981514
20180622092100,344749.99999999994,344698.9307999611
20180622092200,344749.99999999994,344804.30567264557
20180622092300,344749.99999999994,344746.24705314636
20180622092400,344375.0,344746.24705314636
20180622092500,344250.0,344539.8308634758
20180622092600,344125.0,344296.88930511475
20180622092700,344250.0,344170.0561642647
20180622092800,344250.0,344180.7830929756
20180622092900,345124.99999999994,344238.83950710297
20180622093000,346000.0,344720.3934788704
20180622093100,345875.00000000006,345608.7481379509
20180622093200,345750.0,345946.3574886322
20180622093300,345250.0,345819.4383382797
20180622093400,345250.0,345485.9706759453
20180622093500,345000.0,345253.77148389816
20180622093600,344500.0,345116.1033511162
20180622093700,344375.0,344724.72923994064
20180622093800,344125.0,344423.73567819595
20180622093900,344375.0,344228.10596227646
20180622094000,344250.0,344249.55981969833
20180622094100,344000.0,344296.88930511475
20180622094200,344250.0,344101.2816429138
20180622094300,344250.0,344122.72226810455
20180622094400,344250.0,344238.83950710297
20180622094500,343875.0,344238.83950710297
20180622094600,343875.0,344032.50712156296
20180622094700,344000.0,343858.36654901505
20180622094800,344375.0,343927.1300435066
20180622094900,344625.0,344191.49458408356
20180622095000,344250.0,344503.2613873482
20180622095100,344000.0,344412.993311882
20180622095200,343875.0,344101.2816429138
20180622095300,343750.0,343916.4163470268
20180622095400,343625.0,343789.6118760109
20180622095500,343750.0,343662.8162264824
20180622095600,343750.0,343673.51669073105
20180622095700,343750.0,343731.5664887428
20180622095800,343750.0,343731.5664887428
20180622095900,343750.0,343731.5664887428
20180622100000,344250.0,343731.5664887428
20180622100100,344749.99999999994,344006.59841299057
20180622100200,344749.99999999994,344513.99052143097
20180622100300,344500.0,344746.24705314636
20180622100400,344250.0,344608.6340546608
20180622100500,344250.0,344354.9413084984
20180622100600,344250.0,344238.83950710297
20180622100700,344375.0,344238.83950710297
20180622100800,344375.0,344307.62284994125
20180622100900,344250.0,344365.67705869675
20180622101000,344125.0,344296.88930511475
20180622101100,344125.0,344170.0561642647
20180622101200,344375.0,344112.00857162476
20180622101300,344500.0,344249.55981969833
20180622101400,344625.0,344434.46481227875
20180622101500,345124.99999999994,344561.3244175911
20180622101600,344875.0,344894.6222662926
20180622101700,344749.99999999994,344989.22830820084
20180622101800,345000.0,344804.30567264557
20180622101900,344749.99999999994,344883.87328386307
20180622102000,344749.99999999994,344862.3576760292
20180622102100,344625.0,344746.24705314636
20180622102200,345000.0,344677.4372458458
20180622102300,345875.00000000006,344825.80584287643
20180622102400,345875.00000000006,345481.8245768547
20180622102500,345250.0,345888.3032798767
20180622102600,345000.0,345544.01606321335
20180622102700,345124.99999999994,345116.1033511162
20180622102800,345250.0,345068.82017850876
20180622102900,344875.0,345195.70845365524
20180622103000,344625.0,345047.2781062126
20180622103100,344875.0,344735.4914546013
20180622103200,345000.0,344756.9982409477
20180622103300,345124.99999999994,344941.936314106
20180622103400,345250.0,345068.82017850876
20180622103500,345000.0,345195.70845365524
20180622103600,344749.99999999994,345116.1033511162
20180622103700,344749.99999999994,344862.3576760292
20180622103800,344625.0,344746.24705314636
20180622103900,344749.99999999994,344677.4372458458
20180622104000,344749.99999999994,344688.190639019
20180622104100,344625.0,344746.24705314636
20180622104200,344625.0,344677.4372458458
20180622104300,344749.99999999994,344619.3830370903
20180622104400,344625.0,344688.190639019
20180622104500,344749.99999999994,344677.4372458458
20180622104600,344749.99999999994,344688.190639019
20180622104700,344625.0,344746.24705314636
20180622104800,345000.0,344677.4372458458
20180622104900,345375.0,344825.80584287643
20180622105000,345375.0,345206.4794898033
20180622105100,345625.0,345380.66416978836
20180622105200,346125.0,345518.3543562889
20180622105300,346125.0,345909.9026918411
20180622105400,345750.0,346142.14158058167
20180622105500,345625.0,345935.5379343033
20180622105600,345750.0,345692.53021478653
20180622105700,345750.0,345703.32330465317
20180622105800,345625.0,345761.38854026794
20180622105900,345625.0,345692.53021478653
20180622110000,345750.0,345634.4715952873
20180622110100,345875.00000000006,345703.32330465317
20180622110200,345625.0,345830.2446603775
20180622110300,345500.00000000006,345750.58221817017
20180622110400,345875.00000000006,345565.6198859215
20180622110500,345375.0,345714.1208052635
20180622110600,345250.0,345612.8677725792
20180622110700,345375.0,345311.83010339737
20180622110800,345375.0,345322.60555028915
20180622110900,345124.99999999994,345380.66416978836
20180622111000,345375.0,345242.99162626266
20180622111100,345500.00000000006,345264.54252004623
20180622111200,345250.0,345449.5070576668
20180622111300,345375.0,345369.87549066544
20180622111400,344875.0,345322.60555028915
20180622111500,344625.0,345105.3279042244
20180622111600,344875.0,344735.4914546013
20180622111700,344749.99999999994,344756.9982409477
20180622111800,344625.0,344804.30567264557
20180622111900,344749.99999999994,344677.4372458458
20180622112000,344749.99999999994,344688.190639019
20180622112100,344749.99999999994,344746.24705314636
20180622112200,345375.0,344746.24705314636
20180622112300,345250.0,345090.3357863426
20180622112400,345375.0,345311.83010339737
20180622112500,345375.0,345322.60555028915
20180622112600,345124.99999999994,345380.66416978836
20180622112700,345375.0,345242.99162626266
20180622112800,345250.0,345264.54252004623
20180622112900,345250.0,345311.83010339737
20180622113000,345250.0,345253.77148389816
20180622113100,345250.0,345253.77148389816
20180622113200,345250.0,345253.77148389816
20180622113300,345250.0,345253.77148389816
20180622113400,345375.0,345253.77148389816
20180622113500,345124.99999999994,345322.60555028915
20180622113600,345375.0,345242.99162626266
20180622113700,345375.0,345264.54252004623
20180622113800,345124.99999999994,345380.66416978836
20180622113900,345375.0,345242.99162626266
20180622114000,345375.0,345264.54252004623
20180622114100,345375.0,345380.66416978836
20180622114200,345250.0,345380.66416978836
20180622114300,345124.99999999994,345311.83010339737
20180622114400,345375.0,345184.9374175072
20180622114500,345250.0,345264.54252004623
20180622114600,345250.0,345311.83010339737
20180622114700,345375.0,345253.77148389816
20180622114800,345124.99999999994,345322.60555028915
20180622114900,345375.0,345242.99162626266
20180622115000,345250.0,345264.54252004623
20180622115100,345124.99999999994,345311.83010339737
20180622115200,345375.0,345184.9374175072
20180622115300,345375.0,345264.54252004623
20180622115400,345124.99999999994,345380.66416978836
20180622115500,345250.0,345242.99162626266
20180622115600,345124.99999999994,345195.70845365524
20180622115700,345124.99999999994,345184.9374175072
20180622115800,345124.99999999994,345126.87879800797
20180622115900,345625.0,345126.87879800797
20180622120000,345625.0,345402.21947431564
20180622120100,345875.00000000006,345634.4715952873
20180622120200,345625.0,345772.1860408783
20180622120300,345750.0,345750.58221817017
20180622120400,345625.0,345703.32330465317
20180622120500,345625.0,345692.53021478653
20180622120600,345625.0,345634.4715952873
20180622120700,345625.0,345634.4715952873
20180622120800,345750.0,345634.4715952873
20180622120900,345625.0,345703.32330465317
20180622121000,345250.0,345692.53021478653
20180622121100,345375.0,345427.9296994209
20180622121200,345750.0,345322.60555028915
20180622121300,345625.0,345587.20165491104
20180622121400,345500.00000000006,345692.53021478653
20180622121500,345375.0,345565.6198859215
20180622121600,345375.0,345438.72278928757
20180622121700,345250.0,345380.66416978836
20180622121800,345625.0,345311.83010339737
20180622121900,345625.0,345460.2869153023
20180622122000,345625.0,345634.4715952873
20180622122100,346000.0,345634.4715952873
20180622122200,345625.0,345841.04657173157
20180622122300,345875.00000000006,345808.62760543823
20180622122400,345875.00000000006,345772.1860408783
20180622122500,345875.00000000006,345888.3032798767
20180622122600,346250.0,345888.3032798767
20180622122700,346000.0,346094.9025154114
20180622122800,346000.0,346131.32202625275
20180622122900,346625.0,346015.2224302292
20180622123000,346750.0,346359.5824241638
20180622123100,346750.0,346718.74928474426
20180622123200,346875.0,346776.7946720123
20180622123300,346750.0,346845.6904888153
20180622123400,347125.0,346834.83123779297
20180622123500,347625.0,346983.47330093384
20180622123600,348625.0,347433.22801589966
20180622123700,349250.0,348216.67313575745
20180622123800,348625.0,349025.4006385803
20180622123900,348750.0,348970.65448760986
20180622124000,348625.0,348749.70269203186
20180622124100,348875.0,348738.7640476227
20180622124200,349500.0,348818.6249732971
20180622124300,349749.99999999994,349279.22570705414
20180622124400,349875.0,349706.92670345306
20180622124500,349625.0,349891.74568653107
20180622124600,349500.0,349811.8362426758
20180622124700,349125.0,349627.0216703415
20180622124800,349125.0,349362.2932434082
20180622124900,349125.0,349188.40408325195
20180622125000,348875.0,349188.40408325195
20180622125100,349250.0,349050.550699234
20180622125200,349250.0,349141.3767337799
20180622125300,348750.0,349315.29676914215
20180622125400,349000.0,349039.58559036255
20180622125500,349250.0,348945.5397129059
20180622125600,349000.0,349199.3559598923
20180622125700,348625.0,349177.4433851242
20180622125800,349125.0,348854.7224998474
20180622125900,348750.0,348956.47394657135
20180622130000,348375.0,348981.6195964813
20180622130100,348750.0,348600.91066360474
20180622130200,349125.0,348633.7089538574
20180622130300,348875.0,349014.46199417114
20180622130400,348750.0,349050.550699234
20180622130500,348750.0,348865.669965744
20180622130600,348625.0,348807.68632888794
20180622130700,349000.0,348738.7640476227
20180622130800,348875.0,348887.5516653061
20180622130900,348875.0,348992.57588386536
20180622131000,349125.0,348934.596657753
20180622131100,349250.0,349072.4456310272
20180622131200,349374.99999999994,349257.33518600464
20180622131300,349374.99999999994,349384.2234611511
20180622131400,349625.0,349442.18945503235
20180622131500,349625.0,349580.0428390503
20180622131600,349500.0,349695.94836235046
20180622131700,349374.99999999994,349627.0216703415
20180622131800,349374.99999999994,349500.15103816986
20180622131900,349500.0,349442.18945503235
20180622132000,349875.0,349511.1161470413
20180622132100,349875.0,349775.8445739746
20180622132200,349749.99999999994,349949.6808052063
20180622132300,349875.0,349880.76293468475
20180622132400,349749.99999999994,349891.74568653107
20180622132500,349875.0,349880.76293468475
20180622132600,349875.0,349891.74568653107
20180622132700,349749.99999999994,349949.6808052063
20180622132800,349749.99999999994,349880.76293468475
20180622132900,349625.0,349822.8278160095
20180622133000,349749.99999999994,349753.89671325684
20180622133100,349749.99999999994,349764.87505435944
20180622133200,349749.99999999994,349822.8278160095
20180622133300,349625.0,349822.8278160095
20180622133400,349749.99999999994,349753.89671325684
20180622133500,349875.0,349764.87505435944
20180622133600,349625.0,349891.74568653107
20180622133700,349749.99999999994,349811.8362426758
20180622133800,349749.99999999994,349764.87505435944
20180622133900,349749.99999999994,349822.8278160095
20180622134000,349749.99999999994,349822.8278160095
20180622134100,349625.0,349822.8278160095
20180622134200,349500.0,349753.89671325684
20180622134300,349125.0,349627.0216703415
20180622134400,349374.99999999994,349362.2932434082
20180622134500,349374.99999999994,349326.2618780136
20180622134600,349125.0,349442.18945503235
20180622134700,348875.0,349304.3360710144
20180622134800,348875.0,349050.550699234
20180622134900,348750.0,348934.596657753
20180622135000,348625.0,348865.669965744
20180622135100,348875.0,348738.7640476227
20180622135200,348000.0,348818.6249732971
20180622135300,347625.0,348452.10099220276
20180622135400,347250.0,347839.39576148987
20180622135500,347250.0,347458.61184597015
20180622135600,347250.0,347284.54184532166
20180622135700,347125.0,347284.54184532166
20180622135800,347375.0,347215.63720703125
20180622135900,347250.0,347295.4099178314
20180622140000,347250.0,347342.56958961487
20180622140100,347125.0,347284.54184532166
20180622140200,347250.0,347215.63720703125
20180622140300,347375.0,347226.5096902847
20180622140400,347250.0,347353.44648361206
20180622140500,347250.0,347342.56958961487
20180622140600,347250.0,347284.54184532166
20180622140700,347125.0,347284.54184532166
20180622140800,347375.0,347215.63720703125
20180622140900,347375.0,347295.4099178314
20180622141000,347250.0,347411.4830493927
20180622141100,347500.0,347342.56958961487
20180622141200,347875.0,347422.35112190247
20180622141300,347875.0,347745.1469898224
20180622141400,347875.0,347919.2214012146
20180622141500,347625.0,347919.2214012146
20180622141600,347750.0,347781.3856601715
20180622141700,348125.0,347734.2656850815
20180622141800,348500.0,347999.0293979645
20180622141900,348625.0,348379.8485994339
20180622142000,348750.0,348622.7879524231
20180622142100,349000.0,348749.70269203186
20180622142200,349250.0,348945.5397129059
20180622142300,349374.99999999994,349199.3559598923
20180622142400,349749.99999999994,349384.2234611511
20180622142500,349749.99999999994,349648.96953105927
20180622142600,350250.0,349822.8278160095
20180622142700,350250.0,350098.51253032684
20180622142800,350125.00000000006,350330.2309513092
20180622142900,350375.0,350261.30867004395
20180622143000,350250.0,350341.2313461304
20180622143100,349875.0,350388.14401626587
20180622143200,349749.99999999994,350123.4596967697
20180622143300,349625.0,349880.76293468475
20180622143400,349625.0,349753.89671325684
20180622143500,349625.0,349695.94836235046
20180622143600,349625.0,349695.94836235046
20180622143700,349000.0,349695.94836235046
20180622143800,348875.0,349351.3104915619
20180622143900,348375.0,348992.57588386536
20180622144000,348250.0,348658.8898897171
20180622144100,348125.0,348358.0154180527
20180622144200,348125.0,348231.08744621277
20180622144300,347750.0,348173.08616638184
20180622144400,347500.0,347966.3237333298
20180622144500,347375.0,347654.4532775879
20180622144600,347250.0,347469.5063829422
20180622144700,347125.0,347342.56958961487
20180622144800,347250.0,347215.63720703125
20180622144900,347125.0,347226.5096902847
20180622145000,347125.0,347215.63720703125
20180622145100,347250.0,347157.6006412506
20180622145200,347250.0,347226.5096902847
20180622145300,347125.0,347284.54184532166
20180622145400,347125.0,347215.63720703125
20180622145500,347375.0,347157.6006412506
20180622145600,347750.0,347295.4099178314
20180622145700,347875.0,347618.20578575134
20180622145800,348000.0,347861.2024784088
20180622145900,348000.0,347988.13927173615
20180622150000,347875.0,348046.1537837982
20180622150100,347750.0,347977.2359132767
20180622150200,347875.0,347850.30794143677
20180622150300,347875.0,347861.2024784088
20180622150400,347750.0,347919.2214012146
20180622150500,347625.0,347850.30794143677
20180622150600,347750.0,347723.37114810944
20180622150700,347750.0,347734.2656850815
20180622150800,347875.0,347792.289018631
20180622150900,348125.0,347861.2024784088
20180622151000,348375.0,348057.0571422577
20180622151100,348375.0,348310.93072891235
20180622151200,348375.0,348426.9332885742
20180622151300,348375.0,348426.9332885742
20180622151400,348625.0,348426.9332885742
20180622151500,349125.0,348564.78667259216
20180622151600,349125.0,348956.47394657135
20180622151700,349500.0,349188.40408325195
20180622151800,349625.0,349395.18415927887
20180622151900,349875.0,349638.0000114441
20180622153000,350500.00000000006,349833.8017463684
20180622153500,350500.00000000006,350294.2922115326
20180625090000,348500.0,350583.8840007782
20180625090100,349000.0,349481.02605342865
20180625090200,349500.0,348829.5547962189
20180625090300,349250.0,349337.2093439102
20180625090400,350625.0,349431.21552467346
20180625090500,351875.0,350073.4374523163
20180625090600,353250.0,351399.7480869293
20180625090700,354125.0,352735.8329296112
20180625090800,353750.0,353852.8890609741
20180625090900,353500.0,354050.1639842987
20180625091000,353125.0,353739.5726442337
20180625091100,351875.0,353417.7339076996
20180625091200,351500.0,352556.04219436646
20180625091300,351500.0,351771.6134786606
20180625091400,351875.0,351598.12128543854
20180625091500,351875.0,351804.80432510376
20180625091600,351750.0,351978.2876968384
20180625091700,351375.0,351909.3962907791
20180625091800,350625.0,351644.8972225189
20180625091900,349875.0,351057.95073509216
20180625092000,349250.0,350297.17683792114
20180625092100,348250.0,349605.0429344177
20180625092200,348125.0,348763.87000083923
20180625092300,347875.0,348231.08744621277
20180625092400,348000.0,348035.2416038513
20180625092500,348000.0,347988.13927173615
20180625092600,348000.0,348046.1537837982
20180625092700,348125.0,348046.1537837982
20180625092800,348750.0,348115.0760650635
20180625092900,349250.0,348517.6887512207
20180625093000,348500.0,349083.3930969238
20180625093100,347750.0,348901.7233848572
20180625093200,347375.0,348140.3099298477
20180625093300,347125.0,347585.5442285538
20180625093400,347250.0,347273.66495132446
20180625093500,347625.0,347226.5096902847
20180625093600,347625.0,347491.2601709366
20180625093700,347875.0,347665.34781455994
20180625093800,348125.0,347803.1791448593
20180625093900,347375.0,348057.0571422577
20180625094000,346500.0,347759.5657110214
20180625094100,347500.0,346929.14175987244
20180625094200,348500.0,347074.0523338318
20180625094300,348250.0,348089.71869945526
20180625094400,348125.0,348416.0078763962
20180625094500,348125.0,348231.08744621277
20180625094600,347125.0,348173.08616638184
20180625094700,347000.0,347621.73438072205
20180625094800,347875.0,347088.7004137039
20180625094900,348125.0,347512.9874944687
20180625095000,347375.0,348057.0571422577
20180625095100,347250.0,347759.5657110214
20180625095200,347500.0,347342.56958961487
20180625095300,347500.0,347422.35112190247
20180625095400,347125.0,347538.4154319763
20180625095500,347125.0,347331.68828487396
20180625095600,346875.0,347157.6006412506
20180625095700,346625.0,347019.7957754135
20180625095800,346625.0,346765.9442424774
20180625095900,346625.0,346649.857878685
20180625100000,347000.0,346649.857878685
20180625100100,347250.0,346856.5320968628
20180625100200,347375.0,347168.4687137604
20180625100300,347750.0,347353.44648361206
20180625100400,347625.0,347618.20578575134
20180625100500,347125.0,347723.37114810944
20180625100600,346625.0,347389.70279693604
20180625100700,346750.0,346882.00414180756
20180625100800,346625.0,346718.74928474426
20180625100900,347000.0,346707.90326595306
20180625101000,347250.0,346856.5320968628
20180625101100,347125.0,347168.4687137604
20180625101200,347375.0,347215.63720703125
20180625101300,347375.0,347295.4099178314
20180625101400,347625.0,347411.4830493927
20180625101500,347750.0,347549.2967367172
20180625101600,347375.0,347734.2656850815
20180625101700,346375.0,347585.5442285538
20180625101800,346625.0,346860.23712158203
20180625101900,346750.0,346533.75828266144
20180625102000,346750.0,346718.74928474426
20180625102100,346750.0,346776.7946720123
20180625102200,346500.0,346776.7946720123
20180625102300,346375.0,346639.0030384064
20180625102400,346250.0,346454.04291152954
20180625102500,346250.0,346327.11493968964
20180625102600,347125.0,346269.0739631653
20180625102700,347625.0,346751.2432336807
20180625102800,348375.0,347433.22801589966
20180625102900,348750.0,348078.83739471436
20180625103000,348875.0,348633.7089538574
20180625103100,348750.0,348876.6130208969
20180625103200,348750.0,348865.669965744
20180625103300,348500.0,348807.68632888794
20180625103400,348250.0,348669.8373556137
20180625103500,348250.0,348416.0078763962
20180625103600,348375.0,348300.009727478
20180625103700,348250.0,348368.9320087433
20180625103800,348125.0,348358.0154180527
20180625103900,348125.0,348231.08744621277
20180625104000,348375.0,348173.08616638184
20180625104100,348375.0,348310.93072891235
20180625104200,349000.0,348426.9332885742
20180625104300,349125.0,348771.55351638794
20180625104400,349500.0,349130.4292678833
20180625104500,348875.0,349395.18415927887
20180625104600,349125.0,349224.4222164154
20180625104700,348875.0,349072.4456310272
20180625104800,348875.0,349050.550699234
20180625104900,349374.99999999994,348934.596657753
20180625105000,349125.0,349210.29901504517
20180625105100,348625.0,349304.3360710144
20180625105200,348625.0,348912.69290447235
20180625105300,348750.0,348680.7804107666
20180625105400,348875.0,348749.70269203186
20180625105500,348250.0,348876.6130208969
20180625105600,348250.0,348589.9587869644
20180625105700,348125.0,348300.009727478
20180625105800,348375.0,348231.08744621277
20180625105900,348125.0,348310.93072891235
20180625110000,348250.0,348289.0887260437
20180625110100,348250.0,348242.0084476471
20180625110200,348125.0,348300.009727478
20180625110300,348125.0,348231.08744621277
20180625110400,348250.0,348173.08616638184
20180625110500,348000.0,348242.0084476471
20180625110600,347750.0,348162.1651649475
20180625110700,347750.0,347908.3180427551
20180625110800,347750.0,347792.289018631
20180625110900,347625.0,347792.289018631
20180625111000,347750.0,347723.37114810944
20180625111100,348125.0,347734.2656850815
20180625111200,348250.0,347999.0293979645
20180625111300,347750.0,348242.0084476471
20180625111400,348000.0,348024.320602417
20180625111500,348250.0,347930.11593818665
20180625111600,347625.0,348183.993935585
20180625111700,348000.0,347955.39832115173
20180625111800,348625.0,347872.09260463715
20180625111900,348500.0,348390.7519578934
20180625112000,348000.0,348611.85812950134
20180625112100,348000.0,348278.15890312195
20180625112200,348375.0,348046.1537837982
20180625112300,347875.0,348252.91180610657
20180625112400,348125.0,348151.2441635132
20180625112500,348000.0,348057.0571422577
20180625112600,347875.0,348104.1638851166
20180625112700,348375.0,347977.2359132767
20180625112800,349125.0,348194.8928833008
20180625112900,348875.0,348840.4713869095
20180625113000,348750.0,349050.550699234
20180625113100,348250.0,348865.669965744
20180625113200,348375.0,348531.97956085205
20180625113300,348375.0,348368.9320087433
20180625113400,348250.0,348426.9332885742
20180625113500,348125.0,348358.0154180527
20180625113600,348375.0,348231.08744621277
20180625113700,348125.0,348310.93072891235
20180625113800,348125.0,348289.0887260437
20180625113900,348375.0,348173.08616638184
20180625114000,348625.0,348310.93072891235
20180625114100,348375.0,348564.78667259216
20180625114200,348250.0,348542.92702674866
20180625114300,348250.0,348358.0154180527
20180625114400,348500.0,348300.009727478
20180625114500,348625.0,348437.85429000854
20180625114600,348250.0,348622.7879524231
20180625114700,348250.0,348473.995923996
20180625114800,348750.0,348300.009727478
20180625114900,348500.0,348575.69885253906
20180625115000,348125.0,348669.8373556137
20180625115100,348250.0,348347.0811843872
20180625115200,348375.0,348242.0084476471
20180625115300,348625.0,348368.9320087433
20180625115400,348625.0,348564.78667259216
20180625115500,348625.0,348680.7804107666
20180625115600,348625.0,348680.7804107666
20180625115700,348750.0,348680.7804107666
20180625115800,348375.0,348749.70269203186
20180625115900,348625.0,348600.91066360474
20180625120000,348500.0,348564.78667259216
20180625120100,348250.0,348611.85812950134
20180625120200,348500.0,348416.0078763962
20180625120300,348250.0,348437.85429000854
20180625120400,348500.0,348416.0078763962
20180625120500,348375.0,348437.85429000854
20180625120600,348125.0,348484.93897914886
20180625120700,348125.0,348289.0887260437
20180625120800,348250.0,348173.08616638184
20180625120900,348250.0,348242.0084476471
20180625121000,348125.0,348300.009727478
20180625121100,348125.0,348231.08744621277
20180625121200,348250.0,348173.08616638184
20180625121300,348250.0,348242.0084476471
20180625121400,348375.0,348300.009727478
20180625121500,348250.0,348368.9320087433
20180625121600,348250.0,348358.0154180527
20180625121700,348250.0,348300.009727478
20180625121800,348250.0,348300.009727478
20180625121900,348375.0,348300.009727478
20180625122000,348125.0,348368.9320087433
20180625122100,347875.0,348289.0887260437
20180625122200,348375.0,348035.2416038513
20180625122300,348625.0,348194.8928833008
20180625122400,348500.0,348564.78667259216
20180625122500,348750.0,348611.85812950134
20180625122600,348875.0,348691.71023368835
20180625122700,349000.0,348876.6130208969
20180625122800,348500.0,349003.52334976196
20180625122900,348625.0,348785.79580783844
20180625123000,348500.0,348622.7879524231
20180625123100,348875.0,348611.85812950134
20180625123200,348750.0,348760.6325149536
20180625123300,348625.0,348865.669965744
20180625123400,348500.0,348738.7640476227
20180625123500,348250.0,348611.85812950134
20180625123600,348375.0,348416.0078763962
20180625123700,348125.0,348368.9320087433
20180625123800,348250.0,348289.0887260437
20180625123900,348250.0,348242.0084476471
20180625124000,348250.0,348300.009727478
20180625124100,348125.0,348300.009727478
20180625124200,348250.0,348231.08744621277
20180625124300,348125.0,348242.0084476471
20180625124400,348250.0,348231.08744621277
20180625124500,348500.0,348242.0084476471
20180625124600,348625.0,348437.85429000854
20180625124700,348750.0,348622.7879524231
20180625124800,348750.0,348749.70269203186
20180625124900,348625.0,348807.68632888794
20180625125000,348750.0,348738.7640476227
20180625125100,348750.0,348749.70269203186
20180625125200,348750.0,348807.68632888794
20180625125300,348625.0,348807.68632888794
20180625125400,348625.0,348738.7640476227
20180625125500,348750.0,348680.7804107666
20180625125600,348625.0,348749.70269203186
20180625125700,348875.0,348738.7640476227
20180625125800,348750.0,348818.6249732971
20180625125900,348625.0,348865.669965744
20180625130000,348625.0,348738.7640476227
20180625130100,348750.0,348680.7804107666
20180625130200,348875.0,348749.70269203186
20180625130300,349250.0,348876.6130208969
20180625130400,349875.0,349141.3767337799
20180625130500,350500.00000000006,349659.9258184433
20180625130600,350375.0,350294.2922115326
20180625130700,350875.0,350514.97054100037
20180625130800,350875.0,350732.72454738617
20180625130900,350875.0,350964.3062353134
20180625131000,350875.0,350964.3062353134
20180625131100,350750.0,350964.3062353134
20180625131200,351375.0,350895.3971862793
20180625131300,351750.0,351182.0514202118
20180625131400,352625.0,351678.07042598724
20180625131500,352875.0,352333.7230682373
20180625131600,352875.0,352875.96225738525
20180625131700,353000.0,352991.4619922638
20180625131800,353375.0,353060.31370162964
20180625131900,353625.0,353324.55253601074
20180625132000,353875.0,353635.3335380554
20180625132100,353750.0,353888.33379745483
20180625132200,353999.99999999994,353934.86273288727
20180625132300,354125.0,354014.80746269226
20180625132400,353750.0,354198.9119052887
20180625132500,353375.0,354050.1639842987
20180625132600,353125.0,353670.75181007385
20180625132700,353125.0,353360.03255844116
20180625132800,353250.0,353244.60780620575
20180625132900,352750.0,353313.44628334045
20180625133000,352750.0,353095.8025455475
20180625133100,352750.0,352864.8648262024
20180625133200,352500.0,352864.8648262024
20180625133300,352500.0,352727.14817523956
20180625133400,352750.0,352611.62197589874
20180625133500,352875.0,352749.347448349
20180625133600,352750.0,352933.71653556824
20180625133700,353000.0,352922.61028289795
20180625133800,353250.0,353002.5682449341
20180625133900,353375.0,353255.72288036346
20180625134000,353500.0,353439.9905204773
20180625134100,353250.0,353566.5171146393
20180625134200,353375.0,353486.56356334686
20180625134300,353250.0,353439.9905204773
20180625134400,353125.0,353428.86662483215
20180625134500,353375.0,353302.326798439
20180625134600,353250.0,353382.28034973145
20180625134700,353375.0,353428.86662483215
20180625134800,353375.0,353439.9905204773
20180625134900,353500.0,353497.6918697357
20180625135000,353750.0,353566.5171146393
20180625135100,353875.0,353761.84248924255
20180625135200,353875.0,353945.99986076355
20180625135300,354125.0,354003.66592407227
20180625135400,354250.0,354141.26348495483
20180625135500,354250.0,354325.33264160156
20180625135600,354250.0,354382.95459747314
20180625135700,354125.0,354382.95459747314
20180625135800,354250.0,354314.1734600067
20180625135900,354250.0,354325.33264160156
20180625140000,354374.99999999994,354382.95459747314
20180625140100,354250.0,354451.7357349396
20180625140200,354500.0,354440.5765533447
20180625140300,354625.0,354520.5124616623
20180625140400,354374.99999999994,354704.49340343475
20180625140500,354500.0,354624.5574951172
20180625140600,354500.0,354578.12559604645
20180625140700,354750.00000000006,354635.7299089432
20180625140800,354250.0,354773.2524871826
20180625140900,354125.0,354613.3806705475
20180625141000,353999.99999999994,354314.1734600067
20180625141100,353625.0,354187.7615451813
20180625141200,353750.0,353923.71237277985
20180625141300,353750.0,353819.5261955261
20180625141400,353750.0,353877.20108032227
20180625141500,353875.0,353877.20108032227
20180625141600,353875.0,353945.99986076355
20180625141700,353750.0,354003.66592407227
20180625141800,353999.99999999994,353934.86273288727
20180625141900,353875.0,354014.80746269226
20180625142000,353999.99999999994,354061.31875514984
20180625142100,353500.0,354072.46470451355
20180625142200,353250.0,353854.9003601074
20180625142300,353625.0,353486.56356334686
20180625142400,353500.0,353577.6410102844
20180625142500,353500.0,353681.89775943756
20180625142600,353375.0,353624.214053154
20180625142700,353250.0,353555.39321899414
20180625142800,353125.0,353428.86662483215
20180625142900,353000.0,353302.326798439
20180625143000,352875.0,353175.76932907104
20180625143100,352375.0,353049.1942167282
20180625143200,351750.0,352716.03751182556
20180625143300,351875.0,352140.598654747
20180625143400,351875.0,351920.4672574997
20180625143500,352375.0,351978.2876968384
20180625143600,352375.0,352253.8003921509
20180625143700,352250.0,352484.9851131439
20180625143800,352375.0,352416.1113500595
20180625143900,352375.0,352427.19995975494
20180625144000,352375.0,352484.9851131439
20180625144100,352250.0,352484.9851131439
20180625144200,352500.0,352416.1113500595
20180625144300,352500.0,352496.0649013519
20180625144400,352375.0,352611.62197589874
20180625144500,352375.0,352542.75703430176
20180625144600,352250.0,352484.9851131439
20180625144700,352375.0,352416.1113500595
20180625144800,352250.0,352427.19995975494
20180625144900,352250.0,352416.1113500595
20180625145000,352500.0,352358.32619667053
20180625145100,352750.0,352496.0649013519
20180625145200,353125.0,352749.347448349
20180625145300,353375.0,353071.4067220688
20180625145400,353250.0,353382.28034973145
20180625145500,353250.0,353428.86662483215
20180625145600,353250.0,353371.1564540863
20180625145700,353375.0,353371.1564540863
20180625145800,353250.0,353439.9905204773
20180625145900,353375.0,353428.86662483215
20180625150000,353125.0,353439.9905204773
20180625150100,352750.0,353360.03255844116
20180625150200,352875.0,353038.0747318268
20180625150300,352750.0,352933.71653556824
20180625150400,353250.0,352922.61028289795
20180625150500,353375.0,353140.2496099472
20180625150600,353625.0,353439.9905204773
20180625150700,353875.0,353635.3335380554
20180625150800,354125.0,353888.33379745483
20180625150900,354374.99999999994,354141.26348495483
20180625151000,354250.0,354394.113779068
20180625151100,354625.0,354440.5765533447
20180625151200,354875.0,354589.2803668976
20180625151300,354875.0,354899.59383010864
20180625151400,354875.0,355014.7407054901
20180625151500,354875.0,355014.7407054901
20180625151600,355000.0,355014.7407054901
20180625151700,355250.0,355083.4821462631
20180625151800,355250.0,355278.49435806274
20180625151900,354625.0,355393.5662508011
20180625153000,355000.0,355049.90315437317
20180625153500,355000.0,354968.33968162537
20180626090000,355125.00000000006,355141.037940979
20180626090100,355250.0,355209.7661495209
20180626090200,354750.00000000006,355336.0369205475
20180626090300,354374.99999999994,355118.6490058899
20180626090400,354250.0,354682.1529865265
20180626090500,353999.99999999994,354440.5765533447
20180626090600,353750.0,354245.3923225403
20180626090700,353250.0,353992.51997470856
20180626090800,353125.0,353601.930975914
20180626090900,352250.0,353302.326798439
20180626091000,352375.0,352762.65025138855
20180626091100,351750.0,352427.19995975494
20180626091200,351625.0,352140.598654747
20180626091300,352250.0,351782.68444538116
20180626091400,352250.0,352069.2857503891
20180626091500,352750.0,352358.32619667053
20180626091600,352875.0,352633.7947845459
20180626091700,352500.0,352933.71653556824
20180626091800,352375.0,352784.8936319351
20180626091900,352375.0,352542.75703430176
20180626092000,352750.0,352484.9851131439
20180626092100,353000.0,352691.57552719116
20180626092200,352875.0,353002.5682449341
20180626092300,352875.0,353049.1942167282
20180626092400,353250.0,352991.4619922638
20180626092500,352875.0,353197.99065589905
20180626092600,352750.0,353164.6454334259
20180626092700,352625.0,352922.61028289795
20180626092800,353250.0,352796.0042953491
20180626092900,353375.0,353082.49974250793
20180626093000,353250.0,353439.9905204773
20180626093100,353750.0,353428.86662483215
20180626093200,353999.99999999994,353646.45743370056
20180626093300,354250.0,354014.80746269226
20180626093400,354500.0,354267.69745349884
20180626093500,354500.0,354520.5124616623
20180626093600,354750.00000000006,354635.7299089432
20180626093700,354750.00000000006,354773.2524871826
20180626093800,354875.0,354888.42141628265
20180626093900,354125.0,354957.1716785431
20180626094000,353625.0,354602.19502449036
20180626094100,354250.0,353981.3607931137
20180626094200,353999.99999999994,354094.7301387787
20180626094300,353625.0,354245.3923225403
20180626094400,353750.0,353923.71237277985
20180626094500,354250.0,353819.5261955261
20180626094600,354374.99999999994,354152.3962020874
20180626094700,355000.0,354451.7357349396
20180626094800,354875.0,354853.1575202942
20180626094900,354750.00000000006,355072.2920894623
20180626095000,354750.00000000006,354945.9904432297
20180626095100,354750.00000000006,354888.42141628265
20180626095200,354750.00000000006,354888.42141628265
20180626095300,354875.0,354888.42141628265
20180626095400,355250.0,354957.1716785431
20180626095500,355250.0,355220.9473848343
20180626095600,355125.00000000006,355393.5662508011
20180626095700,355125.00000000006,355324.85127449036
20180626095800,355750.0,355267.3087120056
20180626095900,355500.0,355610.87477207184
20180626100000,354750.00000000006,355760.9944343567
20180626100100,354750.00000000006,355233.7076663971
20180626100200,354875.0,354888.42141628265
20180626100300,355250.0,354957.1716785431
20180626100400,355250.0,355220.9473848343
20180626100500,355750.0,355393.5662508011
20180626100600,353750.0,355668.395280838
20180626100700,352500.0,354798.7289428711
20180626100800,352750.0,353188.9133453369
20180626100900,353250.0,352749.347448349
20180626101000,353125.0,353140.2496099472
20180626101100,353125.0,353302.326798439
20180626101200,353250.0,353244.60780620575
20180626101300,353375.0,353313.44628334045
20180626101400,353250.0,353439.9905204773
20180626101500,353125.0,353428.86662483215
20180626101600,353125.0,353302.326798439
20180626101700,353125.0,353244.60780620575
20180626101800,352750.0,353244.60780620575
20180626101900,352250.0,353038.0747318268
20180626102000,351750.0,352589.4182920456
20180626102100,351750.0,352082.81350135803
20180626102200,351500.0,351851.57585144043
20180626102300,351625.0,351713.7930393219
20180626102400,351750.0,351667.02151298523
20180626102500,351875.0,351793.75100135803
20180626102600,351750.0,351920.4672574997
20180626102700,351625.0,351909.3962907791
20180626102800,351750.0,351782.68444538116
20180626102900,351875.0,351793.75100135803
20180626103000,351625.0,351920.4672574997
20180626103100,351750.0,351840.50488471985
20180626103200,351750.0,351793.75100135803
20180626103300,351500.0,351851.57585144043
20180626103400,350500.00000000006,351713.7930393219
20180626103500,350625.0,351046.8841791153
20180626103600,350500.00000000006,350652.80628204346
20180626103700,351000.0,350641.78824424744
20180626103800,351250.0,350859.5378398895
20180626103900,351250.0,351228.8935184479
20180626104000,351125.0,351344.63143348694
20180626104100,351250.0,351275.7223844528
20180626104200,350875.0,351286.7624759674
20180626104300,350625.0,351137.9175186157
20180626104400,350125.00000000006,350826.48372650146
20180626104500,349374.99999999994,350435.0302219391
20180626104600,349125.0,349789.83104228973
20180626104700,349250.0,349304.3360710144
20180626104800,349125.0,349257.33518600464
20180626104900,349250.0,349246.3700771332
20180626105000,349374.99999999994,349257.33518600464
20180626105100,349125.0,349384.2234611511
20180626105200,349250.0,349304.3360710144
20180626105300,349125.0,349257.33518600464
20180626105400,349125.0,349246.3700771332
20180626105500,349125.0,349188.40408325195
20180626105600,348500.0,349188.40408325195
20180626105700,347750.0,348843.75739097595
20180626105800,347625.0,348140.3099298477
20180626105900,347750.0,347723.37114810944
20180626110000,347750.0,347734.2656850815
20180626110100,347625.0,347792.289018631
20180626110200,347625.0,347723.37114810944
20180626110300,347875.0,347665.34781455994
20180626110400,347500.0,347803.1791448593
20180626110500,347750.0,347712.46778964996
20180626110600,347750.0,347676.23794078827
20180626110700,347875.0,347792.289018631
20180626110800,347750.0,347861.2024784088
20180626110900,347625.0,347850.30794143677
20180626111000,347750.0,347723.37114810944
20180626111100,347750.0,347734.2656850815
20180626111200,347625.0,347792.289018631
20180626111300,347125.0,347723.37114810944
20180626111400,346625.0,347389.70279693604
20180626111500,346625.0,346882.00414180756
20180626111600,347125.0,346649.857878685
20180626111700,347750.0,346925.42350292206
20180626111800,348250.0,347502.12383270264
20180626111900,349374.99999999994,348067.95167922974
20180626112000,349500.0,348920.30584812164
20180626112100,349125.0,349511.1161470413
20180626112200,349250.0,349362.2932434082
20180626112300,349374.99999999994,349257.33518600464
20180626112400,349250.0,349384.2234611511
20180626112500,349000.0,349373.2627630234
20180626112600,348750.0,349177.4433851242
20180626112700,348625.0,348923.6447811127
20180626112800,348750.0,348738.7640476227
20180626112900,348750.0,348749.70269203186
20180626113000,348750.0,348807.68632888794
20180626113100,348875.0,348807.68632888794
20180626113200,348750.0,348876.6130208969
20180626113300,348750.0,348865.669965744
20180626113400,348750.0,348807.68632888794
20180626113500,348875.0,348807.68632888794
20180626113600,349374.99999999994,348876.6130208969
20180626113700,349749.99999999994,349210.29901504517
20180626113800,350375.0,349648.96953105927
20180626113900,350750.0,350167.4304008484
20180626114000,350750.0,350663.81108760834
20180626114100,350875.0,350837.5105857849
20180626114200,350750.0,350906.42404556274
20180626114300,350875.0,350895.3971862793
20180626114400,350875.0,350906.42404556274
20180626114500,350375.0,350964.3062353134
20180626114600,349749.99999999994,350688.64357471466
20180626114700,349500.0,350112.4504804611
20180626114800,349125.0,349684.96561050415
20180626114900,349250.0,349362.2932434082
20180626115000,349000.0,349257.33518600464
20180626115100,348750.0,349177.4433851242
20180626115200,348500.0,348923.6447811127
20180626115300,348750.0,348669.8373556137
20180626115400,348750.0,348691.71023368835
20180626115500,348250.0,348807.68632888794
20180626115600,348250.0,348531.97956085205
20180626115700,348250.0,348300.009727478
20180626115800,348125.0,348300.009727478
20180626115900,348250.0,348231.08744621277
20180626120000,348250.0,348242.0084476471
20180626120100,348375.0,348300.009727478
20180626120200,348250.0,348368.9320087433
20180626120300,348125.0,348358.0154180527
20180626120400,348375.0,348231.08744621277
20180626120500,348250.0,348310.93072891235
20180626120600,348250.0,348358.0154180527
20180626120700,348750.0,348300.009727478
20180626120800,349625.0,348575.69885253906
20180626120900,349125.0,349290.1599407196
20180626121000,348875.0,349420.23277282715
20180626121100,349125.0,349050.550699234
20180626121200,349125.0,349072.4456310272
20180626121300,348875.0,349188.40408325195
20180626121400,348875.0,349050.550699234
20180626121500,348750.0,348934.596657753
20180626121600,348750.0,348865.669965744
20180626121700,348750.0,348807.68632888794
20180626121800,348750.0,348807.68632888794
20180626121900,348750.0,348807.68632888794
20180626122000,348375.0,348807.68632888794
20180626122100,348250.0,348600.91066360474
20180626122200,348250.0,348358.0154180527
20180626122300,348375.0,348300.009727478
20180626122400,348125.0,348368.9320087433
20180626122500,348250.0,348289.0887260437
20180626122600,348500.0,348242.0084476471
20180626122700,348750.0,348437.85429000854
20180626122800,349374.99999999994,348691.71023368835
20180626122900,349749.99999999994,349152.3153781891
20180626123000,350750.0,349648.96953105927
20180626123100,351500.0,350374.1796016693
20180626123200,351500.0,351250.94723701477
20180626123300,351250.0,351598.12128543854
20180626123400,351750.0,351460.32524108887
20180626123500,351625.0,351620.2235221863
20180626123600,351750.0,351782.68444538116
20180626123700,351750.0,351793.75100135803
20180626123800,351875.0,351851.57585144043
20180626123900,351750.0,351920.4672574997
20180626124000,351625.0,351909.3962907791
20180626124100,351375.0,351782.68444538116
20180626124200,351125.0,351587.0679616928
20180626124300,351250.0,351333.5781097412
20180626124400,351375.0,351286.7624759674
20180626124500,351125.0,351413.5272502899
20180626124600,351125.0,351333.5781097412
20180626124700,351250.0,351217.8666591644
20180626124800,351125.0,351286.7624759674
20180626124900,351125.0,351275.7223844528
20180626125000,351125.0,351217.8666591644
20180626125100,351125.0,351217.8666591644
20180626125200,351125.0,351217.8666591644
20180626125300,351125.0,351217.8666591644
20180626125400,351125.0,351217.8666591644
20180626125500,351125.0,351217.8666591644
20180626125600,350875.0,351217.8666591644
20180626125700,350250.0,351080.0485610962
20180626125800,350125.00000000006,350619.7257041931
20180626125900,350125.00000000006,350261.30867004395
20180626130000,350125.00000000006,350203.39119434357
20180626130100,350250.0,350203.39119434357
20180626130200,350250.0,350272.3090648651
20180626130300,350375.0,350330.2309513092
20180626130400,350125.00000000006,350399.14882183075
20180626130500,350125.00000000006,350319.2217350006
20180626130600,350375.0,350203.39119434357
20180626130700,350125.00000000006,350341.2313461304
20180626130800,350125.00000000006,350319.2217350006
20180626130900,349625.0,350203.39119434357
20180626131000,349625.0,349927.6932477951
20180626131100,350125.00000000006,349695.94836235046
20180626131200,350250.0,349971.6418981552
20180626131300,350375.0,350272.3090648651
20180626131400,350875.0,350399.14882183075
20180626131500,351625.0,350732.72454738617
20180626131600,351625.0,351377.72965431213
20180626131700,351375.0,351724.85518455505
20180626131800,351375.0,351587.0679616928
20180626131900,351000.0,351471.3829755783
20180626132000,350375.0,351264.6734714508
20180626132100,350750.0,350746.5213537216
20180626132200,351625.0,350663.81108760834
20180626132300,351750.0,351319.84305381775
20180626132400,351625.0,351793.75100135803
20180626132500,351500.0,351782.68444538116
20180626132600,351250.0,351655.9681892395
20180626132700,351000.0,351460.32524108887
20180626132800,351250.0,351206.8221569061
20180626132900,350500.00000000006,351228.8935184479
20180626133000,350125.00000000006,350931.1771392822
20180626133100,350125.00000000006,350377.12597846985
20180626133200,350375.0,350203.39119434357
20180626133300,350250.0,350341.2313461304
20180626133400,350375.0,350388.14401626587
20180626133500,350375.0,350399.14882183075
20180626133600,350375.0,350457.0662975311
20180626133700,350250.0,350457.0662975311
20180626133800,350375.0,350388.14401626587
20180626133900,350250.0,350399.14882183075
20180626134000,350125.00000000006,350388.14401626587
20180626134100,350375.0,350261.30867004395
20180626134200,350125.00000000006,350341.2313461304
20180626134300,350375.0,350319.2217350006
20180626134400,350250.0,350341.2313461304
20180626134500,350375.0,350388.14401626587
20180626134600,350250.0,350399.14882183075
20180626134700,350250.0,350388.14401626587
20180626134800,350250.0,350330.2309513092
20180626134900,350250.0,350330.2309513092
20180626135000,350125.00000000006,350330.2309513092
20180626135100,350250.0,350261.30867004395
20180626135200,350250.0,350272.3090648651
20180626135300,350375.0,350330.2309513092
20180626135400,350250.0,350399.14882183075
20180626135500,350125.00000000006,350388.14401626587
20180626135600,350375.0,350261.30867004395
20180626135700,350375.0,350341.2313461304
20180626135800,350125.00000000006,350457.0662975311
20180626135900,350125.00000000006,350319.2217350006
20180626140000,350625.0,350203.39119434357
20180626140100,351375.0,350479.06267642975
20180626140200,350875.0,351124.15599823
20180626140300,350750.0,351195.7688331604
20180626140400,350500.00000000006,350895.3971862793
20180626140500,350250.0,350699.67925548553
20180626140600,350375.0,350446.0526704788
20180626140700,350250.0,350399.14882183075
20180626140800,349875.0,350388.14401626587
20180626140900,349625.0,350123.4596967697
20180626141000,349875.0,349811.8362426758
20180626141100,350375.0,349833.8017463684
20180626141200,350750.0,350225.36993026733
20180626141300,350750.0,350663.81108760834
20180626141400,350875.0,350837.5105857849
20180626141500,350750.0,350906.42404556274
20180626141600,350875.0,350895.3971862793
20180626141700,351250.0,350906.42404556274
20180626141800,351375.0,351171.02456092834
20180626141900,351125.0,351413.5272502899
20180626142000,351250.0,351333.5781097412
20180626142100,351250.0,351286.7624759674
20180626142200,351375.0,351344.63143348694
20180626142300,351750.0,351413.5272502899
20180626142400,352375.0,351678.07042598724
20180626142500,352125.0,352195.9843635559
20180626142600,352250.0,352347.2375869751
20180626142700,352250.0,352300.5278110504
20180626142800,352375.0,352358.32619667053
20180626142900,351875.0,352427.19995975494
20180626143000,351750.0,352209.48123931885
20180626143100,351750.0,351909.3962907791
20180626143200,352125.0,351851.57585144043
20180626143300,352250.0,352058.2324266434
20180626143400,352375.0,352300.5278110504
20180626143500,352750.0,352427.19995975494
20180626143600,352250.0,352691.57552719116
20180626143700,352000.0,352589.4182920456
20180626143800,351875.0,352220.5786705017
20180626143900,351875.0,352036.0949039459
20180626144000,351750.0,351978.2876968384
20180626144100,351750.0,351909.3962907791
20180626144200,351875.0,351851.57585144043
20180626144300,351875.0,351920.4672574997
20180626144400,351875.0,351978.2876968384
20180626144500,351750.0,351978.2876968384
20180626144600,351750.0,351909.3962907791
20180626144700,351625.0,351851.57585144043
20180626144800,351875.0,351782.68444538116
20180626144900,351750.0,351862.6379966736
20180626145000,351875.0,351909.3962907791
20180626145100,351750.0,351920.4672574997
20180626145200,351750.0,351909.3962907791
20180626145300,351875.0,351851.57585144043
20180626145400,351875.0,351920.4672574997
20180626145500,351750.0,351978.2876968384
20180626145600,351750.0,351909.3962907791
20180626145700,351750.0,351851.57585144043
20180626145800,351875.0,351851.57585144043
20180626145900,352375.0,351920.4672574997
20180626150000,352500.0,352253.8003921509
20180626150100,352250.0,352553.8500547409
20180626150200,351875.0,352473.88768196106
20180626150300,351625.0,352151.7004966736
20180626150400,351875.0,351840.50488471985
20180626150500,351875.0,351862.6379966736
20180626150600,351750.0,351978.2876968384
20180626150700,351750.0,351909.3962907791
20180626150800,351625.0,351851.57585144043
20180626150900,351750.0,351782.68444538116
20180626151000,351750.0,351793.75100135803
20180626151100,351875.0,351851.57585144043
20180626151200,351875.0,351920.4672574997
20180626151300,351875.0,351978.2876968384
20180626151400,352000.0,351978.2876968384
20180626151500,352125.0,352047.17469215393
20180626151600,351750.0,352173.8556623459
20180626151700,351875.0,352025.0151157379
20180626151800,351750.0,351920.4672574997
20180626151900,352000.0,351909.3962907791
20180626153000,352000.0,351989.34984207153
20180626153500,352000.0,352104.9818992615
20180627090000,348000.0,352104.9818992615
20180627090100,347750.0,349899.5659351349
20180627090200,348375.0,347908.3180427551
20180627090300,348125.0,348136.8695497513
20180627090400,348500.0,348289.0887260437
20180627090500,348250.0,348379.8485994339
20180627090600,348250.0,348416.0078763962
20180627090700,348000.0,348300.009727478
20180627090800,348375.0,348162.1651649475
20180627090900,348000.0,348252.91180610657
20180627091000,348500.0,348220.16644477844
20180627091100,348500.0,348321.8296766281
20180627091200,348625.0,348553.8612604141
20180627091300,348750.0,348622.7879524231
20180627091400,348500.0,348749.70269203186
20180627091500,348500.0,348669.8373556137
20180627091600,348625.0,348553.8612604141
20180627091700,348625.0,348622.7879524231
20180627091800,348000.0,348680.7804107666
20180627091900,347750.0,348336.142539978
20180627092000,348000.0,347908.3180427551
20180627092100,348375.0,347930.11593818665
20180627092200,348250.0,348252.91180610657
20180627092300,348250.0,348358.0154180527
20180627092400,348250.0,348300.009727478
20180627092500,348375.0,348300.009727478
20180627092600,348500.0,348368.9320087433
20180627092700,348125.0,348495.8643913269
20180627092800,348250.0,348347.0811843872
20180627092900,348375.0,348242.0084476471
20180627093000,348250.0,348368.9320087433
20180627093100,348000.0,348358.0154180527
20180627093200,348250.0,348162.1651649475
20180627093300,348375.0,348183.993935585
20180627093400,348375.0,348368.9320087433
20180627093500,348750.0,348426.9332885742
20180627093600,348500.0,348633.7089538574
20180627093700,348375.0,348669.8373556137
20180627093800,349000.0,348484.93897914886
20180627093900,348875.0,348771.55351638794
20180627094000,348500.0,348992.57588386536
20180627094100,349000.0,348727.8209924698
20180627094200,348750.0,348829.5547962189
20180627094300,348750.0,348923.6447811127
20180627094400,348500.0,348807.68632888794
20180627094500,348250.0,348669.8373556137
20180627094600,348250.0,348416.0078763962
20180627094700,348250.0,348300.009727478
20180627094800,348250.0,348300.009727478
20180627094900,348500.0,348300.009727478
20180627095000,349000.0,348437.85429000854
20180627095100,349500.0,348829.5547962189
20180627095200,349500.0,349337.2093439102
20180627095300,349000.0,349569.0689086914
20180627095400,349250.0,349293.3621406555
20180627095500,349125.0,349199.3559598923
20180627095600,349250.0,349246.3700771332
20180627095700,349250.0,349257.33518600464
20180627095800,349625.0,349315.29676914215
20180627095900,350000.0,349522.0812559128
20180627100000,349749.99999999994,349902.72402763367
20180627100100,350250.0,349938.6936426163
20180627100200,350500.00000000006,350098.51253032684
20180627100300,350750.0,350468.0666923523
20180627100400,350625.0,350721.7153310776
20180627100500,350875.0,350768.5971260071
20180627100600,350625.0,350848.52862358093
20180627100700,350250.0,350826.48372650146
20180627100800,350500.00000000006,350503.9436817169
20180627100900,350375.0,350468.0666923523
20180627101000,350375.0,350514.97054100037
20180627101100,350250.0,350457.0662975311
20180627101200,350250.0,350388.14401626587
20180627101300,350375.0,350330.2309513092
20180627101400,350250.0,350399.14882183075
20180627101500,350250.0,350388.14401626587
20180627101600,350250.0,350330.2309513092
20180627101700,350375.0,350330.2309513092
20180627101800,350250.0,350399.14882183075
20180627101900,349625.0,350388.14401626587
20180627102000,349250.0,349985.60631275177
20180627102100,349374.99999999994,349489.16387557983
20180627102200,349374.99999999994,349384.2234611511
20180627102300,349250.0,349442.18945503235
20180627102400,349250.0,349373.2627630234
20180627102500,349125.0,349315.29676914215
20180627102600,349250.0,349246.3700771332
20180627102700,349374.99999999994,349257.33518600464
20180627102800,349250.0,349384.2234611511
20180627102900,349374.99999999994,349373.2627630234
20180627103000,349250.0,349384.2234611511
20180627103100,349125.0,349373.2627630234
20180627103200,349374.99999999994,349246.3700771332
20180627103300,349250.0,349326.2618780136
20180627103400,349250.0,349373.2627630234
20180627103500,349250.0,349315.29676914215
20180627103600,349125.0,349315.29676914215
20180627103700,349374.99999999994,349246.3700771332
20180627103800,349250.0,349326.2618780136
20180627103900,349125.0,349373.2627630234
20180627104000,348875.0,349246.3700771332
20180627104100,348625.0,349050.550699234
20180627104200,348500.0,348796.74327373505
20180627104300,348250.0,348611.85812950134
20180627104400,348250.0,348416.0078763962
20180627104500,348250.0,348300.009727478
20180627104600,348375.0,348300.009727478
20180627104700,348250.0,348368.9320087433
20180627104800,348375.0,348358.0154180527
20180627104900,348125.0,348368.9320087433
20180627105000,348375.0,348289.0887260437
20180627105100,348250.0,348310.93072891235
20180627105200,348375.0,348358.0154180527
20180627105300,349000.0,348368.9320087433
20180627105400,348750.0,348771.55351638794
20180627105500,348875.0,348923.6447811127
20180627105600,348500.0,348876.6130208969
20180627105700,348375.0,348727.8209924698
20180627105800,348500.0,348484.93897914886
20180627105900,348625.0,348495.8643913269
20180627110000,348375.0,348622.7879524231
20180627110100,348375.0,348542.92702674866
20180627110200,348375.0,348426.9332885742
20180627110300,348375.0,348426.9332885742
20180627110400,348500.0,348426.9332885742
20180627110500,348625.0,348495.8643913269
20180627110600,348750.0,348622.7879524231
20180627110700,348625.0,348749.70269203186
20180627110800,348750.0,348738.7640476227
20180627110900,348625.0,348749.70269203186
20180627111000,348625.0,348738.7640476227
20180627111100,348750.0,348680.7804107666
20180627111200,348750.0,348749.70269203186
20180627111300,349125.0,348807.68632888794
20180627111400,348875.0,349014.46199417114
20180627111500,348750.0,349050.550699234
20180627111600,348625.0,348865.669965744
20180627111700,348750.0,348738.7640476227
20180627111800,348750.0,348749.70269203186
20180627111900,349000.0,348807.68632888794
20180627112000,349625.0,348945.5397129059
20180627112100,350375.0,349406.1316251755
20180627112200,350125.00000000006,350109.48646068573
20180627112300,350125.00000000006,350319.2217350006
20180627112400,350250.0,350203.39119434357
20180627112500,350125.00000000006,350272.3090648651
20180627112600,350250.0,350261.30867004395
20180627112700,350000.0,350272.3090648651
20180627112800,349749.99999999994,350192.3863887787
20180627112900,349625.0,349938.6936426163
20180627113000,349625.0,349753.89671325684
20180627113100,349374.99999999994,349695.94836235046
20180627113200,349125.0,349558.0949783325
20180627113300,349125.0,349304.3360710144
20180627113400,349125.0,349188.40408325195
20180627113500,349250.0,349188.40408325195
20180627113600,349374.99999999994,349257.33518600464
20180627113700,349125.0,349384.2234611511
20180627113800,349250.0,349304.3360710144
20180627113900,349374.99999999994,349257.33518600464
20180627114000,349374.99999999994,349384.2234611511
20180627114100,349125.0,349442.18945503235
20180627114200,349374.99999999994,349304.3360710144
20180627114300,349374.99999999994,349326.2618780136
20180627114400,349250.0,349442.18945503235
20180627114500,349250.0,349373.2627630234
20180627114600,349374.99999999994,349315.29676914215
20180627114700,349374.99999999994,349384.2234611511
20180627114800,349125.0,349442.18945503235
20180627114900,349500.0,349304.3360710144
20180627115000,349125.0,349395.18415927887
20180627115100,349250.0,349362.2932434082
20180627115200,349250.0,349257.33518600464
20180627115300,349125.0,349315.29676914215
20180627115400,349250.0,349246.3700771332
20180627115500,349250.0,349257.33518600464
20180627115600,349000.0,349315.29676914215
20180627115700,348750.0,349177.4433851242
20180627115800,348750.0,348923.6447811127
20180627115900,348625.0,348807.68632888794
20180627120000,348750.0,348738.7640476227
20180627120100,348875.0,348749.70269203186
20180627120200,348750.0,348876.6130208969
20180627120300,348750.0,348865.669965744
20180627120400,348875.0,348807.68632888794
20180627120500,348875.0,348876.6130208969
20180627120600,348625.0,348934.596657753
20180627120700,348625.0,348796.74327373505
20180627120800,348750.0,348680.7804107666
20180627120900,348625.0,348749.70269203186
20180627121000,348375.0,348738.7640476227
20180627121100,348250.0,348542.92702674866
20180627121200,348125.0,348358.0154180527
20180627121300,348125.0,348231.08744621277
20180627121400,348250.0,348173.08616638184
20180627121500,348250.0,348242.0084476471
20180627121600,348250.0,348300.009727478
20180627121700,348375.0,348300.009727478
20180627121800,348250.0,348368.9320087433
20180627121900,348250.0,348358.0154180527
20180627122000,348250.0,348300.009727478
20180627122100,348250.0,348300.009727478
20180627122200,348250.0,348300.009727478
20180627122300,348250.0,348300.009727478
20180627122400,348250.0,348300.009727478
20180627122500,348125.0,348300.009727478
20180627122600,348250.0,348231.08744621277
20180627122700,348125.0,348242.0084476471
20180627122800,347750.0,348231.08744621277
20180627122900,347625.0,347966.3237333298
20180627123000,347625.0,347723.37114810944
20180627123100,347750.0,347665.34781455994
20180627123200,347625.0,347734.2656850815
20180627123300,347750.0,347723.37114810944
20180627123400,347625.0,347734.2656850815
20180627123500,347750.0,347723.37114810944
20180627123600,347750.0,347734.2656850815
20180627123700,347625.0,347792.289018631
20180627123800,347875.0,347723.37114810944
20180627123900,347625.0,347803.1791448593
20180627124000,347625.0,347781.3856601715
20180627124100,347625.0,347665.34781455994
20180627124200,347750.0,347665.34781455994
20180627124300,347750.0,347734.2656850815
20180627124400,347750.0,347792.289018631
20180627124500,347625.0,347792.289018631
20180627124600,347750.0,347723.37114810944
20180627124700,347750.0,347734.2656850815
20180627124800,347750.0,347792.289018631
20180627124900,347750.0,347792.289018631
20180627125000,347750.0,347792.289018631
20180627125100,347875.0,347792.289018631
20180627125200,347625.0,347861.2024784088
20180627125300,347625.0,347781.3856601715
20180627125400,347875.0,347665.34781455994
20180627125500,347750.0,347803.1791448593
20180627125600,347625.0,347850.30794143677
20180627125700,347750.0,347723.37114810944
20180627125800,347625.0,347734.2656850815
20180627125900,347875.0,347723.37114810944
20180627130000,347750.0,347803.1791448593
20180627130100,348125.0,347850.30794143677
20180627130200,348250.0,347999.0293979645
20180627130300,348250.0,348242.0084476471
20180627130400,348250.0,348300.009727478
20180627130500,348250.0,348300.009727478
20180627130600,348250.0,348300.009727478
20180627130700,348125.0,348300.009727478
20180627130800,348000.0,348231.08744621277
20180627130900,347875.0,348104.1638851166
20180627131000,347875.0,347977.2359132767
20180627131100,347625.0,347919.2214012146
20180627131200,347625.0,347781.3856601715
20180627131300,347750.0,347665.34781455994
20180627131400,347750.0,347734.2656850815
20180627131500,347750.0,347792.289018631
20180627131600,347750.0,347792.289018631
20180627131700,347875.0,347792.289018631
20180627131800,347625.0,347861.2024784088
20180627131900,347875.0,347781.3856601715
20180627132000,347750.0,347803.1791448593
20180627132100,347625.0,347850.30794143677
20180627132200,347750.0,347723.37114810944
20180627132300,347625.0,347734.2656850815
20180627132400,347750.0,347723.37114810944
20180627132500,347750.0,347734.2656850815
20180627132600,347250.0,347792.289018631
20180627132700,347125.0,347516.63517951965
20180627132800,347125.0,347215.63720703125
20180627132900,347250.0,347157.6006412506
20180627133000,347125.0,347226.5096902847
20180627133100,347375.0,347215.63720703125
20180627133200,347250.0,347295.4099178314
20180627133300,347375.0,347342.56958961487
20180627133400,347750.0,347353.44648361206
20180627133500,347750.0,347618.20578575134
20180627133600,347875.0,347792.289018631
20180627133700,347750.0,347861.2024784088
20180627133800,347875.0,347850.30794143677
20180627133900,347750.0,347861.2024784088
20180627134000,347750.0,347850.30794143677
20180627134100,347625.0,347792.289018631
20180627134200,347625.0,347723.37114810944
20180627134300,347750.0,347665.34781455994
20180627134400,347625.0,347734.2656850815
20180627134500,347250.0,347723.37114810944
20180627134600,347125.0,347458.61184597015
20180627134700,347125.0,347215.63720703125
20180627134800,347250.0,347157.6006412506
20180627134900,347375.0,347226.5096902847
20180627135000,347125.0,347353.44648361206
20180627135100,347250.0,347273.66495132446
20180627135200,347250.0,347226.5096902847
20180627135300,347375.0,347284.54184532166
20180627135400,347375.0,347353.44648361206
20180627135500,347250.0,347411.4830493927
20180627135600,347250.0,347342.56958961487
20180627135700,347250.0,347284.54184532166
20180627135800,347125.0,347284.54184532166
20180627135900,347375.0,347215.63720703125
20180627140000,347250.0,347295.4099178314
20180627140100,347125.0,347342.56958961487
20180627140200,347250.0,347215.63720703125
20180627140300,347250.0,347226.5096902847
20180627140400,347125.0,347284.54184532166
20180627140500,347250.0,347215.63720703125
20180627140600,347375.0,347226.5096902847
20180627140700,347125.0,347353.44648361206
20180627140800,347125.0,347273.66495132446
20180627140900,347250.0,347157.6006412506
20180627141000,347375.0,347226.5096902847
20180627141100,347375.0,347353.44648361206
20180627141200,347375.0,347411.4830493927
20180627141300,347375.0,347411.4830493927
20180627141400,347250.0,347411.4830493927
20180627141500,347250.0,347342.56958961487
20180627141600,347250.0,347284.54184532166
20180627141700,347375.0,347284.54184532166
20180627141800,347250.0,347353.44648361206
20180627141900,347125.0,347342.56958961487
20180627142000,347375.0,347215.63720703125
20180627142100,347375.0,347295.4099178314
20180627142200,347250.0,347411.4830493927
20180627142300,347125.0,347342.56958961487
20180627142400,347125.0,347215.63720703125
20180627142500,347250.0,347157.6006412506
20180627142600,347250.0,347226.5096902847
20180627142700,347250.0,347284.54184532166
20180627142800,347250.0,347284.54184532166
20180627142900,347125.0,347284.54184532166
20180627143000,347125.0,347215.63720703125
20180627143100,347125.0,347157.6006412506
20180627143200,347125.0,347157.6006412506
20180627143300,347125.0,347157.6006412506
20180627143400,347125.0,347157.6006412506
20180627143500,347125.0,347157.6006412506
20180627143600,347250.0,347157.6006412506
20180627143700,347250.0,347226.5096902847
20180627143800,347250.0,347284.54184532166
20180627143900,347125.0,347284.54184532166
20180627144000,347125.0,347215.63720703125
20180627144100,346875.0,347157.6006412506
20180627144200,346750.0,347019.7957754135
20180627144300,346625.0,346834.83123779297
20180627144400,346625.0,346707.90326595306
20180627144500,346875.0,346649.857878685
20180627144600,346875.0,346787.6362800598
20180627144700,346625.0,346903.72705459595
20180627144800,346875.0,346765.9442424774
20180627144900,347000.0,346787.6362800598
20180627145000,347250.0,346972.62728214264
20180627145100,347625.0,347168.4687137604
20180627145200,347750.0,347491.2601709366
20180627145300,347875.0,347734.2656850815
20180627145400,347875.0,347861.2024784088
20180627145500,347750.0,347919.2214012146
20180627145600,347750.0,347850.30794143677
20180627145700,347875.0,347792.289018631
20180627145800,347625.0,347861.2024784088
20180627145900,347875.0,347781.3856601715
20180627150000,347750.0,347803.1791448593
20180627150100,347750.0,347850.30794143677
20180627150200,347750.0,347792.289018631
20180627150400,347750.0,347792.289018631
20180627150500,347625.0,347792.289018631
20180627150600,347750.0,347723.37114810944
20180627150700,347625.0,347734.2656850815
20180627150800,347625.0,347723.37114810944
20180627150900,347875.0,347665.34781455994
20180627151000,348000.0,347803.1791448593
20180627151100,347750.0,347988.13927173615
20180627151200,347750.0,347908.3180427551
20180627151300,348125.0,347792.289018631
20180627151400,347750.0,347999.0293979645
20180627151500,347500.0,347966.3237333298
20180627151600,347750.0,347654.4532775879
20180627151700,347875.0,347676.23794078827
20180627151800,347750.0,347861.2024784088
20180627151900,347625.0,347850.30794143677
20180627153000,347500.0,347723.37114810944
20180627153500,347500.0,347596.4343547821
20180628090000,349250.0,347538.4154319763
20180628090100,349500.0,348503.19945812225
20180628090200,351250.0,349453.1545639038
20180628090300,352000.0,350533.92791748047
20180628090400,352000.0,351757.9975128174
20180628090500,352750.0,352104.9818992615
20180628090600,353250.0,352518.2112455368
20180628090700,353125.0,353140.2496099472
20180628090800,355375.0,353302.326798439
20180628090900,356125.0,354483.00790786743
20180628091000,356375.0,355931.9636821747
20180628091100,356625.0,356414.04914855957
20180628091200,356000.0,356666.140794754
20180628091300,355750.0,356437.756896019
20180628091400,355375.0,356013.3022069931
20180628091500,355125.00000000006,355692.3015117645
20180628091600,355750.0,355382.37619400024
20180628091700,356250.0,355610.87477207184
20180628091800,356125.0,356173.0593442917
20180628091900,355750.0,356334.1794013977
20180628092000,355250.0,356070.75214385986
20180628092100,354374.99999999994,355623.5953569412
20180628092200,353000.0,354912.407040596
20180628092300,352375.0,353752.5666952133
20180628092400,353000.0,352773.7829685211
20180628092500,353500.0,352829.27894592285
20180628092600,355250.0,353393.38660240173
20180628092700,355250.0,354587.25583553314
20180628092800,355000.0,355393.5662508011
20180628092900,354500.0,355256.1274766922
20180628093000,354750.00000000006,354866.0545349121
20180628093100,354750.00000000006,354773.2524871826
20180628093200,354125.0,354888.42141628265
20180628093300,354250.0,354544.6083545685
20180628093400,354250.0,354325.33264160156
20180628093500,354374.99999999994,354382.95459747314
20180628093600,353999.99999999994,354451.7357349396
20180628093700,353625.0,354303.01427841187
20180628093800,353500.0,353923.71237277985
20180628093900,353250.0,353681.89775943756
20180628094000,353000.0,353486.56356334686
20180628094100,353250.0,353233.4883213043
20180628094200,353250.0,353255.72288036346
20180628094300,353500.0,353371.1564540863
20180628094400,353250.0,353508.81576538086
20180628094500,353250.0,353486.56356334686
20180628094600,353250.0,353371.1564540863
20180628094700,353000.0,353371.1564540863
20180628094800,353250.0,353233.4883213043
20180628094900,353000.0,353255.72288036346
20180628095000,352125.0,353233.4883213043
20180628095100,351250.0,352636.05308532715
20180628095200,350750.0,351749.44949150085
20180628095300,351250.0,351069.0040588379
20180628095400,351500.0,351113.1467819214
20180628095500,351500.0,351482.4274778366
20180628095600,350875.0,351598.12128543854
20180628095700,351125.0,351253.61573696136
20180628095800,351750.0,351102.11992263794
20180628095900,350750.0,351562.3633861542
20180628100000,350750.0,351300.3784418106
20180628100100,350500.00000000006,350837.5105857849
20180628100200,350500.00000000006,350699.67925548553
20180628100300,351000.0,350583.8840007782
20180628100400,351500.0,350859.5378398895
20180628100500,351500.0,351366.7027950287
20180628100600,351750.0,351598.12128543854
20180628100700,352000.0,351735.9173297882
20180628100800,351875.0,351989.34984207153
20180628100900,351750.0,352036.0949039459
20180628101000,351750.0,351909.3962907791
20180628101100,352000.0,351851.57585144043
20180628101200,351750.0,351989.34984207153
20180628101300,352250.0,351967.2123193741
20180628101400,352750.0,352127.1061897278
20180628101500,353250.0,352633.7947845459
20180628101600,353250.0,353140.2496099472
20180628101700,352500.0,353371.1564540863
20180628101800,352125.0,352958.0991268158
20180628101900,351750.0,352405.01832962036
20180628102000,352000.0,352025.0151157379
20180628102100,351750.0,351989.34984207153
20180628102200,351000.0,351967.2123193741
20180628102300,350875.0,351438.19212913513
20180628102400,351250.0,351022.17960357666
20180628102500,351750.0,351171.02456092834
20180628102600,351500.0,351620.2235221863
20180628102700,351625.0,351713.7930393219
20180628102800,352000.0,351667.02151298523
20180628102900,352625.0,351931.52499198914
20180628103000,352750.0,352449.3463039398
20180628103100,352000.0,352807.101726532
20180628103200,351750.0,352451.6795873642
20180628103300,351750.0,351967.2123193741
20180628103400,351750.0,351851.57585144043
20180628103500,352000.0,351851.57585144043
20180628103600,352500.0,351989.34984207153
20180628103700,352375.0,352380.4769515991
20180628103800,352250.0,352542.75703430176
20180628103900,353250.0,352416.1113500595
20180628104000,352250.0,352909.206032753
20180628104100,352125.0,352820.37806510925
20180628104200,352250.0,352289.45684432983
20180628104300,352250.0,352300.5278110504
20180628104400,351750.0,352358.32619667053
20180628104500,352500.0,352082.81350135803
20180628104600,352750.0,352264.8581266403
20180628104700,352625.0,352749.347448349
20180628104800,352500.0,352796.0042953491
20180628104900,352500.0,352669.38948631287
20180628105000,352250.0,352611.62197589874
20180628105100,352250.0,352473.88768196106
20180628105200,351750.0,352358.32619667053
20180628105300,351875.0,352082.81350135803
20180628105400,352000.0,351920.4672574997
20180628105500,351750.0,352047.17469215393
20180628105600,351750.0,351967.2123193741
20180628105700,351750.0,351851.57585144043
20180628105800,351625.0,351851.57585144043
20180628105900,351375.0,351782.68444538116
20180628110000,351250.0,351587.0679616928
20180628110100,351625.0,351402.4827480316
20180628110200,352500.0,351551.3277053833
20180628110300,352750.0,352207.03768730164
20180628110400,352750.0,352749.347448349
20180628110500,352375.0,352864.8648262024
20180628110600,352250.0,352658.2832336426
20180628110700,352125.0,352416.1113500595
20180628110800,352000.0,352289.45684432983
20180628110900,352000.0,352162.7802848816
20180628111000,351750.0,352104.9818992615
20180628111100,352000.0,351967.2123193741
20180628111200,351750.0,351989.34984207153
20180628111300,352000.0,351967.2123193741
20180628111400,352000.0,351989.34984207153
20180628111500,351750.0,352104.9818992615
20180628111600,351250.0,351967.2123193741
20180628111700,351500.0,351576.00140571594
20180628111800,351500.0,351482.4274778366
20180628111900,351250.0,351598.12128543854
20180628112000,351250.0,351460.32524108887
20180628112100,351500.0,351344.63143348694
20180628112200,351375.0,351482.4274778366
20180628112300,351250.0,351529.2298793793
20180628112400,351375.0,351402.4827480316
20180628112500,351250.0,351413.5272502899
20180628112600,351250.0,351402.4827480316
20180628112700,350750.0,351344.63143348694
20180628112800,350875.0,351069.0040588379
20180628112900,351000.0,350906.42404556274
20180628113000,351000.0,351033.2064628601
20180628113100,351000.0,351091.0886526108
20180628113200,350750.0,351091.0886526108
20180628113300,350625.0,350953.27496528625
20180628113400,350500.00000000006,350768.5971260071
20180628113500,350500.00000000006,350641.78824424744
20180628113600,350375.0,350583.8840007782
20180628113700,350500.00000000006,350514.97054100037
20180628113800,350500.00000000006,350525.97975730896
20180628113900,350500.00000000006,350583.8840007782
20180628114000,350375.0,350583.8840007782
20180628114100,350500.00000000006,350514.97054100037
20180628114200,350500.00000000006,350525.97975730896
20180628114300,350500.00000000006,350583.8840007782
20180628114400,350375.0,350583.8840007782
20180628114500,350500.00000000006,350514.97054100037
20180628114600,350375.0,350525.97975730896
20180628114700,350500.00000000006,350514.97054100037
20180628114800,350250.0,350525.97975730896
20180628114900,350250.0,350446.0526704788
20180628115000,350500.00000000006,350330.2309513092
20180628115100,350375.0,350468.0666923523
20180628115200,350250.0,350514.97054100037
20180628115300,350500.00000000006,350388.14401626587
20180628115400,350500.00000000006,350468.0666923523
20180628115500,350500.00000000006,350583.8840007782
20180628115600,350500.00000000006,350583.8840007782
20180628115700,350625.0,350583.8840007782
20180628115800,351000.0,350652.80628204346
20180628115900,351000.0,350917.43767261505
20180628120000,351000.0,351091.0886526108
20180628120100,351250.0,351091.0886526108
20180628120200,351500.0,351228.8935184479
20180628120300,351500.0,351482.4274778366
20180628120400,351375.0,351598.12128543854
20180628120500,351375.0,351529.2298793793
20180628120600,351500.0,351471.3829755783
20180628120700,351375.0,351540.283203125
20180628120800,351500.0,351529.2298793793
20180628120900,351375.0,351540.283203125
20180628121000,351250.0,351529.2298793793
20180628121100,351000.0,351402.4827480316
20180628121200,350250.0,351206.8221569061
20180628121300,350375.0,350677.6034832001
20180628121400,350500.00000000006,350399.14882183075
20180628121500,351000.0,350525.97975730896
20180628121600,350750.0,350859.5378398895
20180628121700,350375.0,350953.27496528625
20180628121800,350500.00000000006,350630.761384964
20180628121900,350500.00000000006,350525.97975730896
20180628122000,350500.00000000006,350583.8840007782
20180628122100,350750.0,350583.8840007782
20180628122200,351000.0,350721.7153310776
20180628122300,351000.0,350975.32868385315
20180628122400,351000.0,351091.0886526108
20180628122500,351250.0,351091.0886526108
20180628122600,351375.0,351228.8935184479
20180628122700,351500.0,351413.5272502899
20180628122800,351500.0,351540.283203125
20180628122900,351250.0,351598.12128543854
20180628123000,351250.0,351460.32524108887
20180628123100,351500.0,351344.63143348694
20180628123200,351500.0,351482.4274778366
20180628123300,351250.0,351598.12128543854
20180628123400,351500.0,351460.32524108887
20180628123500,351500.0,351482.4274778366
20180628123600,351375.0,351598.12128543854
20180628123700,351625.0,351529.2298793793
20180628123800,351500.0,351609.179019928
20180628123900,351250.0,351655.9681892395
20180628124000,351500.0,351460.32524108887
20180628124100,351250.0,351482.4274778366
20180628124200,351250.0,351460.32524108887
20180628124300,351500.0,351344.63143348694
20180628124400,351375.0,351482.4274778366
20180628124500,351250.0,351529.2298793793
20180628124600,351250.0,351402.4827480316
20180628124700,351500.0,351344.63143348694
20180628124800,351250.0,351482.4274778366
20180628124900,351000.0,351460.32524108887
20180628125000,350750.0,351206.8221569061
20180628125100,351000.0,350953.27496528625
20180628125200,350750.0,350975.32868385315
20180628125300,351000.0,350953.27496528625
20180628125400,350875.0,350975.32868385315
20180628125500,351000.0,351022.17960357666
20180628125600,351000.0,351033.2064628601
20180628125700,350875.0,351091.0886526108
20180628125800,350750.0,351022.17960357666
20180628125900,351000.0,350895.3971862793
20180628130000,351000.0,350975.32868385315
20180628130100,350875.0,351091.0886526108
20180628130200,351250.0,351022.17960357666
20180628130300,351500.0,351171.02456092834
20180628130400,351500.0,351482.4274778366
20180628130500,351250.0,351598.12128543854
20180628130600,351500.0,351460.32524108887
20180628130700,351500.0,351482.4274778366
20180628130800,351375.0,351598.12128543854
20180628130900,351625.0,351529.2298793793
20180628131000,351500.0,351609.179019928
20180628131100,351375.0,351655.9681892395
20180628131200,351250.0,351529.2298793793
20180628131300,351375.0,351402.4827480316
20180628131400,351250.0,351413.5272502899
20180628131500,351500.0,351402.4827480316
20180628131600,351500.0,351482.4274778366
20180628131700,351250.0,351598.12128543854
20180628131800,351375.0,351460.32524108887
20180628131900,351500.0,351413.5272502899
20180628132000,351375.0,351540.283203125
20180628132100,351375.0,351529.2298793793
20180628132200,351375.0,351471.3829755783
20180628132300,351500.0,351471.3829755783
20180628132400,351375.0,351540.283203125
20180628132500,351250.0,351529.2298793793
20180628132600,351375.0,351402.4827480316
20180628132700,351750.0,351413.5272502899
20180628132800,352000.0,351678.07042598724
20180628132900,351750.0,351989.34984207153
20180628133000,351250.0,351967.2123193741
20180628133100,351000.0,351576.00140571594
20180628133200,351000.0,351206.8221569061
20180628133300,351000.0,351091.0886526108
20180628133400,351000.0,351091.0886526108
20180628133500,350875.0,351091.0886526108
20180628133600,350875.0,351022.17960357666
20180628133700,351000.0,350964.3062353134
20180628133800,351250.0,351033.2064628601
20180628133900,351375.0,351228.8935184479
20180628134000,351375.0,351413.5272502899
20180628134100,351500.0,351471.3829755783
20180628134200,351500.0,351540.283203125
20180628134300,351375.0,351598.12128543854
20180628134400,351500.0,351529.2298793793
20180628134500,351500.0,351540.283203125
20180628134600,351375.0,351598.12128543854
20180628134700,351500.0,351529.2298793793
20180628134800,351750.0,351540.283203125
20180628134900,351750.0,351735.9173297882
20180628135000,351875.0,351851.57585144043
20180628135100,351875.0,351920.4672574997
20180628135200,351875.0,351978.2876968384
20180628135300,351875.0,351978.2876968384
20180628135400,351750.0,351978.2876968384
20180628135500,351875.0,351909.3962907791
20180628135600,351875.0,351920.4672574997
20180628135700,351625.0,351978.2876968384
20180628135800,351875.0,351840.50488471985
20180628135900,351750.0,351862.6379966736
20180628140000,351250.0,351909.3962907791
20180628140100,351375.0,351576.00140571594
20180628140200,351375.0,351413.5272502899
20180628140300,351375.0,351471.3829755783
20180628140400,351250.0,351471.3829755783
20180628140500,351250.0,351402.4827480316
20180628140600,351250.0,351344.63143348694
20180628140700,351375.0,351344.63143348694
20180628140800,351375.0,351413.5272502899
20180628140900,351250.0,351471.3829755783
20180628141000,351375.0,351402.4827480316
20180628141100,351375.0,351413.5272502899
20180628141200,351125.0,351471.3829755783
20180628141300,350500.00000000006,351333.5781097412
20180628141400,350250.0,350873.3081817627
20180628141500,349875.0,350446.0526704788
20180628141600,349749.99999999994,350123.4596967697
20180628141700,349875.0,349880.76293468475
20180628141800,349875.0,349891.74568653107
20180628141900,349749.99999999994,349949.6808052063
20180628142000,350500.00000000006,349880.76293468475
20180628142100,350875.0,350236.35268211365
20180628142200,351250.0,350790.6332015991
20180628142300,351375.0,351171.02456092834
20180628142400,351375.0,351413.5272502899
20180628142500,351125.0,351471.3829755783
20180628142600,350625.0,351333.5781097412
20180628142700,350750.0,350942.23046302795
20180628142800,350875.0,350779.6195745468
20180628142900,350750.0,350906.42404556274
20180628143000,351125.0,350895.3971862793
20180628143100,351375.0,351044.23773288727
20180628143200,351125.0,351355.67593574524
20180628143300,351375.0,351333.5781097412
20180628143400,351375.0,351355.67593574524
20180628143500,351125.0,351471.3829755783
20180628143600,350875.0,351333.5781097412
20180628143700,350625.0,351080.0485610962
20180628143800,350875.0,350826.48372650146
20180628143900,350750.0,350848.52862358093
20180628144000,350875.0,350895.3971862793
20180628144100,350875.0,350906.42404556274
20180628144200,350875.0,350964.3062353134
20180628144300,350750.0,350964.3062353134
20180628144400,350625.0,350895.3971862793
20180628144500,350875.0,350768.5971260071
20180628144600,351125.0,350848.52862358093
20180628144700,351375.0,351102.11992263794
20180628144800,351250.0,351355.67593574524
20180628144900,351250.0,351402.4827480316
20180628145000,351250.0,351344.63143348694
20180628145100,351375.0,351344.63143348694
20180628145200,351375.0,351413.5272502899
20180628145300,351125.0,351471.3829755783
20180628145400,351250.0,351333.5781097412
20180628145500,351125.0,351286.7624759674
20180628145600,350750.0,351275.7223844528
20180628145700,350625.0,351011.13510131836
20180628145800,350875.0,350768.5971260071
20180628145900,350750.0,350848.52862358093
20180628150000,350625.0,350895.3971862793
20180628150100,350875.0,350768.5971260071
20180628150200,350625.0,350848.52862358093
20180628150300,350875.0,350826.48372650146
20180628150400,351125.0,350848.52862358093
20180628150500,351375.0,351102.11992263794
20180628150600,351125.0,351355.67593574524
20180628150700,351375.0,351333.5781097412
20180628150800,351375.0,351355.67593574524
20180628150900,351250.0,351471.3829755783
20180628151000,350875.0,351402.4827480316
20180628151100,351125.0,351137.9175186157
20180628151200,351250.0,351102.11992263794
20180628151300,351125.0,351286.7624759674
20180628151400,351125.0,351275.7223844528
20180628151500,350625.0,351217.8666591644
20180628151600,350750.0,350942.23046302795
20180628151700,350875.0,350779.6195745468
20180628151800,350875.0,350906.42404556274
20180628151900,351250.0,350964.3062353134
20180628153000,350500.00000000006,351171.02456092834
20180628153500,350500.00000000006,350931.1771392822
20180629090000,352500.0,350583.8840007782
20180629090100,352625.0,351686.28764152527
20180629090200,352250.0,352680.49132823944
20180629090300,350750.0,352531.6596031189
20180629090400,351000.0,351531.6381454468
20180629090500,350750.0,350975.32868385315
20180629090600,351000.0,350953.27496528625
20180629090700,350750.0,350975.32868385315
20180629090800,350250.0,350953.27496528625
20180629090900,350750.0,350561.83910369873
20180629091000,350750.0,350605.9024333954
20180629091100,349500.0,350837.5105857849
20180629091200,349749.99999999994,350148.2877731323
20180629091300,349250.0,349706.92670345306
20180629091400,349500.0,349547.1122264862
20180629091500,349374.99999999994,349453.1545639038
20180629091600,349500.0,349500.15103816986
20180629091700,349374.99999999994,349511.1161470413
20180629091800,350250.0,349500.15103816986
20180629091900,349500.0,349924.6586561203
20180629092000,349125.0,349916.6796207428
20180629092100,349000.0,349362.2932434082
20180629092200,349000.0,349119.47298049927
20180629092300,348375.0,349061.50698661804
20180629092400,348500.0,348716.86470508575
20180629092500,347750.0,348495.8643913269
20180629092600,347375.0,348140.3099298477
20180629092700,348000.0,347585.5442285538
20180629092800,348000.0,347756.032705307
20180629093000,348500.0,348046.1537837982
20180629093100,348500.0,348321.8296766281
20180629093200,348500.0,348553.8612604141
20180629093400,349000.0,348553.8612604141
20180629093500,349500.0,348829.5547962189
20180629093600,349250.0,349337.2093439102
20180629093700,349500.0,349431.21552467346
20180629093800,349250.0,349453.1545639038
20180629093900,349125.0,349431.21552467346
20180629094000,349000.0,349246.3700771332
20180629094100,349500.0,349119.47298049927
20180629094200,349250.0,349337.2093439102
20180629094300,348750.0,349431.21552467346
20180629094400,348125.0,349039.58559036255
20180629094500,347750.0,348463.0572795868
20180629094600,347500.0,347966.3237333298
20180629094700,347250.0,347654.4532775879
20180629094800,347375.0,347400.5973339081
20180629094900,347500.0,347353.44648361206
20180629095000,347500.0,347480.3876876831
20180629095100,347375.0,347538.4154319763
20180629095200,347375.0,347469.5063829422
20180629095300,347500.0,347411.4830493927
20180629095400,348000.0,347480.3876876831
20180629095500,348375.0,347814.0604496002
20180629095700,348000.0,348252.91180610657
20180629095800,347625.0,348220.16644477844
20180629095900,347750.0,347839.39576148987
20180629100000,348125.0,347734.2656850815
20180629100100,348750.0,347999.0293979645
20180629100200,349000.0,348517.6887512207
20180629100300,349000.0,348945.5397129059
20180629100400,348750.0,349061.50698661804
20180629100500,349000.0,348923.6447811127
20180629100600,348750.0,348945.5397129059
20180629100700,349000.0,348923.6447811127
20180629100800,349000.0,348945.5397129059
20180629100900,349000.0,349061.50698661804
20180629101000,348750.0,349061.50698661804
20180629101100,349000.0,348923.6447811127
20180629101300,349000.0,348945.5397129059
20180629101400,349000.0,349061.50698661804
20180629101500,349000.0,349061.50698661804
20180629101600,348750.0,349061.50698661804
20180629101700,349000.0,348923.6447811127
20180629101800,349000.0,348945.5397129059
20180629101900,349000.0,349061.50698661804
20180629102000,349000.0,349061.50698661804
20180629102100,349000.0,349061.50698661804
20180629102200,349000.0,349061.50698661804
20180629102300,349000.0,349061.50698661804
20180629102400,348750.0,349061.50698661804
20180629102500,349000.0,348923.6447811127
20180629102600,348250.0,348945.5397129059
20180629102700,348000.0,348647.9380130768
20180629102800,348250.0,348162.1651649475
20180629102900,348250.0,348183.993935585
20180629103000,348875.0,348300.009727478
20180629103200,349000.0,348644.6211338043
20180629103300,348750.0,349003.52334976196
20180629103400,349000.0,348923.6447811127
20180629103500,349500.0,348945.5397129059
20180629103600,349000.0,349337.2093439102
20180629103700,349000.0,349293.3621406555
20180629103800,349000.0,349061.50698661804
20180629103900,349000.0,349061.50698661804
20180629104000,348500.0,349061.50698661804
20180629104100,348500.0,348785.79580783844
20180629104200,348500.0,348553.8612604141
20180629104300,348125.0,348553.8612604141
20180629104400,348500.0,348347.0811843872
20180629104600,348500.0,348379.8485994339
20180629104700,348500.0,348553.8612604141
20180629104800,348750.0,348553.8612604141
20180629104900,349000.0,348691.71023368835
20180629105100,348750.0,348945.5397129059
20180629105200,349000.0,348923.6447811127
20180629105300,348750.0,348945.5397129059
20180629105500,348250.0,348923.6447811127
20180629105600,348000.0,348531.97956085205
20180629105700,348125.0,348162.1651649475
20180629105800,348500.0,348115.0760650635
20180629105900,348500.0,348379.8485994339
20180629110000,348375.0,348553.8612604141
20180629110100,348500.0,348484.93897914886
20180629110200,348500.0,348495.8643913269
20180629110300,348500.0,348553.8612604141
20180629110400,348500.0,348553.8612604141
20180629110500,348375.0,348553.8612604141
20180629110600,348250.0,348484.93897914886
20180629110700,348000.0,348358.0154180527
20180629110800,348250.0,348162.1651649475
20180629110900,348750.0,348183.993935585
20180629111000,349000.0,348575.69885253906
20180629111100,349000.0,348945.5397129059
20180629111200,348750.0,349061.50698661804
20180629111300,348750.0,348923.6447811127
20180629111500,348750.0,348807.68632888794
20180629111600,349000.0,348807.68632888794
20180629111700,348500.0,348945.5397129059
20180629111800,348500.0,348785.79580783844
20180629111900,348750.0,348553.8612604141
20180629112100,348750.0,348691.71023368835
20180629112200,348500.0,348807.68632888794
20180629112300,348500.0,348669.8373556137
20180629112400,348500.0,348553.8612604141
20180629112500,348500.0,348553.8612604141
20180629112600,348500.0,348553.8612604141
20180629112700,348750.0,348553.8612604141
20180629112800,349000.0,348691.71023368835
20180629112900,349000.0,348945.5397129059
20180629113000,349125.0,349061.50698661804
20180629113100,349250.0,349130.4292678833
20180629113200,349500.0,349257.33518600464
20180629113300,349250.0,349453.1545639038
20180629113400,349374.99999999994,349431.21552467346
20180629113500,349500.0,349384.2234611511
20180629113600,349500.0,349511.1161470413
20180629113700,349749.99999999994,349569.0689086914
20180629113800,349749.99999999994,349706.92670345306
20180629113900,350000.0,349822.8278160095
20180629114000,349749.99999999994,349960.67237854004
20180629114100,350000.0,349938.6936426163
20180629114200,350000.0,349960.67237854004
20180629114300,350000.0,350076.5382051468
20180629114400,350500.00000000006,350076.5382051468
20180629114500,350500.00000000006,350352.2229194641
20180629114600,350500.00000000006,350583.8840007782
20180629114700,350500.00000000006,350583.8840007782
20180629114800,350500.00000000006,350583.8840007782
20180629114900,350500.00000000006,350583.8840007782
20180629115000,350500.00000000006,350583.8840007782
20180629115100,350500.00000000006,350583.8840007782
20180629115200,350500.00000000006,350583.8840007782
20180629115300,350500.00000000006,350583.8840007782
20180629115400,349875.0,350583.8840007782
20180629115500,349500.0,350239.2725944519
20180629115600,349500.0,349742.9051399231
20180629115700,349500.0,349569.0689086914
20180629115800,349500.0,349569.0689086914
20180629115900,349500.0,349569.0689086914
20180629120000,349500.0,349569.0689086914
20180629120100,349500.0,349569.0689086914
20180629120200,349500.0,349569.0689086914
20180629120300,349374.99999999994,349569.0689086914
20180629120400,349500.0,349500.15103816986
20180629120500,349500.0,349511.1161470413
20180629120600,349500.0,349569.0689086914
20180629120700,349250.0,349569.0689086914
20180629120800,349500.0,349431.21552467346
20180629120900,349500.0,349453.1545639038
20180629121000,349500.0,349569.0689086914
20180629121100,349500.0,349569.0689086914
20180629121200,349500.0,349569.0689086914
20180629121300,349500.0,349569.0689086914
20180629121400,349500.0,349569.0689086914
20180629121500,349500.0,349569.0689086914
20180629121600,349500.0,349569.0689086914
20180629121700,350000.0,349569.0689086914
20180629121800,350250.0,349844.7712659836
20180629121900,350375.0,350214.3827676773
20180629122000,350500.00000000006,350399.14882183075
20180629122100,350500.00000000006,350525.97975730896
20180629122200,350500.00000000006,350583.8840007782
20180629122300,350500.00000000006,350583.8840007782
20180629122400,350500.00000000006,350583.8840007782
20180629122500,350500.00000000006,350583.8840007782
20180629122600,350500.00000000006,350583.8840007782
20180629122700,350500.00000000006,350583.8840007782
20180629122800,350500.00000000006,350583.8840007782
20180629122900,350375.0,350583.8840007782
20180629123000,350500.00000000006,350514.97054100037
20180629123100,350375.0,350525.97975730896
20180629123200,350500.00000000006,350514.97054100037
20180629123300,350500.00000000006,350525.97975730896
20180629123400,350500.00000000006,350583.8840007782
20180629123500,350000.0,350583.8840007782
20180629123600,350000.0,350308.2036972046
20180629123700,350000.0,350076.5382051468
20180629123800,350000.0,350076.5382051468
20180629123900,350000.0,350076.5382051468
20180629124000,350000.0,350076.5382051468
20180629124100,350000.0,350076.5382051468
20180629124200,350000.0,350076.5382051468
20180629124300,349374.99999999994,350076.5382051468
20180629124400,348875.0,349731.90915584564
20180629124500,349000.0,349166.47386550903
20180629124600,349500.0,349003.52334976196
20180629124700,350000.0,349337.2093439102
20180629124800,350000.0,349844.7712659836
20180629124900,350000.0,350076.5382051468
20180629125000,350000.0,350076.5382051468
20180629125100,349749.99999999994,350076.5382051468
20180629125200,349875.0,349938.6936426163
20180629125300,350125.00000000006,349891.74568653107
20180629125400,350250.0,350087.5253677368
20180629125500,350500.00000000006,350272.3090648651
20180629125600,350500.00000000006,350468.0666923523
20180629125700,350500.00000000006,350583.8840007782
20180629125800,350250.0,350583.8840007782
20180629125900,350500.00000000006,350446.0526704788
20180629130000,350375.0,350468.0666923523
20180629130100,350500.00000000006,350514.97054100037
20180629130200,350375.0,350525.97975730896
20180629130300,350500.00000000006,350514.97054100037
20180629130400,350125.00000000006,350525.97975730896
20180629130500,350500.00000000006,350377.12597846985
20180629130600,350250.0,350410.1448059082
20180629130700,350250.0,350446.0526704788
20180629130800,350500.00000000006,350330.2309513092
20180629130900,350250.0,350468.0666923523
20180629131000,350250.0,350446.0526704788
20180629131100,350375.0,350330.2309513092
20180629131200,350250.0,350399.14882183075
20180629131300,350125.00000000006,350388.14401626587
20180629131400,350500.00000000006,350261.30867004395
20180629131500,350375.0,350410.1448059082
20180629131600,350250.0,350514.97054100037
20180629131700,350375.0,350388.14401626587
20180629131800,350500.00000000006,350399.14882183075
20180629131900,350750.0,350525.97975730896
20180629132000,351000.0,350721.7153310776
20180629132100,351000.0,350975.32868385315
20180629132200,351125.0,351091.0886526108
20180629132300,351500.0,351159.9932909012
20180629132400,351500.0,351424.5629310608
20180629132500,351500.0,351598.12128543854
20180629132600,351375.0,351598.12128543854
20180629132700,351250.0,351529.2298793793
20180629132800,350125.00000000006,351402.4827480316
20180629132900,350000.0,350724.4191169739
20180629133000,349749.99999999994,350134.4645023346
20180629133100,349749.99999999994,349938.6936426163
20180629133200,349749.99999999994,349822.8278160095
20180629133300,349749.99999999994,349822.8278160095
20180629133400,350000.0,349822.8278160095
20180629133500,350500.00000000006,349960.67237854004
20180629133600,350500.00000000006,350352.2229194641
20180629133700,350750.0,350583.8840007782
20180629133800,351000.0,350721.7153310776
20180629133900,351000.0,350975.32868385315
20180629134000,350625.0,351091.0886526108
20180629134100,350625.0,350884.352684021
20180629134200,350500.00000000006,350710.70170402527
20180629134300,350750.0,350641.78824424744
20180629134400,351000.0,350721.7153310776
20180629134500,351000.0,350975.32868385315
20180629134600,351500.0,351091.0886526108
20180629134700,351250.0,351366.7027950287
20180629134800,351000.0,351460.32524108887
20180629134900,351125.0,351206.8221569061
20180629135000,351250.0,351159.9932909012
20180629135100,351125.0,351286.7624759674
20180629135200,351000.0,351275.7223844528
20180629135300,351125.0,351148.9531993866
20180629135400,351000.0,351159.9932909012
20180629135500,351250.0,351148.9531993866
20180629135600,351500.0,351228.8935184479
20180629135700,351500.0,351482.4274778366
20180629135800,351000.0,351598.12128543854
20180629135900,351000.0,351322.52037525177
20180629140000,351250.0,351091.0886526108
20180629140100,351625.0,351228.8935184479
20180629140200,351500.0,351551.3277053833
20180629140300,352000.0,351655.9681892395
20180629140400,352000.0,351873.6913204193
20180629140500,352000.0,352104.9818992615
20180629140600,352000.0,352104.9818992615
20180629140700,352250.0,352104.9818992615
20180629140800,352500.0,352242.733836174
20180629140900,352375.0,352496.0649013519
20180629141000,352375.0,352542.75703430176
20180629141100,352375.0,352484.9851131439
20180629141200,352375.0,352484.9851131439
20180629141300,352250.0,352484.9851131439
20180629141400,352250.0,352416.1113500595
20180629141500,352250.0,352358.32619667053
20180629141600,351750.0,352358.32619667053
20180629141700,351875.0,352082.81350135803
20180629141800,351875.0,351920.4672574997
20180629141900,351750.0,351978.2876968384
20180629142000,351875.0,351909.3962907791
20180629142100,352250.0,351920.4672574997
20180629142200,352250.0,352184.9310398102
20180629142300,352250.0,352358.32619667053
20180629142400,352500.0,352358.32619667053
20180629142500,352375.0,352496.0649013519
20180629142600,352125.0,352542.75703430176
20180629142700,352375.0,352347.2375869751
20180629142800,352500.0,352369.41039562225
20180629142900,352500.0,352553.8500547409
20180629143000,352875.0,352611.62197589874
20180629143100,352875.0,352818.20356845856
20180629143200,352750.0,352991.4619922638
20180629143300,353000.0,352922.61028289795
20180629143400,352875.0,353002.5682449341
20180629143500,352875.0,353049.1942167282
20180629143600,352875.0,352991.4619922638
20180629143700,353000.0,352991.4619922638
20180629143800,352875.0,353060.31370162964
20180629143900,352875.0,353049.1942167282
20180629144000,352875.0,352991.4619922638
20180629144100,353125.0,352991.4619922638
20180629144200,353250.0,353129.14776802063
20180629144300,353375.0,353313.44628334045
20180629144400,353375.0,353439.9905204773
20180629144500,353250.0,353497.6918697357
20180629144600,353250.0,353428.86662483215
20180629144700,353375.0,353371.1564540863
20180629144800,353250.0,353439.9905204773
20180629144900,353375.0,353428.86662483215
20180629145000,353125.0,353439.9905204773
20180629145100,353375.0,353360.03255844116
20180629145200,353375.0,353382.28034973145
20180629145300,353250.0,353497.6918697357
20180629145400,353250.0,353428.86662483215
20180629145500,353375.0,353371.1564540863
20180629145600,353375.0,353439.9905204773
20180629145700,353375.0,353497.6918697357
20180629145800,353750.0,353497.6918697357
20180629145900,353625.0,353704.158782959
20180629150000,353875.0,353808.3846569061
20180629150100,353999.99999999994,353888.33379745483
20180629150200,353750.0,354072.46470451355
20180629150300,353375.0,353992.51997470856
20180629150400,353125.0,353670.75181007385
20180629150500,353250.0,353360.03255844116
20180629150600,353375.0,353313.44628334045
20180629150700,353125.0,353439.9905204773
20180629150800,353250.0,353360.03255844116
20180629150900,353125.0,353313.44628334045
20180629151000,353250.0,353302.326798439
20180629151100,353375.0,353313.44628334045
20180629151200,353500.0,353439.9905204773
20180629151300,353375.0,353566.5171146393
20180629151400,353375.0,353555.39321899414
20180629151500,353250.0,353497.6918697357
20180629151600,353125.0,353428.86662483215
20180629151700,352875.0,353302.326798439
20180629151800,352250.0,353106.9264411926
20180629151900,352625.0,352647.1725702286
20180629153000,352500.0,352564.9298429489
20180629153500,352500.0,352669.38948631287
20180702090000,349250.0,352611.62197589874
20180702090100,349749.99999999994,350820.1940059662
20180702090200,350250.0,349590.9991264343
20180702090300,350000.0,350098.51253032684
20180702090400,351000.0,350192.3863887787
20180702090500,350750.0,350627.87675857544
20180702090600,350250.0,350953.27496528625
20180702090700,351625.0,350561.83910369873
20180702090800,351500.0,351088.24372291565
20180702090900,350500.00000000006,351655.9681892395
20180702091000,350750.0,351046.8841791153
20180702091100,350500.00000000006,350721.7153310776
20180702091200,350250.0,350699.67925548553
20180702091400,350500.00000000006,350446.0526704788
20180702091500,351875.0,350468.0666923523
20180702091600,353000.0,351341.8526649475
20180702091700,353000.0,352598.1295108795
20180702091800,353500.0,353118.04592609406
20180702091900,352750.0,353393.38660240173
20180702092000,352500.0,353211.21406555176
20180702092100,352125.0,352727.14817523956
20180702092200,352000.0,352405.01832962036
20180702092300,352000.0,352162.7802848816
20180702092400,351875.0,352104.9818992615
20180702092500,352000.0,352036.0949039459
20180702092600,352000.0,352047.17469215393
20180702092700,351750.0,352104.9818992615
20180702092800,351250.0,351967.2123193741
20180702092900,350625.0,351576.00140571594
20180702093000,350125.00000000006,351000.09059906006
20180702093100,350000.0,350435.0302219391
20180702093200,351500.0,350134.4645023346
20180702093300,351750.0,350903.4997224808
20180702093400,351625.0,351735.9173297882
20180702093500,352000.0,351782.68444538116
20180702093600,352000.0,351931.52499198914
20180702093700,352375.0,352104.9818992615
20180702093800,352000.0,352311.6075992584
20180702093900,352250.0,352278.3682346344
20180702094000,352000.0,352242.733836174
20180702094100,351750.0,352220.5786705017
20180702094200,352000.0,351967.2123193741
20180702094300,351250.0,351989.34984207153
20180702094400,351250.0,351691.6422843933
20180702094500,351250.0,351344.63143348694
20180702094600,351000.0,351344.63143348694
20180702094700,351000.0,351206.8221569061
20180702094800,350875.0,351091.0886526108
20180702094900,350750.0,351022.17960357666
20180702095000,351000.0,350895.3971862793
20180702095100,350750.0,350975.32868385315
20180702095200,350750.0,350953.27496528625
20180702095300,350750.0,350837.5105857849
20180702095400,351000.0,350837.5105857849
20180702095500,350750.0,350975.32868385315
20180702095600,350750.0,350953.27496528625
20180702095700,351000.0,350837.5105857849
20180702095800,350750.0,350975.32868385315
20180702095900,350875.0,350953.27496528625
20180702100000,350750.0,350906.42404556274
20180702100100,351000.0,350895.3971862793
20180702100200,351250.0,350975.32868385315
20180702100300,351375.0,351228.8935184479
20180702100400,351250.0,351413.5272502899
20180702100500,351500.0,351402.4827480316
20180702100600,351500.0,351482.4274778366
20180702100700,351250.0,351598.12128543854
20180702100800,351500.0,351460.32524108887
20180702100900,351500.0,351482.4274778366
20180702101000,351625.0,351598.12128543854
20180702101100,352000.0,351667.02151298523
20180702101200,352750.0,351931.52499198914
20180702101300,353375.0,352518.2112455368
20180702101400,353250.0,353209.0880870819
20180702101500,352875.0,353428.86662483215
20180702101600,352500.0,353164.6454334259
20180702101700,352250.0,352784.8936319351
20180702101800,352500.0,352473.88768196106
20180702101900,352375.0,352496.0649013519
20180702102000,352500.0,352542.75703430176
20180702102100,352375.0,352553.8500547409
20180702102200,352500.0,352542.75703430176
20180702102300,352500.0,352553.8500547409
20180702102400,352500.0,352611.62197589874
20180702102500,352250.0,352611.62197589874
20180702102600,352375.0,352473.88768196106
20180702102700,352250.0,352427.19995975494
20180702102800,352500.0,352416.1113500595
20180702102900,352500.0,352496.0649013519
20180702103000,352000.0,352611.62197589874
20180702103100,352000.0,352336.14456653595
20180702103200,352000.0,352104.9818992615
20180702103400,351875.0,352104.9818992615
20180702103500,351750.0,352036.0949039459
20180702103600,351750.0,351909.3962907791
20180702103700,351750.0,351851.57585144043
20180702103800,351500.0,351851.57585144043
20180702103900,351500.0,351713.7930393219
20180702104000,351250.0,351598.12128543854
20180702104100,351125.0,351460.32524108887
20180702104200,350500.00000000006,351275.7223844528
20180702104300,350250.0,350873.3081817627
20180702104400,350125.00000000006,350446.0526704788
20180702104500,350375.0,350261.30867004395
20180702104600,350250.0,350341.2313461304
20180702104700,350250.0,350388.14401626587
20180702104800,350250.0,350330.2309513092
20180702104900,350375.0,350330.2309513092
20180702105000,350375.0,350399.14882183075
20180702105100,350250.0,350457.0662975311
20180702105200,350500.00000000006,350388.14401626587
20180702105300,350125.00000000006,350468.0666923523
20180702105400,350250.0,350377.12597846985
20180702105500,350250.0,350272.3090648651
20180702105600,350375.0,350330.2309513092
20180702105700,350125.00000000006,350399.14882183075
20180702105800,350375.0,350319.2217350006
20180702105900,350750.0,350341.2313461304
20180702110000,350500.00000000006,350663.81108760834
20180702110100,350750.0,350699.67925548553
20180702110200,350750.0,350721.7153310776
20180702110300,350750.0,350837.5105857849
20180702110400,350750.0,350837.5105857849
20180702110500,350750.0,350837.5105857849
20180702110600,350625.0,350837.5105857849
20180702110700,351000.0,350768.5971260071
20180702110800,350750.0,350917.43767261505
20180702110900,350875.0,350953.27496528625
20180702111000,350500.00000000006,350906.42404556274
20180702111100,351000.0,350757.5614452362
20180702111200,351125.0,350859.5378398895
20180702111300,351250.0,351159.9932909012
20180702111400,351250.0,351286.7624759674
20180702111500,351000.0,351344.63143348694
20180702111600,350750.0,351206.8221569061
20180702111700,350750.0,350953.27496528625
20180702111800,350750.0,350837.5105857849
20180702111900,350750.0,350837.5105857849
20180702112000,350750.0,350837.5105857849
20180702112100,350750.0,350837.5105857849
20180702112200,350625.0,350837.5105857849
20180702112300,350750.0,350768.5971260071
20180702112400,350750.0,350779.6195745468
20180702112500,350250.0,350837.5105857849
20180702112600,350250.0,350561.83910369873
20180702112700,350125.00000000006,350330.2309513092
20180702112800,350500.00000000006,350261.30867004395
20180702112900,350250.0,350410.1448059082
20180702113000,350250.0,350446.0526704788
20180702113100,350250.0,350330.2309513092
20180702113200,350125.00000000006,350330.2309513092
20180702113300,350125.00000000006,350261.30867004395
20180702113400,349875.0,350203.39119434357
20180702113500,349250.0,350065.54222106934
20180702113600,349250.0,349605.0429344177
20180702113700,349250.0,349315.29676914215
20180702113800,349000.0,349315.29676914215
20180702113900,348875.0,349177.4433851242
20180702114000,348375.0,348992.57588386536
20180702114100,348250.0,348658.8898897171
20180702114200,348375.0,348358.0154180527
20180702114300,348125.0,348368.9320087433
20180702114400,348375.0,348289.0887260437
20180702114500,348000.0,348310.93072891235
20180702114600,347625.0,348220.16644477844
20180702114700,347500.0,347839.39576148987
20180702114800,347250.0,347596.4343547821
20180702114900,347125.0,347400.5973339081
20180702115000,347250.0,347215.63720703125
20180702115100,347250.0,347226.5096902847
20180702115200,347750.0,347284.54184532166
20180702115300,347625.0,347560.1692199707
20180702115400,347750.0,347723.37114810944
20180702115500,347750.0,347734.2656850815
20180702115600,348125.0,347792.289018631
20180702115700,348375.0,347999.0293979645
20180702115800,349125.0,348310.93072891235
20180702115900,349374.99999999994,348840.4713869095
20180702120000,349625.0,349326.2618780136
20180702120100,349374.99999999994,349580.0428390503
20180702120200,348500.0,349558.0949783325
20180702120300,348750.0,348959.680557251
20180702120400,348500.0,348691.71023368835
20180702120500,348750.0,348669.8373556137
20180702120600,348375.0,348691.71023368835
20180702120700,348250.0,348600.91066360474
20180702120800,348250.0,348358.0154180527
20180702120900,348125.0,348300.009727478
20180702121000,348125.0,348231.08744621277
20180702121100,348250.0,348173.08616638184
20180702121200,348250.0,348242.0084476471
20180702121300,348250.0,348300.009727478
20180702121400,348125.0,348300.009727478
20180702121500,348250.0,348231.08744621277
20180702121600,348500.0,348242.0084476471
20180702121700,348625.0,348437.85429000854
20180702121800,349250.0,348622.7879524231
20180702121900,349625.0,349025.4006385803
20180702122000,349250.0,349522.0812559128
20180702122100,349250.0,349489.16387557983
20180702122200,349374.99999999994,349315.29676914215
20180702122300,349500.0,349384.2234611511
20180702122400,349000.0,349511.1161470413
20180702122500,349125.0,349293.3621406555
20180702122600,349250.0,349130.4292678833
20180702122700,349250.0,349257.33518600464
20180702122800,349374.99999999994,349315.29676914215
20180702122900,349000.0,349384.2234611511
20180702123000,349000.0,349235.4049682617
20180702123100,348500.0,349061.50698661804
20180702123200,348875.0,348785.79580783844
20180702123300,348625.0,348760.6325149536
20180702123400,348500.0,348796.74327373505
20180702123500,348625.0,348611.85812950134
20180702123600,348750.0,348622.7879524231
20180702123700,348750.0,348749.70269203186
20180702123800,348875.0,348807.68632888794
20180702123900,348750.0,348876.6130208969
20180702124000,348750.0,348865.669965744
20180702124100,348625.0,348807.68632888794
20180702124200,348250.0,348738.7640476227
20180702124300,348250.0,348473.995923996
20180702124400,348125.0,348300.009727478
20180702124500,348000.0,348231.08744621277
20180702124600,348250.0,348104.1638851166
20180702124700,348375.0,348183.993935585
20180702124800,348250.0,348368.9320087433
20180702124900,348000.0,348358.0154180527
20180702125000,348250.0,348162.1651649475
20180702125100,348375.0,348183.993935585
20180702125200,348125.0,348368.9320087433
20180702125300,348375.0,348289.0887260437
20180702125400,348125.0,348310.93072891235
20180702125500,348500.0,348289.0887260437
20180702125600,348250.0,348379.8485994339
20180702125700,348125.0,348416.0078763962
20180702125800,348250.0,348231.08744621277
20180702125900,348250.0,348242.0084476471
20180702130000,348250.0,348300.009727478
20180702130100,348125.0,348300.009727478
20180702130200,348125.0,348231.08744621277
20180702130300,348125.0,348173.08616638184
20180702130400,348250.0,348173.08616638184
20180702130500,348375.0,348242.0084476471
20180702130600,348000.0,348368.9320087433
20180702130700,348250.0,348220.16644477844
20180702130800,347750.0,348183.993935585
20180702130900,347625.0,348024.320602417
20180702131000,347750.0,347723.37114810944
20180702131100,347875.0,347734.2656850815
20180702131200,347750.0,347861.2024784088
20180702131300,347750.0,347850.30794143677
20180702131400,347750.0,347792.289018631
20180702131500,347750.0,347792.289018631
20180702131600,347750.0,347792.289018631
20180702131700,347750.0,347792.289018631
20180702131800,347625.0,347792.289018631
20180702131900,347875.0,347723.37114810944
20180702132000,347750.0,347803.1791448593
20180702132100,347750.0,347850.30794143677
20180702132200,347875.0,347792.289018631
20180702132300,347750.0,347861.2024784088
20180702132400,347750.0,347850.30794143677
20180702132500,347750.0,347792.289018631
20180702132600,347875.0,347792.289018631
20180702132700,347750.0,347861.2024784088
20180702132800,347625.0,347850.30794143677
20180702132900,347875.0,347723.37114810944
20180702133000,347500.0,347803.1791448593
20180702133100,347375.0,347712.46778964996
20180702133200,347250.0,347469.5063829422
20180702133300,347250.0,347342.56958961487
20180702133400,347250.0,347284.54184532166
20180702133500,347250.0,347284.54184532166
20180702133600,347250.0,347284.54184532166
20180702133700,347500.0,347284.54184532166
20180702133800,347750.0,347422.35112190247
20180702133900,347750.0,347676.23794078827
20180702134000,347875.0,347792.289018631
20180702134100,347625.0,347861.2024784088
20180702134200,347875.0,347781.3856601715
20180702134300,347750.0,347803.1791448593
20180702134400,347625.0,347850.30794143677
20180702134500,347250.0,347723.37114810944
20180702134600,347125.0,347458.61184597015
20180702134700,347250.0,347215.63720703125
20180702134800,347375.0,347226.5096902847
20180702134900,347375.0,347353.44648361206
20180702135000,347375.0,347411.4830493927
20180702135100,347750.0,347411.4830493927
20180702135200,347625.0,347618.20578575134
20180702135300,347750.0,347723.37114810944
20180702135400,347625.0,347734.2656850815
20180702135500,347750.0,347723.37114810944
20180702135600,347750.0,347734.2656850815
20180702135700,347875.0,347792.289018631
20180702135800,348000.0,347861.2024784088
20180702135900,348500.0,347988.13927173615
20180702140000,348750.0,348321.8296766281
20180702140100,348875.0,348691.71023368835
20180702140200,348750.0,348876.6130208969
20180702140300,348750.0,348865.669965744
20180702140400,348375.0,348807.68632888794
20180702140500,348375.0,348600.91066360474
20180702140600,348500.0,348426.9332885742
20180702140700,348750.0,348495.8643913269
20180702140800,348375.0,348691.71023368835
20180702140900,348250.0,348600.91066360474
20180702141000,348125.0,348358.0154180527
20180702141100,348375.0,348231.08744621277
20180702141200,348375.0,348310.93072891235
20180702141300,348250.0,348426.9332885742
20180702141400,348750.0,348358.0154180527
20180702141500,348625.0,348575.69885253906
20180702141600,348375.0,348738.7640476227
20180702141700,348500.0,348542.92702674866
20180702141800,348750.0,348495.8643913269
20180702141900,348875.0,348691.71023368835
20180702142000,348875.0,348876.6130208969
20180702142100,348750.0,348934.596657753
20180702142200,348750.0,348865.669965744
20180702142300,349125.0,348807.68632888794
20180702142400,349500.0,349014.46199417114
20180702142500,349374.99999999994,349395.18415927887
20180702142600,349000.0,349500.15103816986
20180702142700,348875.0,349235.4049682617
20180702142800,348625.0,348992.57588386536
20180702142900,348375.0,348796.74327373505
20180702143000,348500.0,348542.92702674866
20180702143100,348875.0,348495.8643913269
20180702143200,349125.0,348760.6325149536
20180702143300,349250.0,349072.4456310272
20180702143400,348750.0,349257.33518600464
20180702143500,348375.0,349039.58559036255
20180702143600,348500.0,348600.91066360474
20180702143700,348750.0,348495.8643913269
20180702143800,348750.0,348691.71023368835
20180702143900,348625.0,348807.68632888794
20180702144000,348625.0,348738.7640476227
20180702144100,348250.0,348680.7804107666
20180702144200,348375.0,348473.995923996
20180702144300,348250.0,348368.9320087433
20180702144400,348250.0,348358.0154180527
20180702144500,348375.0,348300.009727478
20180702144600,348750.0,348368.9320087433
20180702144700,348875.0,348633.7089538574
20180702144800,348625.0,348876.6130208969
20180702144900,348625.0,348796.74327373505
20180702145000,348750.0,348680.7804107666
20180702145100,348375.0,348749.70269203186
20180702145200,348250.0,348600.91066360474
20180702145300,348250.0,348358.0154180527
20180702145400,347750.0,348300.009727478
20180702145500,347750.0,348024.320602417
20180702145600,347875.0,347792.289018631
20180702145700,347875.0,347861.2024784088
20180702145800,348000.0,347919.2214012146
20180702145900,348125.0,347988.13927173615
20180702150000,348250.0,348115.0760650635
20180702150100,348500.0,348242.0084476471
20180702150200,348375.0,348437.85429000854
20180702150300,348625.0,348484.93897914886
20180702150400,349000.0,348564.78667259216
20180702150500,348750.0,348887.5516653061
20180702150600,348750.0,348923.6447811127
20180702150700,348500.0,348807.68632888794
20180702150800,348375.0,348669.8373556137
20180702150900,348375.0,348484.93897914886
20180702151000,348375.0,348426.9332885742
20180702151100,348250.0,348426.9332885742
20180702151200,348000.0,348358.0154180527
20180702151300,347625.0,348162.1651649475
20180702151400,348125.0,347839.39576148987
20180702151500,347875.0,347941.0104751587
20180702151600,347875.0,348035.2416038513
20180702151700,347750.0,347919.2214012146
20180702151800,347625.0,347850.30794143677
20180702151900,348250.0,347723.37114810944
20180702153000,347500.0,348009.9239349365
20180702153500,347500.0,347886.4760398865
20180703090000,352250.0,347538.4154319763
20180703090100,350250.0,350156.9460630417
20180703090200,350875.0,351255.9931278229
20180703090300,352500.0,350674.8158931732
20180703090400,353875.0,351859.9342107773
20180703090500,352750.0,353368.9069747925
20180703090600,350750.0,353384.2828273773
20180703090700,351000.0,351762.7787590027
20180703090800,351875.0,350975.32868385315
20180703090900,351750.0,351573.3902454376
20180703091000,351250.0,351909.3962907791
20180703091100,350625.0,351576.00140571594
20180703091200,350500.00000000006,351000.09059906006
20180703091300,350000.0,350641.78824424744
20180703091400,350250.0,350308.2036972046
20180703091500,350000.0,350214.3827676773
20180703091600,349749.99999999994,350192.3863887787
20180703091700,349749.99999999994,349938.6936426163
20180703091800,349250.0,349822.8278160095
20180703091900,348250.0,349547.1122264862
20180703092000,347750.0,348763.87000083923
20180703092100,347750.0,348024.320602417
20180703092200,347750.0,347792.289018631
20180703092300,348250.0,347792.289018631
20180703092400,348125.0,348067.95167922974
20180703092500,347250.0,348231.08744621277
20180703092600,346750.0,347690.64342975616
20180703092700,346250.0,347008.92770290375
20180703092800,346250.0,346501.233458519
20180703092900,346125.0,346269.0739631653
20180703093000,346000.0,346200.19578933716
20180703093100,346500.0,346073.27222824097
20180703093200,346250.0,346290.7042503357
20180703093300,345750.0,346385.155916214
20180703093400,346000.0,345993.57891082764
20180703093500,345500.00000000006,345899.1051912308
20180703093600,345375.0,345739.7648692131
20180703093700,345124.99999999994,345438.72278928757
20180703093800,345250.0,345242.99162626266
20180703093900,345124.99999999994,345195.70845365524
20180703094000,345000.0,345184.9374175072
20180703094100,345250.0,345058.0535531044
20180703094200,345250.0,345137.6454234123
20180703094300,345375.0,345253.77148389816
20180703094400,345625.0,345322.60555028915
20180703094500,345750.0,345518.3543562889
20180703094600,345750.0,345703.32330465317
20180703094700,345875.00000000006,345761.38854026794
20180703094800,345750.0,345830.2446603775
20180703094900,346000.0,345819.4383382797
20180703095000,345500.00000000006,345899.1051912308
20180703095100,345875.00000000006,345739.7648692131
20180703095200,345625.0,345714.1208052635
20180703095300,345625.0,345750.58221817017
20180703095400,345875.00000000006,345634.4715952873
20180703095500,345625.0,345772.1860408783
20180703095600,345250.0,345750.58221817017
20180703095700,345000.0,345427.9296994209
20180703095800,345250.0,345116.1033511162
20180703095900,345000.0,345137.6454234123
20180703100000,345124.99999999994,345116.1033511162
20180703100100,345250.0,345068.82017850876
20180703100200,345250.0,345195.70845365524
20180703100300,344875.0,345253.77148389816
20180703100400,344749.99999999994,345047.2781062126
20180703100500,344875.0,344804.30567264557
20180703100600,345124.99999999994,344815.0590658188
20180703100700,344875.0,345010.75714826584
20180703100800,344125.0,344989.22830820084
20180703100900,343750.0,344460.2742791176
20180703101000,343625.0,343905.6982398033
20180703101100,343000.0,343662.8162264824
20180703101200,343250.0,343261.1121535301
20180703101300,343625.0,343108.3680987358
20180703101400,343750.0,343430.6192398071
20180703101500,343750.0,343673.51669073105
20180703101600,343500.0,343731.5664887428
20180703101700,343875.0,343594.07037496567
20180703101800,343875.0,343684.2061281204
20180703101900,343750.0,343858.36654901505
20180703102000,343875.0,343789.6118760109
20180703102100,343750.0,343800.3189563751
20180703102200,343000.0,343789.6118760109
20180703102300,342625.0,343319.1354870796
20180703102400,342500.0,342764.89466428757
20180703102500,342250.0,342522.1626162529
20180703102600,341625.0,342326.8328309059
20180703102700,340750.0,341867.6876425743
20180703102800,340000.0,341097.81217575073
20180703102900,339625.0,340281.2908887863
20180703103000,339625.0,339728.58279943466
20180703103100,339625.0,339554.8965334892
20180703103200,339750.0,339554.8965334892
20180703103300,339750.0,339623.26967716217
20180703103400,340000.0,339681.17171525955
20180703103500,340250.0,339817.95328855515
20180703103600,339875.0,340070.6293582916
20180703103700,339750.0,339981.1949133873
20180703103800,339750.0,339739.07375335693
20180703103900,339750.0,339681.17171525955
20180703104000,340375.0,339681.17171525955
20180703104100,340625.0,340023.18519353867
20180703104200,340250.0,340449.7967362404
20180703104300,340250.0,340360.28069257736
20180703104400,340250.0,340186.4885687828
20180703104500,340375.0,340186.4885687828
20180703104600,340250.0,340254.9300789833
20180703104700,339625.0,340244.4192767143
20180703104800,339750.0,339844.3736433983
20180703104900,339875.0,339623.26967716217
20180703105000,339875.0,339749.5558857918
20180703105100,339750.0,339807.46454000473
20180703105200,339875.0,339739.07375335693
20180703105300,340124.99999999994,339749.5558857918
20180703105400,340000.0,339944.2769885063
20180703105500,340000.0,339991.7035102844
20180703105600,340124.99999999994,339933.7838292122
20180703105700,339750.0,340002.2032856941
20180703105800,339750.0,339854.87562417984
20180703105900,339750.0,339681.17171525955
20180703110000,339625.0,339681.17171525955
20180703110100,339625.0,339612.79195547104
20180703110200,339625.0,339554.8965334892
20180703110300,339750.0,339554.8965334892
20180703110400,339875.0,339623.26967716217
20180703110500,339625.0,339749.5558857918
20180703110600,339875.0,339670.685172081
20180703110700,339625.0,339691.65164232254
20180703110800,339750.0,339670.685172081
20180703110900,339750.0,339623.26967716217
20180703111000,339375.0,339681.17171525955
20180703111100,339500.0,339476.047873497
20180703111200,339875.0,339370.7568049431
20180703111300,339750.0,339633.74078273773
20180703111400,339750.0,339739.07375335693
20180703111500,339750.0,339681.17171525955
20180703111600,339875.0,339681.17171525955
20180703111700,339750.0,339749.5558857918
20180703111800,339750.0,339739.07375335693
20180703111900,339875.0,339681.17171525955
20180703112000,339750.0,339749.5558857918
20180703112100,339875.0,339739.07375335693
20180703112200,339750.0,339749.5558857918
20180703112300,339875.0,339739.07375335693
20180703112400,339875.0,339749.5558857918
20180703112500,339750.0,339807.46454000473
20180703112600,339875.0,339739.07375335693
20180703112700,339750.0,339749.5558857918
20180703112800,339875.0,339739.07375335693
20180703112900,339875.0,339749.5558857918
20180703113000,339875.0,339807.46454000473
20180703113100,339875.0,339807.46454000473
20180703113200,339875.0,339807.46454000473
20180703113300,339750.0,339807.46454000473
20180703113400,339750.0,339739.07375335693
20180703113500,339750.0,339681.17171525955
20180703113600,339750.0,339681.17171525955
20180703113700,339875.0,339681.17171525955
20180703113800,339625.0,339749.5558857918
20180703113900,339750.0,339670.685172081
20180703114000,339875.0,339623.26967716217
20180703114100,339875.0,339749.5558857918
20180703114200,339750.0,339807.46454000473
20180703114300,339875.0,339739.07375335693
20180703114400,339625.0,339749.5558857918
20180703114500,339750.0,339670.685172081
20180703114600,339625.0,339623.26967716217
20180703114700,339750.0,339612.79195547104
20180703114800,339875.0,339623.26967716217
20180703114900,339875.0,339749.5558857918
20180703115000,339875.0,339807.46454000473
20180703115100,339750.0,339807.46454000473
20180703115200,339250.0,339739.07375335693
20180703115300,339125.0,339407.6923727989
20180703115400,339125.0,339107.8853011131
20180703115500,339250.0,339050.02295970917
20180703115600,339250.0,339118.3343529701
20180703115700,339375.0,339176.20331048965
20180703115800,339250.0,339244.5345520973
20180703115900,339250.0,339234.0766787529
20180703120000,339250.0,339176.20331048965
20180703120100,339375.0,339176.20331048965
20180703120200,339375.0,339244.5345520973
20180703120300,339250.0,339302.40792036057
20180703120400,339250.0,339234.0766787529
20180703120500,339375.0,339176.20331048965
20180703120600,339250.0,339244.5345520973
20180703120700,339250.0,339234.0766787529
20180703120800,339250.0,339176.20331048965
20180703120900,339375.0,339176.20331048965
20180703121000,339000.0,339244.5345520973
20180703121100,338625.0,339097.4274277687
20180703121200,338875.0,338719.01869773865
20180703121300,338750.0,338682.03461170197
20180703121400,338625.0,338729.45231199265
20180703121500,338375.0,338603.35797071457
20180703121600,338125.0,338409.0602993965
20180703121700,338375.0,338157.03040361404
20180703121800,338000.0,338177.8182387352
20180703121900,337750.0,338088.8469219208
20180703122000,337625.0,337779.19286489487
20180703122100,337250.0,337595.55155038834
20180703122200,337125.0,337333.52249860764
20180703122300,336875.0,337092.3165678978
20180703122400,336625.00000000006,336898.56362342834
20180703122500,336750.0,336647.2262144089
20180703122600,336750.0,336599.86144304276
20180703122700,337250.0,336657.5319170952
20180703122800,337375.0,336929.5138120651
20180703122900,337250.0,337228.41888666153
20180703123000,337125.0,337218.08010339737
20180703123100,337250.0,337092.3165678978
20180703123200,337500.0,337102.64652967453
20180703123300,337375.0,337296.4854836464
20180703123400,337250.0,337343.87451410294
20180703123500,337250.0,337218.08010339737
20180703123600,337250.0,337160.3611111641
20180703123700,337375.0,337160.3611111641
20180703123800,337250.0,337228.41888666153
20180703123900,337125.0,337218.08010339737
20180703124000,337375.0,337092.3165678978
20180703124100,337125.0,337170.6910729408
20180703124200,336625.00000000006,337150.02673864365
20180703124300,336625.00000000006,336762.56054639816
20180703124400,336875.0,336531.900703907
20180703124500,336875.0,336667.8310036659
20180703124600,336750.0,336783.19400548935
20180703124700,336625.00000000006,336715.20459651947
20180703124800,336625.00000000006,336589.562356472
20180703124900,336750.0,336531.900703907
20180703125000,336750.0,336599.86144304276
20180703125100,336875.0,336657.5319170952
20180703125200,336750.0,336725.5102992058
20180703125300,336750.0,336715.20459651947
20180703125400,336750.0,336657.5319170952
20180703125500,336250.00000000006,336657.5319170952
20180703125600,335750.0,336385.7154250145
20180703125700,335375.0,335883.7066292763
20180703125800,335375.0,335450.01143217087
20180703125900,335250.0,335277.4013876915
20180703130000,335750.0,335209.6611857414
20180703130100,335750.0,335423.13235998154
20180703130200,336000.0,335653.3952355385
20180703130300,335874.99999999994,335789.0410423279
20180703130400,335750.0,335836.38375997543
20180703130500,335499.99999999994,335710.9686732292
20180703130600,335625.0,335517.7957415581
20180703130700,335750.0,335470.47287225723
20180703130800,335750.0,335595.82620859146
20180703130900,335750.0,335653.3952355385
20180703131000,335625.0,335653.3952355385
20180703131100,335874.99999999994,335585.59107780457
20180703131200,335625.0,335663.6303663254
20180703131300,335750.0,335643.153488636
20180703131400,335750.0,335595.82620859146
20180703131500,335750.0,335653.3952355385
20180703131600,335750.0,335653.3952355385
20180703131700,335625.0,335653.3952355385
20180703131800,335499.99999999994,335585.59107780457
20180703131900,335375.0,335460.24656295776
20180703132000,335375.0,335334.9351286888
20180703132100,335375.0,335277.4013876915
20180703132200,335375.0,335277.4013876915
20180703132300,335375.0,335277.4013876915
20180703132400,335375.0,335277.4013876915
20180703132500,335375.0,335277.4013876915
20180703132600,335250.0,335277.4013876915
20180703132700,335375.0,335209.6611857414
20180703132800,335250.0,335219.8720574379
20180703132900,335250.0,335209.6611857414
20180703133000,335250.0,335152.1428823471
20180703133100,335375.0,335152.1428823471
20180703133200,334875.0,335219.8720574379
20180703133300,334875.0,335006.50894641876
20180703133400,334875.0,334776.5790820122
20180703133500,334875.0,334776.5790820122
20180703133600,334750.0,334776.5790820122
20180703133700,334750.0,334708.9248895645
20180703133800,334875.0,334651.46392583847
20180703133900,334750.0,334719.10268068314
20180703134000,334750.0,334708.9248895645
20180703134100,335375.0,334651.46392583847
20180703134200,335750.0,334989.7900223732
20180703134300,336250.00000000006,335480.69256544113
20180703134400,336125.0,335924.7265458107
20180703134500,335625.0,336087.31096982956
20180703134600,335250.0,335758.29154253006
20180703134700,335874.99999999994,335324.7110247612
20180703134800,336250.00000000006,335490.91225862503
20180703134900,335874.99999999994,335982.33968019485
20180703135000,336000.0,335951.56371593475
20180703135100,336250.00000000006,335846.6343283653
20180703135200,336375.0,336039.9594306946
20180703135300,336250.00000000006,336223.10012578964
20180703135400,336375.0,336212.82309293747
20180703135500,336625.00000000006,336223.10012578964
20180703135600,336750.0,336416.5884256363
20180703135700,336875.0,336599.86144304276
20180703135800,336750.0,336725.5102992058
20180703135900,336875.0,336715.20459651947
20180703140000,336750.0,336725.5102992058
20180703140100,336500.0,336715.20459651947
20180703140200,336250.00000000006,336521.6016173363
20180703140300,336250.00000000006,336270.4516649246
20180703140400,336375.0,336155.20334243774
20180703140500,336375.0,336223.10012578964
20180703140600,336250.00000000006,336280.73531389236
20180703140700,336375.0,336212.82309293747
20180703140800,336375.0,336223.10012578964
20180703140900,336375.0,336280.73531389236
20180703141000,336375.0,336280.73531389236
20180703141100,336375.0,336280.73531389236
20180703141200,336375.0,336280.73531389236
20180703141300,336250.00000000006,336280.73531389236
20180703141400,336625.00000000006,336212.82309293747
20180703141500,337375.0,336358.931183815
20180703141600,337375.0,336939.8151040077
20180703141700,337250.0,337286.1422896385
20180703141800,336875.0,337218.08010339737
20180703141900,336250.00000000006,336956.2539458275
20180703142000,336125.0,336443.35502386093
20180703142100,336250.00000000006,336087.31096982956
20180703142200,336625.00000000006,336097.5791811943
20180703142300,336500.0,336358.931183815
20180703142400,336250.00000000006,336463.95099163055
20180703142500,336250.00000000006,336270.4516649246
20180703142600,335750.0,336155.20334243774
20180703142700,335874.99999999994,335883.7066292763
20180703142800,335750.0,335721.2148308754
20180703142900,336375.0,335710.9686732292
20180703143000,337250.0,335992.59024858475
20180703143100,337250.0,336756.39432668686
20180703143200,337250.0,337160.3611111641
20180703143300,338125.0,337160.3611111641
20180703143400,338125.0,337636.9552016258
20180703143500,338375.0,338041.44686460495
20180703143600,338375.0,338177.8182387352
20180703143700,338500.0,338293.437063694
20180703143800,338625.0,338361.6536259651
20180703143900,339375.0,338487.70385980606
20180703144000,340000.0,338955.1478624344
20180703144100,340375.0,339644.2052721977
20180703144200,340250.0,340139.05984163284
20180703144300,340250.0,340244.4192767143
20180703144400,340375.0,340186.4885687828
20180703144500,340375.0,340254.9300789833
20180703144600,340250.0,340312.8718137741
20180703144700,340499.99999999994,340244.4192767143
20180703144800,340625.0,340323.3870267868
20180703144900,340875.00000000006,340507.74508714676
20180703145000,340499.99999999994,340702.6734948158
20180703145100,340250.0,340613.0979061127
20180703145200,340250.0,340302.3521900177
20180703145300,340250.0,340186.4885687828
20180703145400,340499.99999999994,340186.4885687828
20180703145500,340499.99999999994,340323.3870267868
20180703145600,340124.99999999994,340439.27270174026
20180703145700,339750.0,340233.8996529579
20180703145800,339625.0,339854.87562417984
20180703145900,339375.0,339612.79195547104
20180703150000,339375.0,339418.1722998619
20180703150100,339375.0,339302.40792036057
20180703150200,338875.0,339302.40792036057
20180703150300,339000.0,339029.1182398796
20180703150400,339500.0,338866.00893735886
20180703150500,339375.0,339197.10141420364
20180703150600,339625.0,339360.2879047394
20180703150700,339625.0,339439.1056895256
20180703150800,339750.0,339554.8965334892
20180703150900,340000.0,339623.26967716217
20180703151000,340499.99999999994,339817.95328855515
20180703151100,340375.0,340207.4991464615
20180703151200,340499.99999999994,340370.80693244934
20180703151300,340875.00000000006,340381.3287615776
20180703151400,340625.0,340644.70970630646
20180703151500,340625.0,340681.5901398659
20180703151600,340375.0,340565.695643425
20180703151700,340124.99999999994,340428.74425649643
20180703151800,340250.0,340175.97115039825
20180703151900,340375.0,340128.56006622314
20180703153000,339000.0,340254.9300789833
20180703153500,339000.0,339560.2996945381
20180704090000,341000.0,338923.86025190353
20180704090100,341500.0,340017.5570845604
20180704090200,340875.00000000006,341219.2068696022
20180704090300,341250.00000000006,341108.39796066284
20180704090400,339375.0,341024.15055036545
20180704090500,336250.00000000006,340170.6363558769
20180704090600,335625.0,337596.5616106987
20180704090700,335750.0,335815.86277484894
20180704090800,335625.0,335595.82620859146
20180704090900,336000.0,335585.59107780457
20180704091000,335625.0,335731.4499616623
20180704091100,335750.0,335700.72251558304
20180704091200,336000.0,335595.82620859146
20180704091300,336000.0,335789.0410423279
20180704091400,336000.0,335904.2320251465
20180704091500,335874.99999999994,335904.2320251465
20180704091600,336000.0,335836.38375997543
20180704091700,336000.0,335846.6343283653
20180704091800,336000.0,335904.2320251465
20180704091900,335750.0,335904.2320251465
20180704092000,335625.0,335768.54652166367
20180704092100,336000.0,335585.59107780457
20180704092200,336000.0,335731.4499616623
20180704092300,336000.0,335904.2320251465
20180704092400,336000.0,335904.2320251465
20180704092500,336500.0,335904.2320251465
20180704092600,337625.0,336175.72873830795
20180704092700,337375.0,337018.1322693825
20180704092800,337250.0,337401.60673856735
20180704092900,337500.0,337218.08010339737
20180704093000,337500.0,337296.4854836464
20180704093100,337375.0,337411.9565486908
20180704093200,337250.0,337343.87451410294
20180704093300,337250.0,337218.08010339737
20180704093400,337500.0,337160.3611111641
20180704093500,337500.0,337296.4854836464
20180704093600,337500.0,337411.9565486908
20180704093700,337250.0,337411.9565486908
20180704093800,337250.0,337275.80350637436
20180704093900,337375.0,337160.3611111641
20180704094000,337250.0,337228.41888666153
20180704094100,337250.0,337218.08010339737
20180704094200,337375.0,337160.3611111641
20180704094300,337375.0,337228.41888666153
20180704094400,337375.0,337286.1422896385
20180704094500,337375.0,337286.1422896385
20180704094600,337375.0,337286.1422896385
20180704094700,337125.0,337286.1422896385
20180704094800,337250.0,337150.02673864365
20180704094900,337375.0,337102.64652967453
20180704095000,337375.0,337228.41888666153
20180704095100,337250.0,337286.1422896385
20180704095200,337000.0,337218.08010339737
20180704095300,336875.0,337024.2830514908
20180704095400,337125.0,336840.8777117729
20180704095500,337250.0,336919.1992878914
20180704095600,337375.0,337102.64652967453
20180704095700,337375.0,337228.41888666153
20180704095800,337250.0,337286.1422896385
20180704095900,337375.0,337218.08010339737
20180704100000,337250.0,337228.41888666153
20180704100100,337500.0,337218.08010339737
20180704100200,337250.0,337296.4854836464
20180704100300,337375.0,337275.80350637436
20180704100400,337125.0,337228.41888666153
20180704100500,337375.0,337150.02673864365
20180704100600,337250.0,337170.6910729408
20180704100700,337375.0,337218.08010339737
20180704100800,337125.0,337228.41888666153
20180704100900,337250.0,337150.02673864365
20180704101000,337375.0,337102.64652967453
20180704101100,337250.0,337228.41888666153
20180704101200,337125.0,337218.08010339737
20180704101300,337125.0,337092.3165678978
20180704101400,337125.0,337034.60639715195
20180704101500,337375.0,337034.60639715195
20180704101600,337250.0,337170.6910729408
20180704101700,337375.0,337218.08010339737
20180704101800,337375.0,337228.41888666153
20180704101900,337250.0,337286.1422896385
20180704102000,337375.0,337218.08010339737
20180704102100,337250.0,337228.41888666153
20180704102200,337250.0,337218.08010339737
20180704102300,337375.0,337160.3611111641
20180704102400,337250.0,337228.41888666153
20180704102500,337250.0,337218.08010339737
20180704102600,337375.0,337160.3611111641
20180704102700,337375.0,337228.41888666153
20180704102800,337375.0,337286.1422896385
20180704102900,337375.0,337286.1422896385
20180704103000,337250.0,337286.1422896385
20180704103100,337375.0,337218.08010339737
20180704103200,337250.0,337228.41888666153
20180704103300,337250.0,337218.08010339737
20180704103400,337375.0,337160.3611111641
20180704103500,337250.0,337228.41888666153
20180704103600,337250.0,337218.08010339737
20180704103700,337250.0,337160.3611111641
20180704103800,337375.0,337160.3611111641
20180704103900,337250.0,337228.41888666153
20180704104000,337250.0,337218.08010339737
20180704104100,337250.0,337160.3611111641
20180704104200,337375.0,337160.3611111641
20180704104300,337125.0,337228.41888666153
20180704104400,337250.0,337150.02673864365
20180704104500,337250.0,337102.64652967453
20180704104600,337250.0,337160.3611111641
20180704104700,337250.0,337160.3611111641
20180704104800,337250.0,337160.3611111641
20180704104900,336750.0,337160.3611111641
20180704105000,336625.00000000006,336888.23586702347
20180704105100,336625.00000000006,336589.562356472
20180704105200,336625.00000000006,336531.900703907
20180704105300,336625.00000000006,336531.900703907
20180704105400,336750.0,336531.900703907
20180704105500,336750.0,336599.86144304276
20180704105600,336625.00000000006,336657.5319170952
20180704105700,336750.0,336589.562356472
20180704105800,336625.00000000006,336599.86144304276
20180704105900,336875.0,336589.562356472
20180704110000,336500.0,336667.8310036659
20180704110100,336250.00000000006,336579.2566537857
20180704110200,336125.0,336270.4516649246
20180704110300,335874.99999999994,336087.31096982956
20180704110400,335250.0,335893.974840641
20180704110500,335375.0,335439.7740960121
20180704110600,335375.0,335219.8720574379
20180704110700,335250.0,335277.4013876915
20180704110800,335375.0,335209.6611857414
20180704110900,335125.0,335219.8720574379
20180704111000,335125.0,335141.93201065063
20180704111100,335125.0,335026.91745758057
20180704111200,335250.0,335026.91745758057
20180704111300,335125.0,335094.62237358093
20180704111400,334875.0,335084.42252874374
20180704111500,334750.0,334891.53188467026
20180704111600,334875.0,334708.9248895645
20180704111700,334750.0,334719.10268068314
20180704111800,334500.0,334708.9248895645
20180704111900,334750.0,334516.2150859833
20180704112000,334750.0,334536.5508198738
20180704112100,334500.0,334651.46392583847
20180704112200,334625.0,334516.2150859833
20180704112300,334625.0,334468.94294023514
20180704112400,334875.0,334526.3862609863
20180704112500,334500.0,334661.6373062134
20180704112600,334750.0,334573.65840673447
20180704112700,334625.0,334536.5508198738
20180704112800,334625.0,334583.83399248123
20180704112900,334625.0,334526.3862609863
20180704113000,334625.0,334526.3862609863
20180704113100,334750.0,334526.3862609863
20180704113200,335375.0,334594.0051674843
20180704113300,335250.0,334989.7900223732
20180704113400,335125.0,335209.6611857414
20180704113500,335125.0,335084.42252874374
20180704113600,335125.0,335026.91745758057
20180704113700,334875.0,335026.91745758057
20180704113800,334500.0,334891.53188467026
20180704113900,334625.0,334573.65840673447
20180704114000,334625.0,334468.94294023514
20180704114100,334500.0,334526.3862609863
20180704114200,334625.0,334458.7805867195
20180704114300,334750.0,334468.94294023514
20180704114400,334625.0,334594.0051674843
20180704114500,334750.0,334583.83399248123
20180704114600,334750.0,334594.0051674843
20180704114700,334875.0,334651.46392583847
20180704114800,334625.0,334719.10268068314
20180704114900,334750.0,334641.28613471985
20180704115000,334625.0,334594.0051674843
20180704115100,334625.0,334583.83399248123
20180704115200,334875.0,334526.3862609863
20180704115300,334750.0,334661.6373062134
20180704115400,334750.0,334708.9248895645
20180704115500,334750.0,334651.46392583847
20180704115600,334625.0,334651.46392583847
20180704115700,334750.0,334583.83399248123
20180704115800,334750.0,334594.0051674843
20180704115900,334750.0,334651.46392583847
20180704120000,334625.0,334651.46392583847
20180704120100,334750.0,334583.83399248123
20180704120200,334750.0,334594.0051674843
20180704120300,334750.0,334651.46392583847
20180704120400,334500.0,334651.46392583847
20180704120500,334750.0,334516.2150859833
20180704120600,334750.0,334536.5508198738
20180704120700,334750.0,334651.46392583847
20180704120800,334750.0,334651.46392583847
20180704120900,334625.0,334651.46392583847
20180704121000,334625.0,334583.83399248123
20180704121100,334625.0,334526.3862609863
20180704121200,334875.0,334526.3862609863
20180704121300,334875.0,334661.6373062134
20180704121400,334625.0,334776.5790820122
20180704121500,334625.0,334641.28613471985
20180704121600,334375.0,334526.3862609863
20180704121700,334125.0,334391.185939312
20180704121800,334125.0,334141.24232530594
20180704121900,334125.0,334026.4615416527
20180704122000,334125.0,334026.4615416527
20180704122100,334250.0,334026.4615416527
20180704122200,334125.0,334093.9900279045
20180704122300,333750.0,334083.84972810745
20180704122400,333750.0,333823.96429777145
20180704122500,334250.0,333651.9342660904
20180704122600,334750.0,333921.82326316833
20180704122700,334750.0,334421.65315151215
20180704122800,334750.0,334651.46392583847
20180704122900,334750.0,334651.46392583847
20180704123000,334750.0,334651.46392583847
20180704123100,334375.0,334651.46392583847
20180704123200,334250.0,334448.6116170883
20180704123300,334250.0,334208.7884545326
20180704123400,334625.0,334151.38483047485
20180704123500,334625.0,334354.0695309639
20180704123600,334250.0,334526.3862609863
20180704123700,334250.0,334323.60231876373
20180704123800,334250.0,334151.38483047485
20180704123900,334375.0,334151.38483047485
20180704124000,334625.0,334218.9375758171
20180704124100,334750.0,334411.50403022766
20180704124200,334625.0,334594.0051674843
20180704124300,334750.0,334583.83399248123
20180704124400,334750.0,334594.0051674843
20180704124500,334875.0,334651.46392583847
20180704124600,334750.0,334719.10268068314
20180704124700,334625.0,334708.9248895645
20180704124800,334875.0,334583.83399248123
20180704124900,334750.0,334661.6373062134
20180704125000,334625.0,334708.9248895645
20180704125100,334625.0,334583.83399248123
20180704125200,334625.0,334526.3862609863
20180704125300,334750.0,334526.3862609863
20180704125400,334625.0,334594.0051674843
20180704125500,334750.0,334583.83399248123
20180704125600,334625.0,334594.0051674843
20180704125700,334500.0,334583.83399248123
20180704125800,334750.0,334458.7805867195
20180704125900,334750.0,334536.5508198738
20180704130000,334750.0,334651.46392583847
20180704130100,334750.0,334651.46392583847
20180704130200,334750.0,334651.46392583847
20180704130300,334625.0,334651.46392583847
20180704130400,334750.0,334583.83399248123
20180704130500,334375.0,334594.0051674843
20180704130600,334625.0,334448.6116170883
20180704130700,334625.0,334411.50403022766
20180704130800,334625.0,334526.3862609863
20180704130900,334625.0,334526.3862609863
20180704131000,334875.0,334526.3862609863
20180704131100,334375.0,334661.6373062134
20180704131200,334750.0,334506.04170560837
20180704131300,334625.0,334479.10088300705
20180704131400,334625.0,334583.83399248123
20180704131500,334875.0,334526.3862609863
20180704131600,334625.0,334661.6373062134
20180704131700,334500.0,334641.28613471985
20180704131800,334250.0,334458.7805867195
20180704131900,334750.0,334266.19428396225
20180704132000,334750.0,334421.65315151215
20180704132100,334750.0,334651.46392583847
20180704132200,334250.0,334651.46392583847
20180704132300,334250.0,334381.01917505264
20180704132400,334125.0,334151.38483047485
20180704132500,334125.0,334083.84972810745
20180704132600,334125.0,334026.4615416527
20180704132700,334250.0,334026.4615416527
20180704132800,334375.0,334093.9900279045
20180704132900,334125.0,334218.9375758171
20180704133000,334375.0,334141.24232530594
20180704133100,334250.0,334161.52292490005
20180704133200,334125.0,334208.7884545326
20180704133300,334375.0,334083.84972810745
20180704133400,334000.0,334161.52292490005
20180704133500,334250.0,334073.7050175667
20180704133600,334250.0,334036.59522533417
20180704133700,334125.0,334151.38483047485
20180704133800,334000.0,334083.84972810745
20180704133900,334125.0,333958.946287632
20180704134000,334125.0,333969.0799713135
20180704134100,334000.0,334026.4615416527
20180704134200,333750.0,333958.946287632
20180704134300,333750.0,333766.6158080101
20180704134400,333625.0,333651.9342660904
20180704134500,333750.0,333584.4962000847
20180704134600,333625.0,333594.60121393204
20180704134700,333625.0,333584.4962000847
20180704134800,333625.0,333527.17196941376
20180704134900,333750.0,333527.17196941376
20180704135000,333750.0,333594.60121393204
20180704135100,333625.0,333651.9342660904
20180704135200,333750.0,333584.4962000847
20180704135300,333625.0,333594.60121393204
20180704135400,333875.0,333584.4962000847
20180704135500,333750.0,333662.0414853096
20180704135600,333750.0,333709.27172899246
20180704135700,333750.0,333651.9342660904
20180704135800,333750.0,333651.9342660904
20180704135900,333625.0,333651.9342660904
20180704140000,333625.0,333584.4962000847
20180704140100,333625.0,333527.17196941376
20180704140200,333750.0,333527.17196941376
20180704140300,333875.0,333594.60121393204
20180704140400,333625.0,333719.38556432724
20180704140500,333750.0,333641.8204307556
20180704140600,333875.0,333594.60121393204
20180704140700,333875.0,333719.38556432724
20180704140800,333875.0,333776.7384648323
20180704140900,333750.0,333776.7384648323
20180704141000,333875.0,333709.27172899246
20180704141100,334125.0,333719.38556432724
20180704141200,334625.0,333911.702811718
20180704141300,334875.0,334296.63944244385
20180704141400,334750.0,334661.6373062134
20180704141500,334750.0,334708.9248895645
20180704141600,334875.0,334651.46392583847
20180704141700,334875.0,334719.10268068314
20180704141800,334625.0,334776.5790820122
20180704141900,334875.0,334641.28613471985
20180704142000,335250.0,334661.6373062134
20180704142100,335125.0,334979.605615139
20180704142200,335250.0,335084.42252874374
20180704142300,335375.0,335094.62237358093
20180704142400,335125.0,335219.8720574379
20180704142500,335250.0,335141.93201065063
20180704142600,335000.0,335094.62237358093
20180704142700,335125.0,335016.71320199966
20180704142800,334875.0,334969.4167971611
20180704142900,335250.0,334891.53188467026
20180704143000,335499.99999999994,334979.605615139
20180704143100,335750.0,335287.6144647598
20180704143200,335750.0,335538.2593870163
20180704143300,335750.0,335653.3952355385
20180704143400,335375.0,335653.3952355385
20180704143500,335125.0,335450.01143217087
20180704143600,335375.0,335141.93201065063
20180704143700,335000.0,335162.347137928
20180704143800,335000.0,335074.2116570473
20180704143900,335375.0,334901.7295241356
20180704144000,335250.0,335104.8222184181
20180704144100,335250.0,335209.6611857414
20180704144200,335125.0,335152.1428823471
20180704144300,335125.0,335084.42252874374
20180704144400,335125.0,335026.91745758057
20180704144500,335250.0,335026.91745758057
20180704144600,335125.0,335094.62237358093
20180704144700,335250.0,335084.42252874374
20180704144800,335250.0,335094.62237358093
20180704144900,335375.0,335152.1428823471
20180704145000,335125.0,335219.8720574379
20180704145100,335250.0,335141.93201065063
20180704145200,335125.0,335094.62237358093
20180704145300,335250.0,335084.42252874374
20180704145400,335125.0,335094.62237358093
20180704145500,335250.0,335084.42252874374
20180704145600,335125.0,335094.62237358093
20180704145700,335250.0,335084.42252874374
20180704145800,335250.0,335094.62237358093
20180704145900,335125.0,335152.1428823471
20180704150000,335375.0,335084.42252874374
20180704150100,335250.0,335162.347137928
20180704150200,335250.0,335209.6611857414
20180704150300,335250.0,335152.1428823471
20180704150400,335125.0,335152.1428823471
20180704150500,335125.0,335084.42252874374
20180704150600,335125.0,335026.91745758057
20180704150700,335125.0,335026.91745758057
20180704150800,335250.0,335026.91745758057
20180704150900,335125.0,335094.62237358093
20180704151000,335000.0,335084.42252874374
20180704151100,335125.0,334959.21915769577
20180704151200,334875.0,334969.4167971611
20180704151300,335250.0,334891.53188467026
20180704151400,335125.0,334979.605615139
20180704151500,335125.0,335084.42252874374
20180704151600,335000.0,335026.91745758057
20180704151700,335125.0,334959.21915769577
20180704151800,334875.0,334969.4167971611
20180704151900,335125.0,334891.53188467026
20180704153000,335499.99999999994,334911.9183421135
20180704153500,335499.99999999994,335230.07851839066
20180705090000,335375.0,335402.70179510117
20180705090100,335499.99999999994,335334.9351286888
20180705090200,335250.0,335345.1548218727
20180705090300,335000.0,335267.1816945076
20180705090400,335750.0,335016.71320199966
20180705090500,336000.0,335308.0207705498
20180705090600,336250.00000000006,335789.0410423279
20180705090700,336500.0,336039.9594306946
20180705090800,336500.0,336291.0145521164
20180705090900,336875.0,336406.30036592484
20180705091000,337000.0,336610.15170812607
20180705091100,337125.0,336851.1900305748
20180705091200,337375.0,336976.9050478935
20180705091300,337500.0,337170.6910729408
20180705091400,337250.0,337354.2177081108
20180705091500,337000.0,337275.80350637436
20180705091600,337000.0,337024.2830514908
20180705091700,336750.0,336908.8869690895
20180705091800,336500.0,336772.8794813156
20180705091900,336250.00000000006,336521.6016173363
20180705092000,336000.0,336270.4516649246
20180705092100,336250.00000000006,336019.4340348244
20180705092200,336375.0,336039.9594306946
20180705092300,336125.0,336223.10012578964
20180705092400,336250.00000000006,336144.9241042137
20180705092500,336000.0,336097.5791811943
20180705092600,336250.00000000006,336019.4340348244
20180705092700,336125.0,336039.9594306946
20180705092800,336250.00000000006,336087.31096982956
20180705092900,336250.00000000006,336097.5791811943
20180705093000,336625.00000000006,336155.20334243774
20180705093100,336750.0,336358.931183815
20180705093200,336625.00000000006,336599.86144304276
20180705093300,336750.0,336589.562356472
20180705093400,336500.0,336599.86144304276
20180705093500,336375.0,336521.6016173363
20180705093600,336000.0,336338.3705019951
20180705093700,336125.0,336077.0383477211
20180705093800,336250.00000000006,335972.08911180496
20180705093900,336500.0,336097.5791811943
20180705094000,336250.00000000006,336291.0145521164
20180705094100,335874.99999999994,336270.4516649246
20180705094200,335625.0,335951.56371593475
20180705094300,335250.0,335643.153488636
20180705094400,334875.0,335324.7110247612
20180705094500,335250.0,334949.0171074867
20180705094600,335125.0,334979.605615139
20180705094700,335125.0,335084.42252874374
20180705094800,335250.0,335026.91745758057
20180705094900,335375.0,335094.62237358093
20180705095000,335250.0,335219.8720574379
20180705095100,335125.0,335209.6611857414
20180705095200,335250.0,335084.42252874374
20180705095300,335499.99999999994,335094.62237358093
20180705095400,335250.0,335287.6144647598
20180705095500,335000.0,335267.1816945076
20180705095600,334625.0,335016.71320199966
20180705095700,334375.0,334698.7426877022
20180705095800,334250.0,334391.185939312
20180705095900,334375.0,334208.7884545326
20180705100000,333875.0,334218.9375758171
20180705100100,333500.0,334006.1831474304
20180705100200,333500.0,333574.3823647499
20180705100300,332625.0,333402.4515748024
20180705100400,332625.0,332931.0026168823
20180705100500,332500.0,332530.5886864662
20180705100600,332625.0,332463.37336301804
20180705100700,332375.0,332473.40339422226
20180705100800,332125.0,332396.17788791656
20180705100900,331750.0,332147.5751399994
20180705101000,331750.0,331832.07243680954
20180705101100,331625.00000000006,331660.88485717773
20180705101200,331125.0,331593.8614010811
20180705101300,330250.0,331268.9461708069
20180705101400,330750.0,330573.2505917549
20180705101500,331249.99999999994,330442.2404766083
20180705101600,330874.99999999994,330937.0884299278
20180705101700,330750.0,330964.25861120224
20180705101800,330625.0,330726.66507959366
20180705101900,330500.0,330602.9745936394
20180705102000,330750.0,330479.3348312378
20180705102100,330250.0,330555.9891462326
20180705102200,330250.0,330402.695953846
20180705102300,330375.0,330175.39489269257
20180705102400,330250.0,330242.083132267
20180705102500,330375.0,330232.20747709274
20180705102600,330000.0,330242.083132267
20180705102700,330250.0,330098.85305166245
20180705102800,330500.0,330061.7851614952
20180705102900,330625.0,330308.78460407257
20180705103000,330250.0,330489.22592401505
20180705103100,330250.0,330345.8591103554
20180705103200,330000.0,330175.39489269257
20180705103300,330125.0,330042.0647263527
20180705103400,330250.0,329995.1410293579
20180705103500,330250.0,330118.58892440796
20180705103600,330250.0,330175.39489269257
20180705103700,330750.0,330175.39489269257
20180705103800,330375.0,330442.2404766083
20180705103900,330000.0,330469.43712234497
20180705104000,330125.0,330098.85305166245
20180705104100,330250.0,329995.1410293579
20180705104200,330750.0,330118.58892440796
20180705104300,330625.0,330442.2404766083
20180705104400,330500.0,330602.9745936394
20180705104500,330625.0,330479.3348312378
20180705104600,330375.0,330489.22592401505
20180705104700,330625.0,330412.58704662323
20180705104800,330500.0,330432.36261606216
20180705104900,330625.0,330479.3348312378
20180705105000,330375.0,330489.22592401505
20180705105100,330000.0,330412.58704662323
20180705105200,330125.0,330098.85305166245
20180705105300,330000.0,329995.1410293579
20180705105400,329750.0,329985.2874279022
20180705105500,329625.0,329795.3122854233
20180705105600,329750.0,329615.30101299286
20180705105700,329500.0,329625.1259446144
20180705105800,329750.0,329548.7671494484
20180705105900,329375.0,329568.4170126915
20180705110000,329750.0,329482.25313425064
20180705110100,329500.0,329511.7124915123
20180705110200,329125.0,329548.7671494484
20180705110300,329625.0,329235.9858751297
20180705110400,329250.0,329331.8489789963
20180705110500,329125.0,329359.09193754196
20180705110600,329125.0,329122.7290034294
20180705110700,329000.0,329066.1126971245
20180705110800,328875.0,328999.7221827507
20180705110900,329125.0,328876.77270174026
20180705111000,328875.0,328952.90875434875
20180705111100,328625.0,328933.3493113518
20180705111200,328625.0,328687.56943941116
20180705111300,328500.0,328574.51766729355
20180705111400,328625.0,328508.2572698593
20180705111500,328500.0,328518.0050134659
20180705111600,328750.0,328508.2572698593
20180705111700,328625.0,328584.2654109001
20180705111800,328625.0,328631.03914260864
20180705111900,328625.0,328574.51766729355
20180705112000,328625.0,328574.51766729355
20180705112100,328625.0,328574.51766729355
20180705112200,328250.0,328574.51766729355
20180705112300,328250.0,328375.78719854355
20180705112400,328500.0,328206.41243457794
20180705112500,328750.0,328338.78767490387
20180705112600,328750.0,328584.2654109001
20180705112700,328625.0,328697.33041524887
20180705112800,328750.0,328631.03914260864
20180705112900,328500.0,328640.7935023308
20180705113000,328750.0,328564.76110219955
20180705113100,328500.0,328584.2654109001
20180705113200,328625.0,328564.76110219955
20180705113300,328750.0,328518.0050134659
20180705113400,328500.0,328640.7935023308
20180705113500,328625.0,328564.76110219955
20180705113600,328750.0,328518.0050134659
20180705113700,328875.0,328640.7935023308
20180705113800,328625.0,328763.64374160767
20180705113900,328625.0,328687.56943941116
20180705114000,328625.0,328574.51766729355
20180705114100,328750.0,328574.51766729355
20180705114200,328375.0,328640.7935023308
20180705114300,328500.0,328498.5029101372
20180705114400,328750.0,328395.26945352554
20180705114500,328625.0,328584.2654109001
20180705114600,328250.0,328631.03914260864
20180705114700,328000.0,328375.78719854355
20180705114800,328125.0,328074.1099715233
20180705114900,328000.0,328027.409017086
20180705115000,328375.0,328017.698764801
20180705115100,328500.0,328159.68722105026
20180705115200,328500.0,328395.26945352554
20180705115300,328625.0,328451.7578482628
20180705115400,328500.0,328518.0050134659
20180705115500,328625.0,328508.2572698593
20180705115600,328500.0,328518.0050134659
20180705115700,328625.0,328508.2572698593
20180705115800,328500.0,328518.0050134659
20180705115900,328375.0,328508.2572698593
20180705120000,328375.0,328385.52832603455
20180705120100,328000.0,328329.05757427216
20180705120200,328125.0,328130.5277943611
20180705120300,328000.0,328027.409017086
20180705120400,328125.0,328017.698764801
20180705120500,328125.0,328027.409017086
20180705120600,328125.0,328083.82683992386
20180705120700,328250.0,328083.82683992386
20180705120800,328125.0,328149.9703526497
20180705120900,328125.0,328140.2490735054
20180705121000,328000.0,328083.82683992386
20180705121100,327625.0,328017.698764801
20180705121200,327750.0,327763.0687355995
20180705121300,327625.0,327660.07566452026
20180705121400,327625.0,327650.39187669754
20180705121500,327625.0,327594.062268734
20180705121600,327500.0,327594.062268734
20180705121700,327750.0,327528.0731320381
20180705121800,327625.0,327603.741645813
20180705121900,327500.0,327650.39187669754
20180705122000,327625.0,327528.0731320381
20180705122100,327625.0,327537.7480983734
20180705122200,327750.0,327594.062268734
20180705122300,327500.0,327660.07566452026
20180705122400,327625.0,327584.3850970268
20180705122500,327625.0,327537.7480983734
20180705122600,327750.0,327594.062268734
20180705122700,327625.0,327660.07566452026
20180705122800,327500.0,327650.39187669754
20180705122900,327625.0,327528.0731320381
20180705123000,327500.0,327537.7480983734
20180705123100,327625.0,327528.0731320381
20180705123200,327250.0,327537.7480983734
20180705123300,327125.0,327396.1499929428
20180705123400,327250.0,327161.48298978806
20180705123500,327000.00000000006,327171.1292862892
20180705123600,327125.0,327095.61735391617
20180705123700,327125.0,327049.0443110466
20180705123800,327125.0,327105.2592396736
20180705123900,327250.0,327105.2592396736
20180705124000,327250.0,327171.1292862892
20180705124100,327125.0,327227.3706793785
20180705124200,327250.0,327161.48298978806
20180705124300,327250.0,327171.1292862892
20180705124400,327250.0,327227.3706793785
20180705124500,327625.0,327227.3706793785
20180705124600,327500.0,327425.14181137085
20180705124700,327625.0,327528.0731320381
20180705124800,327625.0,327537.7480983734
20180705124900,327625.0,327594.062268734
20180705125000,327500.0,327594.062268734
20180705125100,327750.0,327528.0731320381
20180705125200,327625.0,327603.741645813
20180705125300,327500.0,327650.39187669754
20180705125400,327625.0,327528.0731320381
20180705125500,327500.0,327537.7480983734
20180705125600,327125.0,327528.0731320381
20180705125700,327250.0,327273.96136522293
20180705125800,327125.0,327171.1292862892
20180705125900,327000.00000000006,327161.48298978806
20180705130000,327125.0,327039.4090414047
20180705130100,327000.00000000006,327049.0443110466
20180705130200,327125.0,327039.4090414047
20180705130300,327125.0,327049.0443110466
20180705130400,327250.0,327105.2592396736
20180705130500,327000.00000000006,327171.1292862892
20180705130600,327250.0,327095.61735391617
20180705130700,327250.0,327114.89671468735
20180705130800,327000.00000000006,327227.3706793785
20180705130900,327000.00000000006,327095.61735391617
20180705131000,327125.0,326983.21175575256
20180705131100,327125.0,327049.0443110466
20180705131200,326750.0,327105.2592396736
20180705131300,326750.0,326907.7659845352
20180705131400,326624.99999999994,326739.2976284027
20180705131500,326875.0,326673.55328798294
20180705131600,327000.00000000006,326748.90863895416
20180705131700,327125.0,326927.021086216
20180705131800,327250.0,327049.0443110466
20180705131900,327625.0,327171.1292862892
20180705132000,327875.0,327425.14181137085
20180705132100,328000.0,327726.10449790955
20180705132200,328125.0,327904.90502119064
20180705132300,328250.0,328027.409017086
20180705132400,328000.0,328149.9703526497
20180705132500,328000.0,328074.1099715233
20180705132600,327750.0,327961.29858493805
20180705132700,327500.0,327829.1284441948
20180705132800,327000.00000000006,327584.3850970268
20180705132900,327125.0,327208.0626487732
20180705133000,327250.0,327049.0443110466
20180705133100,327000.00000000006,327171.1292862892
20180705133200,327125.0,327095.61735391617
20180705133300,327000.00000000006,327049.0443110466
20180705133400,327125.0,327039.4090414047
20180705133500,327250.0,327049.0443110466
20180705133600,327125.0,327171.1292862892
20180705133700,327250.0,327161.48298978806
20180705133800,327125.0,327171.1292862892
20180705133900,327250.0,327161.48298978806
20180705134000,327125.0,327171.1292862892
20180705134100,327250.0,327161.48298978806
20180705134200,327125.0,327171.1292862892
20180705134300,328000.0,327161.48298978806
20180705134400,327875.0,327566.746532917
20180705134500,327875.0,327895.20359039307
20180705134600,328125.0,327838.8276696205
20180705134700,328125.0,327971.0000157356
20180705134800,328125.0,328083.82683992386
20180705134900,328125.0,328083.82683992386
20180705135000,328125.0,328083.82683992386
20180705135100,327875.0,328083.82683992386
20180705135200,327500.0,327951.58833265305
20180705135300,327250.0,327640.70588350296
20180705135400,327000.00000000006,327339.8777246475
20180705135500,327125.0,327095.61735391617
20180705135600,327250.0,327049.0443110466
20180705135700,327125.0,327171.1292862892
20180705135800,327125.0,327161.48298978806
20180705135900,327250.0,327105.2592396736
20180705140000,326875.0,327171.1292862892
20180705140100,326875.0,327029.76936101913
20180705140200,326750.0,326861.2216114998
20180705140300,326750.0,326795.44419050217
20180705140400,326750.0,326739.2976284027
20180705140500,326875.0,326739.2976284027
20180705140600,326624.99999999994,326805.0618171692
20180705140700,326750.0,326729.6844124794
20180705140800,326624.99999999994,326683.1642985344
20180705140900,326750.0,326673.55328798294
20180705141000,326624.99999999994,326683.1642985344
20180705141100,326624.99999999994,326673.55328798294
20180705141200,326750.0,326617.4353957176
20180705141300,326624.99999999994,326683.1642985344
20180705141400,326624.99999999994,326673.55328798294
20180705141500,326624.99999999994,326617.4353957176
20180705141600,326750.0,326617.4353957176
20180705141700,326750.0,326683.1642985344
20180705141800,326624.99999999994,326739.2976284027
20180705141900,326750.0,326673.55328798294
20180705142000,326249.99999999994,326683.1642985344
20180705142100,326750.0,326476.4393568039
20180705142200,327250.0,326514.81503248215
20180705142300,327875.0,327002.4668574333
20180705142400,327750.0,327557.082593441
20180705142500,328000.0,327772.76796102524
20180705142600,327500.0,327848.5224843025
20180705142700,327625.0,327697.0354914665
20180705142800,327625.0,327537.7480983734
20180705142900,327625.0,327594.062268734
20180705143000,327625.0,327594.062268734
20180705143100,327625.0,327594.062268734
20180705143200,327625.0,327594.062268734
20180705143300,327750.0,327594.062268734
20180705143400,327375.00000000006,327660.07566452026
20180705143500,327250.0,327518.39596033096
20180705143600,327125.0,327283.62089395523
20180705143700,327125.0,327161.48298978806
20180705143800,327125.0,327105.2592396736
20180705143900,327375.00000000006,327105.2592396736
20180705144000,327625.0,327237.01697587967
20180705144100,327375.00000000006,327481.43833875656
20180705144200,327125.0,327462.10384368896
20180705144300,327125.0,327217.71997213364
20180705144400,327125.0,327105.2592396736
20180705144500,327625.0,327105.2592396736
20180705144600,327750.0,327368.85410547256
20180705144700,328125.0,327660.07566452026
20180705144800,328375.0,327914.59983587265
20180705144900,328750.0,328216.1337137222
20180705145000,328000.0,328527.7461409569
20180705145100,328375.0,328299.8386025429
20180705145200,328625.0,328159.68722105026
20180705145300,328625.0,328461.50118112564
20180705145400,328875.0,328574.51766729355
20180705145500,329125.0,328707.0913910866
20180705145600,328625.0,328952.90875434875
20180705145700,328750.0,328800.6564974785
20180705145800,328625.0,328640.7935023308
20180705145900,328750.0,328631.03914260864
20180705150000,328625.0,328640.7935023308
20180705150100,328375.0,328631.03914260864
20180705150200,328875.0,328442.0167207718
20180705150300,328500.0,328594.0131545067
20180705150400,328750.0,328621.2803721428
20180705150500,328875.0,328584.2654109001
20180705150600,328750.0,328763.64374160767
20180705150700,329125.0,328753.8761496544
20180705150800,329375.0,328896.32111787796
20180705150900,329000.0,329198.94886016846
20180705151000,329125.0,329112.932741642
20180705151100,329375.0,329009.505212307
20180705151200,329375.0,329198.94886016846
20180705151300,329250.0,329312.24542856216
20180705151400,329250.0,329245.79095840454
20180705151500,329125.0,329189.1548037529
20180705151600,329375.0,329122.7290034294
20180705151700,329250.0,329198.94886016846
20180705151800,329250.0,329245.79095840454
20180705151900,329125.0,329189.1548037529
20180705153000,330500.0,329122.7290034294
20180705153500,330500.0,329797.5375056267
20180706090000,329625.0,330422.4781394005
20180706090100,329000.0,329955.6935429573
20180706090200,329500.0,329226.178586483
20180706090300,330000.0,329208.7385058403
20180706090400,330000.0,329701.5023827553
20180706090500,330000.0,329928.51454019547
20180706090600,330000.0,329928.51454019547
20180706090700,330000.0,329928.51454019547
20180706090800,330500.0,329928.51454019547
20180706090900,331500.0,330195.12194395065
20180706091000,332625.0,330956.9014906883
20180706091100,332375.0,332016.16805791855
20180706091200,332375.0,332396.17788791656
20180706091300,332500.0,332281.87346458435
20180706091400,332750.0,332349.04247522354
20180706091500,332500.0,332540.61871767044
20180706091600,332500.0,332520.5476284027
20180706091700,332500.0,332406.2079191208
20180706091800,332750.0,332406.2079191208
20180706091900,332875.0,332540.61871767044
20180706092000,332750.0,332722.25534915924
20180706092100,332500.0,332712.209880352
20180706092200,332500.0,332520.5476284027
20180706092300,332625.0,332406.2079191208
20180706092400,332500.0,332473.40339422226
20180706092500,332875.0,332463.37336301804
20180706092600,332500.0,332607.84286260605
20180706092700,332500.0,332577.7263045311
20180706092800,332500.0,332406.2079191208
20180706092900,332750.0,332406.2079191208
20180706093000,332875.0,332540.61871767044
20180706093100,333500.0,332722.25534915924
20180706093200,334500.0,333115.99361896515
20180706093300,335125.0,333942.0443177223
20180706093400,335250.0,334739.44503068924
20180706093500,334875.0,335094.62237358093
20180706093600,334875.0,334949.0171074867
20180706093700,334500.0,334776.5790820122
20180706093800,334375.0,334573.65840673447
20180706093900,335000.0,334333.76467227936
20180706094000,335125.0,334614.32987451553
20180706094100,335750.0,334969.4167971611
20180706094200,336000.0,335365.5743598938
20180706094300,335625.0,335789.0410423279
20180706094400,335125.0,335700.72251558304
20180706094500,334750.0,335256.95979595184
20180706094600,335375.0,334823.8622546196
20180706094700,335250.0,334989.7900223732
20180706094800,335499.99999999994,335209.6611857414
20180706094900,335375.0,335287.6144647598
20180706095000,335625.0,335334.9351286888
20180706095100,335000.0,335412.9192829132
20180706095200,335000.0,335189.22621011734
20180706095300,334500.0,334901.7295241356
20180706095400,334250.0,334631.0995221138
20180706095500,334750.0,334266.19428396225
20180706095600,335000.0,334421.65315151215
20180706095700,335125.0,334786.75907850266
20180706095800,334750.0,334969.4167971611
20180706095900,334750.0,334823.8622546196
20180706100000,334750.0,334651.46392583847
20180706100100,335000.0,334651.46392583847
20180706100200,335125.0,334786.75907850266
20180706100300,335250.0,334969.4167971611
20180706100400,335250.0,335094.62237358093
20180706100500,335250.0,335152.1428823471
20180706100600,335375.0,335152.1428823471
20180706100700,335250.0,335219.8720574379
20180706100800,335250.0,335209.6611857414
20180706100900,335375.0,335152.1428823471
20180706101000,335375.0,335219.8720574379
20180706101100,335250.0,335277.4013876915
20180706101200,335250.0,335209.6611857414
20180706101300,335250.0,335152.1428823471
20180706101400,335375.0,335152.1428823471
20180706101500,335250.0,335219.8720574379
20180706101600,335250.0,335209.6611857414
20180706101700,335000.0,335152.1428823471
20180706101800,334875.0,335016.71320199966
20180706101900,335750.0,334834.05327796936
20180706102000,335750.0,335250.4737973213
20180706102100,335750.0,335653.3952355385
20180706102200,336000.0,335653.3952355385
20180706102300,336250.00000000006,335789.0410423279
20180706102400,336250.00000000006,336039.9594306946
20180706102500,336375.0,336155.20334243774
20180706102600,336375.0,336223.10012578964
20180706102700,336250.00000000006,336280.73531389236
20180706102800,336250.00000000006,336212.82309293747
20180706102900,336250.00000000006,336155.20334243774
20180706103000,336375.0,336155.20334243774
20180706103100,336375.0,336223.10012578964
20180706103200,336375.0,336280.73531389236
20180706103300,336250.00000000006,336280.73531389236
20180706103400,336375.0,336212.82309293747
20180706103500,336500.0,336223.10012578964
20180706103600,336750.0,336348.65415096283
20180706103700,336750.0,336542.1931743622
20180706103800,336750.0,336657.5319170952
20180706103900,336750.0,336657.5319170952
20180706104000,336625.00000000006,336657.5319170952
20180706104100,337250.0,336589.562356472
20180706104200,337250.0,336871.80584669113
20180706104300,337250.0,337160.3611111641
20180706104400,337250.0,337160.3611111641
20180706104500,337375.0,337160.3611111641
20180706104600,337125.0,337228.41888666153
20180706104700,337125.0,337150.02673864365
20180706104800,337250.0,337034.60639715195
20180706104900,336875.0,337102.64652967453
20180706105000,336375.0,336956.2539458275
20180706105100,336625.00000000006,336511.3003253937
20180706105200,336875.0,336416.5884256363
20180706105300,336875.0,336667.8310036659
20180706105400,336750.0,336783.19400548935
20180706105500,336750.0,336715.20459651947
20180706105600,336750.0,336657.5319170952
20180706105700,337250.0,336657.5319170952
20180706105800,337375.0,336929.5138120651
20180706105900,337250.0,337228.41888666153
20180706110000,337250.0,337218.08010339737
20180706110100,336625.00000000006,337160.3611111641
20180706110200,336750.0,336820.2354311943
20180706110300,336750.0,336599.86144304276
20180706110400,336750.0,336657.5319170952
20180706110500,336750.0,336657.5319170952
20180706110600,336625.00000000006,336657.5319170952
20180706110700,336625.00000000006,336589.562356472
20180706110800,336750.0,336531.900703907
20180706110900,336375.0,336599.86144304276
20180706111000,336625.00000000006,336453.6541104317
20180706111100,337250.0,336416.5884256363
20180706111200,337375.0,336871.80584669113
20180706111300,337250.0,337228.41888666153
20180706111400,337250.0,337218.08010339737
20180706111500,337125.0,337160.3611111641
20180706111600,336750.0,337092.3165678978
20180706111700,336875.0,336830.55877685547
20180706111800,336750.0,336725.5102992058
20180706111900,337250.0,336715.20459651947
20180706112000,337375.0,336929.5138120651
20180706112100,337375.0,337228.41888666153
20180706112200,337250.0,337286.1422896385
20180706112300,337125.0,337218.08010339737
20180706112400,337375.0,337092.3165678978
20180706112500,337250.0,337170.6910729408
20180706112600,337000.0,337218.08010339737
20180706112700,337375.0,337024.2830514908
20180706112800,337375.0,337112.96766996384
20180706112900,337250.0,337286.1422896385
20180706113000,337375.0,337218.08010339737
20180706113100,337375.0,337228.41888666153
20180706113200,337250.0,337286.1422896385
20180706113300,337250.0,337218.08010339737
20180706113400,337375.0,337160.3611111641
20180706113500,337250.0,337228.41888666153
20180706113600,337500.0,337218.08010339737
20180706113700,337875.0,337296.4854836464
20180706113800,337875.0,337616.26440286636
20180706113900,337750.0,337789.57134485245
20180706114000,337875.0,337721.43417596817
20180706114100,337750.0,337731.80162906647
20180706114200,337750.0,337721.43417596817
20180706114300,337750.0,337663.67107629776
20180706114400,337875.0,337663.67107629776
20180706114500,338250.0,337731.80162906647
20180706114600,338250.0,337994.04019117355
20180706114700,338375.0,338167.4309372902
20180706114800,338250.0,338235.6276512146
20180706114900,338250.0,338225.2293229103
20180706115000,338125.0,338167.4309372902
20180706115100,338500.0,338099.24083948135
20180706115200,338125.0,338246.0215687752
20180706115300,338125.0,338214.8265838623
20180706115400,338125.0,338041.44686460495
20180706115500,337875.0,338041.44686460495
20180706115600,338000.0,337905.1151871681
20180706115700,338375.0,337857.71733522415
20180706115800,338875.0,338120.01544237137
20180706115900,338750.0,338566.35624170303
20180706120000,338500.0,338729.45231199265
20180706120100,338375.0,338535.11494398117
20180706120200,338250.0,338351.2508869171
20180706120300,338000.0,338225.2293229103
20180706120400,337875.0,338031.05956315994
20180706120500,337750.0,337847.3410606384
20180706120600,337875.0,337721.43417596817
20180706120700,337750.0,337731.80162906647
20180706120800,338000.0,337721.43417596817
20180706120900,337750.0,337799.93438720703
20180706121000,337875.0,337779.19286489487
20180706121100,337750.0,337731.80162906647
20180706121200,337875.0,337721.43417596817
20180706121300,338125.0,337731.80162906647
20180706121400,337750.0,337925.8721470833
20180706121500,337750.0,337836.960375309
20180706121600,337750.0,337663.67107629776
20180706121700,337625.0,337663.67107629776
20180706121800,337625.0,337595.55155038834
20180706121900,337625.0,337537.7994775772
20180706122000,337875.0,337537.7994775772
20180706122100,337625.0,337674.02970790863
20180706122200,337625.0,337653.3058285713
20180706122300,337625.0,337537.7994775772
20180706122400,337875.0,337537.7994775772
20180706122500,337875.0,337674.02970790863
20180706122600,337750.0,337789.57134485245
20180706122700,337500.0,337721.43417596817
20180706122800,338375.0,337527.4430513382
20180706122900,338125.0,337888.8064622879
20180706123000,338375.0,338157.03040361404
20180706123100,338250.0,338177.8182387352
20180706123200,338125.0,338225.2293229103
20180706123300,338125.0,338099.24083948135
20180706123400,338250.0,338041.44686460495
20180706123500,338375.0,338109.62814092636
20180706123600,338375.0,338235.6276512146
20180706123700,338250.0,338293.437063694
20180706123800,338250.0,338225.2293229103
20180706123900,338375.0,338167.4309372902
20180706124000,338500.0,338235.6276512146
20180706124100,338875.0,338361.6536259651
20180706124200,338875.0,338624.1943240166
20180706124300,338875.0,338797.73062467575
20180706124400,338875.0,338797.73062467575
20180706124500,338875.0,338797.73062467575
20180706124600,338875.0,338797.73062467575
20180706124700,339125.0,338797.73062467575
20180706124800,339250.0,338934.2960715294
20180706124900,339250.0,339118.3343529701
20180706125000,339375.0,339176.20331048965
20180706125100,339375.0,339244.5345520973
20180706125200,339375.0,339302.40792036057
20180706125300,339375.0,339302.40792036057
20180706125400,339250.0,339302.40792036057
20180706125500,339250.0,339234.0766787529
20180706125600,339375.0,339176.20331048965
20180706125700,339250.0,339244.5345520973
20180706125800,339375.0,339234.0766787529
20180706125900,339125.0,339244.5345520973
20180706130000,339250.0,339165.74543714523
20180706130100,339375.0,339118.3343529701
20180706130200,339125.0,339244.5345520973
20180706130300,339125.0,339165.74543714523
20180706130400,339000.0,339050.02295970917
20180706130500,338750.0,338981.7159771919
20180706130600,338750.0,338787.2948050499
20180706130700,338875.0,338671.6142296791
20180706130800,339125.0,338739.88151550293
20180706130900,338875.0,338934.2960715294
20180706131000,339000.0,338913.4178161621
20180706131100,339250.0,338866.00893735886
20180706131200,339250.0,339060.4609847069
20180706131300,339375.0,339176.20331048965
20180706131400,339125.0,339244.5345520973
20180706131500,339125.0,339165.74543714523
20180706131600,339250.0,339050.02295970917
20180706131700,338750.0,339118.3343529701
20180706131800,338750.0,338902.970969677
20180706131900,338625.0,338671.6142296791
20180706132000,338625.0,338603.35797071457
20180706132100,338750.0,338545.52870988846
20180706132200,338750.0,338613.7805581093
20180706132300,338875.0,338671.6142296791
20180706132400,338750.0,338739.88151550293
20180706132500,338750.0,338729.45231199265
20180706132600,338750.0,338671.6142296791
20180706132700,339250.0,338671.6142296791
20180706132800,339250.0,338944.72748041153
20180706132900,339250.0,339176.20331048965
20180706133000,339500.0,339176.20331048965
20180706133100,339750.0,339312.8702044487
20180706133200,339625.0,339565.3676390648
20180706133300,339875.0,339612.79195547104
20180706133400,339625.0,339691.65164232254
20180706133500,339875.0,339670.685172081
20180706133600,339750.0,339691.65164232254
20180706133700,339750.0,339739.07375335693
20180706133800,339750.0,339681.17171525955
20180706133900,339750.0,339681.17171525955
20180706134000,339875.0,339681.17171525955
20180706134100,339500.0,339749.5558857918
20180706134200,339000.0,339602.3032069206
20180706134300,338750.0,339155.2831530571
20180706134400,338875.0,338787.2948050499
20180706134500,338875.0,338739.88151550293
20180706134600,339250.0,338797.73062467575
20180706134700,339375.0,339002.5942325592
20180706134800,339250.0,339244.5345520973
20180706134900,339375.0,339234.0766787529
20180706135000,339000.0,339244.5345520973
20180706135100,339125.0,339097.4274277687
20180706135200,339750.0,338992.1562075615
20180706135300,339625.0,339391.66593551636
20180706135400,339625.0,339612.79195547104
20180706135500,339875.0,339554.8965334892
20180706135600,339625.0,339691.65164232254
20180706135700,339875.0,339670.685172081
20180706135800,339875.0,339691.65164232254
20180706135900,339625.0,339807.46454000473
20180706140000,339375.0,339670.685172081
20180706140100,340000.0,339418.1722998619
20180706140200,340000.0,339644.2052721977
20180706140300,339500.0,339933.7838292122
20180706140400,339750.0,339660.1942181587
20180706140500,340124.99999999994,339565.3676390648
20180706140600,340375.0,339886.3573074341
20180706140700,340124.99999999994,340196.99716567993
20180706140800,340250.0,340175.97115039825
20180706140900,340375.0,340128.56006622314
20180706141000,340250.0,340254.9300789833
20180706141100,340375.0,340244.4192767143
20180706141200,340124.99999999994,340254.9300789833
20180706141300,340375.0,340175.97115039825
20180706141400,340375.0,340196.99716567993
20180706141500,340124.99999999994,340312.8718137741
20180706141600,340375.0,340175.97115039825
20180706141700,340250.0,340196.99716567993
20180706141800,340124.99999999994,340244.4192767143
20180706141900,340000.0,340118.051469326
20180706142000,339750.0,339991.7035102844
20180706142100,340124.99999999994,339796.9757914543
20180706142200,340250.0,339886.3573074341
20180706142300,340000.0,340128.56006622314
20180706142400,340000.0,340049.61878061295
20180706142500,340000.0,339933.7838292122
20180706142600,340375.0,339933.7838292122
20180706142700,340250.0,340139.05984163284
20180706142800,340124.99999999994,340244.4192767143
20180706142900,340250.0,340118.051469326
20180706143000,340250.0,340128.56006622314
20180706143100,340625.0,340186.4885687828
20180706143200,340625.0,340391.848385334
20180706143300,340250.0,340565.695643425
20180706143400,340375.0,340360.28069257736
20180706143500,340375.0,340254.9300789833
20180706143600,340375.0,340312.8718137741
20180706143700,340250.0,340312.8718137741
20180706143800,340375.0,340244.4192767143
20180706143900,340375.0,340254.9300789833
20180706144000,340000.0,340312.8718137741
20180706144100,339875.0,340107.54066705704
20180706144200,339750.0,339865.3776049614
20180706144300,339750.0,339739.07375335693
20180706144400,339625.0,339681.17171525955
20180706144500,340000.0,339612.79195547104
20180706144600,339625.0,339760.0402235985
20180706144700,339750.0,339728.58279943466
20180706144800,339625.0,339623.26967716217
20180706144900,339250.0,339612.79195547104
20180706145000,339250.0,339349.82120990753
20180706145100,339500.0,339176.20331048965
20180706145200,339625.0,339312.8702044487
20180706145300,340124.99999999994,339497.0011115074
20180706145400,340000.0,339828.43321561813
20180706145500,340375.0,339991.7035102844
20180706145600,340124.99999999994,340139.05984163284
20180706145700,340124.99999999994,340175.97115039825
20180706145800,340124.99999999994,340060.1251721382
20180706145900,339625.0,340060.1251721382
20180706150000,340124.99999999994,339786.47381067276
20180706150100,340250.0,339828.43321561813
20180706150200,340625.0,340128.56006622314
20180706150300,340750.0,340391.848385334
20180706150400,340625.0,340634.1812610626
20180706150500,340750.0,340623.6461997032
20180706150600,340875.00000000006,340634.1812610626
20180706150700,341000.0,340760.6328725815
20180706150800,341125.0,340887.10874319077
20180706150900,341250.00000000006,341013.60005140305
20180706151000,341375.0,341140.1090025902
20180706151100,340750.0,341266.63559675217
20180706151200,340250.0,340981.9088578224
20180706151300,340625.0,340418.209195137
20180706151400,340625.0,340391.848385334
20180706151500,340250.0,340565.695643425
20180706151600,340000.0,340360.28069257736
20180706151700,339875.0,340049.61878061295
20180706151800,340000.0,339865.3776049614
20180706151900,339625.0,339875.8707642555
20180706153000,339500.0,339728.58279943466
20180706153500,339500.0,339486.53000593185
20180709090000,339000.0,339428.6412000656
20180709090100,339000.0,339155.2831530571
20180709090200,339250.0,338923.86025190353
20180709090300,338875.0,339060.4609847069
20180709090400,338250.0,338971.27133607864
20180709090500,338500.0,338456.44491910934
20180709090600,339250.0,338303.83759737015
20180709090700,339750.0,338828.9939761162
20180709090800,341000.0,339449.56356287
20180709090900,341750.0,340365.3773069382
20180709091000,341750.0,341356.31263256073
20180709091100,341500.0,341704.3203115463
20180709091200,341000.0,341567.1439766884
20180709091400,340750.0,341176.9387125969
20180709091500,341000.0,340808.04616212845
20180709091600,341500.0,340829.1405439377
20180709091700,341500.0,341219.2068696022
20180709091800,341500.0,341451.1678814888
20180709091900,341500.0,341451.1678814888
20180709092000,341500.0,341451.1678814888
20180709092100,341125.0,341451.1678814888
20180709092300,341250.00000000006,341245.4860806465
20180709092400,341250.00000000006,341140.1090025902
20180709092500,341125.0,341198.08822870255
20180709092600,341250.00000000006,341129.5474767685
20180709092700,341500.0,341140.1090025902
20180709092800,340499.99999999994,341335.1873755455
20180709092900,340625.0,340902.8065800667
20180709093000,340750.0,340507.74508714676
20180709093100,340625.0,340634.1812610626
20180709093200,340625.0,340623.6461997032
20180709093300,340499.99999999994,340565.695643425
20180709093400,340375.0,340497.2166419029
20180709093500,339375.0,340370.80693244934
20180709093600,339500.0,339765.4566168785
20180709093700,339500.0,339370.7568049431
20180709093800,339750.0,339428.6412000656
20180709094000,339875.0,339565.3676390648
20180709094100,339750.0,339749.5558857918
20180709094200,339750.0,339739.07375335693
20180709094300,339250.0,339681.17171525955
20180709094400,339000.0,339407.6923727989
20180709094500,339125.0,339039.5717024803
20180709094600,339000.0,338992.1562075615
20180709094700,338750.0,338981.7159771919
20180709094800,339000.0,338787.2948050499
20180709094900,338750.0,338808.1576228142
20180709095000,338875.0,338787.2948050499
20180709095100,338375.0,338739.88151550293
20180709095300,338500.0,338524.68794584274
20180709095400,338250.0,338361.6536259651
20180709095500,338250.0,338283.03653001785
20180709095600,338250.0,338167.4309372902
20180709095700,338500.0,338167.4309372902
20180709095800,338125.0,338303.83759737015
20180709095900,338000.0,338214.8265838623
20180709100000,338125.0,337973.2766151428
20180709100200,338000.0,337983.661711216
20180709100400,338500.0,337973.2766151428
20180709100500,338500.0,338188.2055401802
20180709100600,338500.0,338419.4696545601
20180709100700,339000.0,338419.4696545601
20180709100900,338875.0,338692.4549937248
20180709101100,338500.0,338855.573117733
20180709101200,338000.0,338592.93538331985
20180709101300,338250.0,338146.6298699379
20180709101400,338500.0,338051.83416604996
20180709101500,338500.0,338303.83759737015
20180709101600,338625.0,338419.4696545601
20180709101700,338625.0,338487.70385980606
20180709101800,339000.0,338545.52870988846
20180709101900,339000.0,338750.3063082695
20180709102000,338875.0,338923.86025190353
20180709102100,339000.0,338855.573117733
20180709102200,339000.0,338866.00893735886
20180709102300,339125.0,338923.86025190353
20180709102400,339250.0,338992.1562075615
20180709102500,339500.0,339118.3343529701
20180709102600,339375.0,339312.8702044487
20180709102700,339250.0,339360.2879047394
20180709102800,339500.0,339234.0766787529
20180709102900,339250.0,339312.8702044487
20180709103000,339500.0,339291.95004701614
20180709103100,339625.0,339312.8702044487
20180709103200,339500.0,339497.0011115074
20180709103300,339750.0,339486.53000593185
20180709103400,339500.0,339565.3676390648
20180709103500,339625.0,339544.4188117981
20180709103600,340000.0,339497.0011115074
20180709103700,339500.0,339760.0402235985
20180709103800,339625.0,339660.1942181587
20180709103900,339500.0,339497.0011115074
20180709104000,339500.0,339486.53000593185
20180709104100,339625.0,339428.6412000656
20180709104200,339625.0,339497.0011115074
20180709104300,339625.0,339554.8965334892
20180709104400,339500.0,339554.8965334892
20180709104500,339625.0,339486.53000593185
20180709104600,339875.0,339497.0011115074
20180709104700,340250.0,339691.65164232254
20180709104800,340000.0,340012.6986503601
20180709104900,340250.0,340049.61878061295
20180709105000,340000.0,340070.6293582916
20180709105100,340000.0,340049.61878061295
20180709105200,340124.99999999994,339933.7838292122
20180709105300,340000.0,340002.2032856941
20180709105400,340000.0,339991.7035102844
20180709105500,340124.99999999994,339933.7838292122
20180709105600,340000.0,340002.2032856941
20180709105700,340124.99999999994,339991.7035102844
20180709105800,340000.0,340002.2032856941
20180709105900,340124.99999999994,339991.7035102844
20180709110000,340250.0,340002.2032856941
20180709110100,340250.0,340128.56006622314
20180709110200,340000.0,340186.4885687828
20180709110300,340250.0,340049.61878061295
20180709110400,340124.99999999994,340070.6293582916
20180709110500,340499.99999999994,340118.051469326
20180709110600,340750.0,340265.4408812523
20180709110700,340250.0,340576.2240886688
20180709110800,340124.99999999994,340418.209195137
20180709110900,340250.0,340118.051469326
20180709111000,340000.0,340128.56006622314
20180709111100,339875.0,340049.61878061295
20180709111200,339750.0,339865.3776049614
20180709111300,339750.0,339739.07375335693
20180709111400,339750.0,339681.17171525955
20180709111500,339500.0,339681.17171525955
20180709111600,339500.0,339544.4188117981
20180709111700,339625.0,339428.6412000656
20180709111800,339500.0,339497.0011115074
20180709111900,339500.0,339486.53000593185
20180709112000,339625.0,339428.6412000656
20180709112100,339500.0,339497.0011115074
20180709112200,339750.0,339486.53000593185
20180709112300,339500.0,339565.3676390648
20180709112400,338750.0,339544.4188117981
20180709112500,338125.0,339018.6559557915
20180709112600,338375.0,338330.41673898697
20180709112700,338250.0,338177.8182387352
20180709112800,338875.0,338225.2293229103
20180709112900,339125.0,338508.5137486458
20180709113000,339250.0,338934.2960715294
20180709113100,339000.0,339118.3343529701
20180709113200,339250.0,339039.5717024803
20180709113300,338750.0,339060.4609847069
20180709113400,338625.0,338902.970969677
20180709113500,338750.0,338603.35797071457
20180709113600,338500.0,338613.7805581093
20180709113700,337875.0,338535.11494398117
20180709113800,337750.0,338078.4441828728
20180709113900,337750.0,337721.43417596817
20180709114000,337750.0,337663.67107629776
20180709114100,338000.0,337663.67107629776
20180709114200,337750.0,337799.93438720703
20180709114300,337750.0,337779.19286489487
20180709114400,337625.0,337663.67107629776
20180709114500,337750.0,337595.55155038834
20180709114600,337500.0,337605.91238737106
20180709114700,337250.0,337527.4430513382
20180709114800,337375.0,337275.80350637436
20180709114900,337125.0,337228.41888666153
20180709115000,337125.0,337150.02673864365
20180709115100,337250.0,337034.60639715195
20180709115200,336625.00000000006,337102.64652967453
20180709115300,336750.0,336820.2354311943
20180709115400,336750.0,336599.86144304276
20180709115500,336750.0,336657.5319170952
20180709115600,337125.0,336657.5319170952
20180709115700,336875.0,336861.5001440048
20180709115800,336750.0,336898.56362342834
20180709115900,336750.0,336715.20459651947
20180709120000,336875.0,336657.5319170952
20180709120100,336750.0,336725.5102992058
20180709120200,336625.00000000006,336715.20459651947
20180709120300,336625.00000000006,336589.562356472
20180709120400,336375.0,336531.900703907
20180709120500,336375.0,336396.0123062134
20180709120600,336250.00000000006,336280.73531389236
20180709120700,336250.00000000006,336212.82309293747
20180709120800,336250.00000000006,336155.20334243774
20180709120900,336375.0,336155.20334243774
20180709121000,336375.0,336223.10012578964
20180709121100,336625.00000000006,336280.73531389236
20180709121200,336875.0,336416.5884256363
20180709121300,337125.0,336667.8310036659
20180709121400,337250.0,336919.1992878914
20180709121500,337125.0,337102.64652967453
20180709121600,336750.0,337092.3165678978
20180709121700,336625.00000000006,336830.55877685547
20180709121800,336750.0,336589.562356472
20180709121900,336500.0,336599.86144304276
20180709122000,336875.0,336521.6016173363
20180709122100,336750.0,336610.15170812607
20180709122200,337125.0,336715.20459651947
20180709122300,337250.0,336861.5001440048
20180709122400,337250.0,337102.64652967453
20180709122500,336875.0,337160.3611111641
20180709122600,336875.0,336956.2539458275
20180709122700,336750.0,336783.19400548935
20180709122800,337000.0,336715.20459651947
20180709122900,337250.0,336793.49970817566
20180709123000,337250.0,337044.93194818497
20180709123100,338000.0,337160.3611111641
20180709123200,338250.0,337568.84229183197
20180709123300,337625.0,338051.83416604996
20180709123400,337875.0,337826.57527923584
20180709123500,337500.0,337674.02970790863
20180709123600,337000.0,337585.1863026619
20180709123700,337625.0,337139.6835446358
20180709123800,338125.0,337249.078810215
20180709123900,338125.0,337810.3018403053
20180709124000,338375.0,338041.44686460495
20180709124100,338125.0,338177.8182387352
20180709124200,338375.0,338157.03040361404
20180709124300,338125.0,338177.8182387352
20180709124400,338375.0,338157.03040361404
20180709124500,337750.0,338177.8182387352
20180709124600,337375.0,337952.49539613724
20180709124700,337125.0,337459.3411684036
20180709124800,337375.0,337150.02673864365
20180709124900,337375.0,337170.6910729408
20180709125000,337250.0,337286.1422896385
20180709125100,336625.00000000006,337218.08010339737
20180709125200,336750.0,336820.2354311943
20180709125300,336750.0,336599.86144304276
20180709125400,336625.00000000006,336657.5319170952
20180709125500,336875.0,336589.562356472
20180709125600,336750.0,336667.8310036659
20180709125700,336750.0,336715.20459651947
20180709125800,336750.0,336657.5319170952
20180709125900,336625.00000000006,336657.5319170952
20180709130000,337000.0,336589.562356472
20180709130100,338250.0,336735.8115911484
20180709130200,337750.0,337589.508831501
20180709130300,337750.0,337894.72568035126
20180709130400,337500.0,337663.67107629776
20180709130500,337250.0,337527.4430513382
20180709130600,337250.0,337275.80350637436
20180709130700,337125.0,337160.3611111641
20180709130800,337000.0,337092.3165678978
20180709130900,336750.0,336966.5794968605
20180709131000,336750.0,336772.8794813156
20180709131100,337000.0,336657.5319170952
20180709131200,337250.0,336793.49970817566
20180709131300,337250.0,337044.93194818497
20180709131400,336750.0,337160.3611111641
20180709131500,337250.0,336888.23586702347
20180709131600,337000.0,336929.5138120651
20180709131700,336750.0,337024.2830514908
20180709131800,336625.00000000006,336772.8794813156
20180709131900,336750.0,336589.562356472
20180709132000,336750.0,336599.86144304276
20180709132100,336750.0,336657.5319170952
20180709132200,337125.0,336657.5319170952
20180709132300,337375.0,336861.5001440048
20180709132400,337250.0,337170.6910729408
20180709132500,337500.0,337218.08010339737
20180709132600,337375.0,337296.4854836464
20180709132700,337250.0,337343.87451410294
20180709132800,337500.0,337218.08010339737
20180709132900,337750.0,337296.4854836464
20180709133000,337625.0,337548.15369844437
20180709133100,337125.0,337595.55155038834
20180709133200,336625.00000000006,337265.45149087906
20180709133300,336750.0,336762.56054639816
20180709133400,336750.0,336599.86144304276
20180709133500,336875.0,336657.5319170952
20180709133600,336875.0,336725.5102992058
20180709133700,336875.0,336783.19400548935
20180709133800,337250.0,336783.19400548935
20180709133900,337625.0,336987.2173666954
20180709134000,337375.0,337364.5609021187
20180709134100,337250.0,337401.60673856735
20180709134200,337375.0,337218.08010339737
20180709134300,336875.0,337228.41888666153
20180709134400,336750.0,337013.9442682266
20180709134500,336875.0,336715.20459651947
20180709134600,336750.0,336725.5102992058
20180709134700,336625.00000000006,336715.20459651947
20180709134800,336750.0,336589.562356472
20180709134900,336875.0,336599.86144304276
20180709135000,336750.0,336725.5102992058
20180709135100,336750.0,336715.20459651947
20180709135200,336625.00000000006,336657.5319170952
20180709135300,336625.00000000006,336589.562356472
20180709135400,336750.0,336531.900703907
20180709135500,336250.00000000006,336599.86144304276
20180709135600,336250.00000000006,336385.7154250145
20180709135700,336750.0,336155.20334243774
20180709135800,336375.0,336426.86545848846
20180709135900,336250.00000000006,336453.6541104317
20180709140000,336250.00000000006,336212.82309293747
20180709140100,336250.00000000006,336155.20334243774
20180709140200,336625.00000000006,336155.20334243774
20180709140300,336250.00000000006,336358.931183815
20180709140400,336250.00000000006,336328.0846476555
20180709140500,336125.0,336155.20334243774
20180709140600,336375.0,336087.31096982956
20180709140700,336375.0,336165.46934843063
20180709140800,336250.00000000006,336280.73531389236
20180709140900,336250.00000000006,336212.82309293747
20180709141000,336125.0,336155.20334243774
20180709141100,336250.00000000006,336087.31096982956
20180709141200,336000.0,336097.5791811943
20180709141300,336250.00000000006,336019.4340348244
20180709141400,336250.00000000006,336039.9594306946
20180709141500,336125.0,336155.20334243774
20180709141600,336250.00000000006,336087.31096982956
20180709141700,336125.0,336097.5791811943
20180709141800,336125.0,336087.31096982956
20180709141900,336125.0,336029.70004081726
20180709142000,336250.00000000006,336029.70004081726
20180709142100,336125.0,336097.5791811943
20180709142200,336125.0,336087.31096982956
20180709142300,335750.0,336029.70004081726
20180709142400,335250.0,335826.12657546997
20180709142500,335125.0,335382.2359442711
20180709142600,335125.0,335084.42252874374
20180709142700,335125.0,335026.91745758057
20180709142800,335250.0,335026.91745758057
20180709142900,335375.0,335094.62237358093
20180709143000,335000.0,335219.8720574379
20180709143100,334625.0,335074.2116570473
20180709143200,334625.0,334698.7426877022
20180709143300,334625.0,334526.3862609863
20180709143400,335125.0,334526.3862609863
20180709143500,335375.0,334796.93245887756
20180709143600,335125.0,335162.347137928
20180709143700,334625.0,335141.93201065063
20180709143800,334750.0,334756.1992406845
20180709143900,334625.0,334594.0051674843
20180709144000,334750.0,334583.83399248123
20180709144100,333875.0,334594.0051674843
20180709144200,333750.0,334178.3190369606
20180709144300,333625.0,333709.27172899246
20180709144400,333750.0,333584.4962000847
20180709144500,333750.0,333594.60121393204
20180709144600,333500.0,333651.9342660904
20180709144700,333750.0,333517.06916093826
20180709144800,333625.0,333537.27036714554
20180709144900,334000.0,333584.4962000847
20180709145000,334125.0,333729.4905781746
20180709145100,333500.0,333969.0799713135
20180709145200,334375.0,333689.03082609177
20180709145300,334250.0,333874.5511174202
20180709145400,333500.0,334208.7884545326
20180709145500,334125.0,333746.3594675064
20180709145600,334000.0,333739.5977973938
20180709145700,333500.0,333958.946287632
20180709145800,333250.0,333631.704390049
20180709145900,333375.0,333267.6857113838
20180709150000,333750.0,333220.48634290695
20180709150100,334625.0,333479.94834184647
20180709150200,334750.0,334124.3734359741
20180709150300,334500.0,334594.0051674843
20180709150400,334375.0,334516.2150859833
20180709150500,334000.0,334333.76467227936
20180709150600,334500.0,334073.7050175667
20180709150700,334250.0,334171.66101932526
20180709150800,334125.0,334266.19428396225
20180709150900,334250.0,334083.84972810745
20180709151000,334625.0,334093.9900279045
20180709151100,335000.0,334354.0695309639
20180709151200,334875.0,334729.2782664299
20180709151300,335000.0,334834.05327796936
20180709151400,334750.0,334844.2443013191
20180709151500,334250.0,334766.3902640343
20180709151600,334250.0,334381.01917505264
20180709151700,334625.0,334151.38483047485
20180709151800,335125.0,334354.0695309639
20180709151900,335375.0,334796.93245887756
20180709153000,335499.99999999994,335162.347137928
20180709153500,335499.99999999994,335345.1548218727
20180710090000,337750.0,335402.70179510117
20180710090100,338250.0,336624.32342767715
20180710090200,338500.0,337936.24180555344
20180710090300,339500.0,338303.83759737015
20180710090400,339750.0,338965.5704498291
20180710090500,340250.0,339565.3676390648
20180710090600,340750.0,339954.7679424286
20180710090700,341250.00000000006,340460.3119492531
20180710090800,341125.0,340966.1691188812
20180710090900,340750.0,341129.5474767685
20180710091000,341750.0,340866.00333452225
20180710091100,342125.0,341240.307867527
20180710091200,342250.0,341910.1234078407
20180710091300,341875.0,342152.7892947197
20180710091400,341500.0,342004.9213171005
20180710091500,341250.00000000006,341625.1320242882
20180710091600,341000.0,341314.04227018356
20180710091700,340750.0,341061.0089302063
20180710091800,340499.99999999994,340808.04616212845
20180710091900,340499.99999999994,340555.16278743744
20180710092000,340499.99999999994,340439.27270174026
20180710092100,340750.0,340439.27270174026
20180710092200,340750.0,340576.2240886688
20180710092300,340499.99999999994,340692.13622808456
20180710092400,340250.0,340555.16278743744
20180710092500,339750.0,340302.3521900177
20180710092600,339750.0,339912.7842783928
20180710092700,340000.0,339681.17171525955
20180710092800,340000.0,339817.95328855515
20180710092900,340000.0,339933.7838292122
20180710093000,340000.0,339933.7838292122
20180710093100,339500.0,339933.7838292122
20180710093200,338750.0,339660.1942181587
20180710093300,338750.0,339018.6559557915
20180710093400,338500.0,338671.6142296791
20180710093500,338750.0,338535.11494398117
20180710093600,338750.0,338555.94688653946
20180710093700,338875.0,338671.6142296791
20180710093800,339125.0,338739.88151550293
20180710093900,339625.0,338934.2960715294
20180710094000,339750.0,339323.32146167755
20180710094100,340000.0,339623.26967716217
20180710094200,340124.99999999994,339817.95328855515
20180710094300,340250.0,340002.2032856941
20180710094400,340625.0,340128.56006622314
20180710094500,340750.0,340391.848385334
20180710094600,340000.0,340634.1812610626
20180710094700,339250.0,340281.2908887863
20180710094800,338750.0,339523.4391093254
20180710094900,338625.0,338902.970969677
20180710095000,338500.0,338603.35797071457
20180710095100,338875.0,338477.29229927063
20180710095200,338750.0,338624.1943240166
20180710095300,338625.0,338729.45231199265
20180710095400,338625.0,338603.35797071457
20180710095500,338750.0,338545.52870988846
20180710095600,338375.0,338613.7805581093
20180710095700,338250.0,338466.8719172478
20180710095800,338250.0,338225.2293229103
20180710095900,338125.0,338167.4309372902
20180710100000,338250.0,338099.24083948135
20180710100100,338000.0,338109.62814092636
20180710100200,338500.0,338031.05956315994
20180710100300,338875.0,338188.2055401802
20180710100400,338875.0,338624.1943240166
20180710100500,338875.0,338797.73062467575
20180710100600,338750.0,338797.73062467575
20180710100700,338750.0,338729.45231199265
20180710100800,338625.0,338671.6142296791
20180710100900,338750.0,338603.35797071457
20180710101000,338625.0,338613.7805581093
20180710101100,338750.0,338603.35797071457
20180710101200,338875.0,338613.7805581093
20180710101300,338250.0,338739.88151550293
20180710101400,338250.0,338456.44491910934
20180710101500,338000.0,338167.4309372902
20180710101600,338250.0,338031.05956315994
20180710101700,337750.0,338051.83416604996
20180710101800,337750.0,337894.72568035126
20180710101900,337625.0,337663.67107629776
20180710102000,337750.0,337595.55155038834
20180710102100,337750.0,337605.91238737106
20180710102200,337250.0,337663.67107629776
20180710102300,337250.0,337391.25031232834
20180710102400,337125.0,337160.3611111641
20180710102500,337000.0,337092.3165678978
20180710102600,337250.0,336966.5794968605
20180710102700,336750.0,337044.93194818497
20180710102800,336625.00000000006,336888.23586702347
20180710102900,336750.0,336589.562356472
20180710103000,336750.0,336599.86144304276
20180710103100,336625.00000000006,336657.5319170952
20180710103200,336375.0,336589.562356472
20180710103300,336250.00000000006,336396.0123062134
20180710103400,336000.0,336212.82309293747
20180710103500,336250.00000000006,336019.4340348244
20180710103600,336125.0,336039.9594306946
20180710103700,336375.0,336087.31096982956
20180710103800,336375.0,336165.46934843063
20180710103900,336125.0,336280.73531389236
20180710104000,336250.00000000006,336144.9241042137
20180710104100,337000.0,336097.5791811943
20180710104200,338000.0,336562.7582669258
20180710104300,337375.0,337453.3094763756
20180710104400,336875.0,337574.812233448
20180710104500,336500.0,337013.9442682266
20180710104600,336000.0,336579.2566537857
20180710104700,336375.0,336134.64707136154
20180710104800,336125.0,336107.8385710716
20180710104900,336125.0,336144.9241042137
20180710105000,336375.0,336029.70004081726
20180710105100,336750.0,336165.46934843063
20180710105200,336750.0,336484.5249056816
20180710105300,336625.00000000006,336657.5319170952
20180710105400,336625.00000000006,336589.562356472
20180710105500,336500.0,336531.900703907
20180710105600,336625.00000000006,336463.95099163055
20180710105700,336750.0,336474.24125671387
20180710105800,336750.0,336599.86144304276
20180710105900,336500.0,336657.5319170952
20180710110000,336625.00000000006,336521.6016173363
20180710110100,336625.00000000006,336474.24125671387
20180710110200,336625.00000000006,336531.900703907
20180710110300,336625.00000000006,336531.900703907
20180710110400,336500.0,336531.900703907
20180710110500,336750.0,336463.95099163055
20180710110600,336750.0,336542.1931743622
20180710110700,337000.0,336657.5319170952
20180710110800,337250.0,336793.49970817566
20180710110900,337250.0,337044.93194818497
20180710111100,337250.0,337160.3611111641
20180710111200,337250.0,337160.3611111641
20180710111300,337000.0,337160.3611111641
20180710111400,337125.0,337024.2830514908
20180710111500,337125.0,336976.9050478935
20180710111600,337250.0,337034.60639715195
20180710111700,336875.0,337102.64652967453
20180710111800,336750.0,336956.2539458275
20180710111900,336750.0,336715.20459651947
20180710112000,336500.0,336657.5319170952
20180710112100,336500.0,336521.6016173363
20180710112200,336625.00000000006,336406.30036592484
20180710112300,336500.0,336474.24125671387
20180710112400,336500.0,336463.95099163055
20180710112500,336000.0,336406.30036592484
20180710112600,336375.0,336134.64707136154
20180710112700,336250.00000000006,336107.8385710716
20180710112800,336000.0,336212.82309293747
20180710112900,336125.0,336019.4340348244
20180710113000,336250.00000000006,335972.08911180496
20180710113100,336250.00000000006,336097.5791811943
20180710113200,336000.0,336155.20334243774
20180710113300,336125.0,336019.4340348244
20180710113400,336125.0,335972.08911180496
20180710113500,336250.00000000006,336029.70004081726
20180710113600,336125.0,336097.5791811943
20180710113700,336000.0,336087.31096982956
20180710113800,336000.0,335961.83413267136
20180710113900,336125.0,335904.2320251465
20180710114000,336250.00000000006,335972.08911180496
20180710114100,336000.0,336097.5791811943
20180710114200,336250.00000000006,336019.4340348244
20180710114300,336125.0,336039.9594306946
20180710114400,336125.0,336087.31096982956
20180710114500,336250.00000000006,336029.70004081726
20180710114600,336250.00000000006,336097.5791811943
20180710114700,336250.00000000006,336155.20334243774
20180710114800,336125.0,336155.20334243774
20180710114900,336125.0,336087.31096982956
20180710115000,336250.00000000006,336029.70004081726
20180710115100,336000.0,336097.5791811943
20180710115200,336250.00000000006,336019.4340348244
20180710115300,336125.0,336039.9594306946
20180710115400,336250.00000000006,336087.31096982956
20180710115500,336000.0,336097.5791811943
20180710115600,335750.0,336019.4340348244
20180710115700,335625.0,335768.54652166367
20180710115800,335625.0,335585.59107780457
20180710115900,335499.99999999994,335528.0286669731
20180710120000,335499.99999999994,335460.24656295776
20180710120100,335874.99999999994,335402.70179510117
20180710120200,335750.0,335606.0547232628
20180710120300,335750.0,335710.9686732292
20180710120400,335625.0,335653.3952355385
20180710120500,335750.0,335585.59107780457
20180710120600,335750.0,335595.82620859146
20180710120700,335625.0,335653.3952355385
20180710120800,335750.0,335585.59107780457
20180710120900,335625.0,335595.82620859146
20180710121000,335750.0,335585.59107780457
20180710121100,335625.0,335595.82620859146
20180710121200,335499.99999999994,335585.59107780457
20180710121300,335499.99999999994,335460.24656295776
20180710121400,335750.0,335402.70179510117
20180710121500,335750.0,335538.2593870163
20180710121600,335499.99999999994,335653.3952355385
20180710121700,335499.99999999994,335517.7957415581
20180710121800,335625.0,335402.70179510117
20180710121900,335625.0,335470.47287225723
20180710122000,335750.0,335528.0286669731
20180710122100,335499.99999999994,335595.82620859146
20180710122200,335750.0,335517.7957415581
20180710122300,335750.0,335538.2593870163
20180710122400,335750.0,335653.3952355385
20180710122500,335625.0,335653.3952355385
20180710122600,335750.0,335585.59107780457
20180710122700,335625.0,335595.82620859146
20180710122800,335750.0,335585.59107780457
20180710122900,335750.0,335595.82620859146
20180710123000,335499.99999999994,335653.3952355385
20180710123100,335750.0,335517.7957415581
20180710123200,336125.0,335538.2593870163
20180710123300,336000.0,335856.8804860115
20180710123400,336125.0,335961.83413267136
20180710123500,336125.0,335972.08911180496
20180710123600,336250.00000000006,336029.70004081726
20180710123700,336000.0,336097.5791811943
20180710123800,336000.0,336019.4340348244
20180710123900,336125.0,335904.2320251465
20180710124000,336125.0,335972.08911180496
20180710124100,336000.0,336029.70004081726
20180710124200,336000.0,335961.83413267136
20180710124300,336250.00000000006,335904.2320251465
20180710124400,336500.0,336039.9594306946
20180710124500,336000.0,336291.0145521164
20180710124600,336250.00000000006,336134.64707136154
20180710124700,336250.00000000006,336039.9594306946
20180710124800,336125.0,336155.20334243774
20180710124900,336125.0,336087.31096982956
20180710125000,336250.00000000006,336029.70004081726
20180710125100,336125.0,336097.5791811943
20180710125200,336000.0,336087.31096982956
20180710125300,336125.0,335961.83413267136
20180710125400,336000.0,335972.08911180496
20180710125500,336250.00000000006,335961.83413267136
20180710125600,336125.0,336039.9594306946
20180710125700,336250.00000000006,336087.31096982956
20180710125800,336000.0,336097.5791811943
20180710125900,336000.0,336019.4340348244
20180710130000,336125.0,335904.2320251465
20180710130100,336000.0,335972.08911180496
20180710130200,336125.0,335961.83413267136
20180710130300,336250.00000000006,335972.08911180496
20180710130400,336250.00000000006,336097.5791811943
20180710130500,336250.00000000006,336155.20334243774
20180710130600,336250.00000000006,336155.20334243774
20180710130700,336250.00000000006,336155.20334243774
20180710130800,336125.0,336155.20334243774
20180710130900,336000.0,336087.31096982956
20180710131000,336250.00000000006,335961.83413267136
20180710131100,336250.00000000006,336039.9594306946
20180710131200,336125.0,336155.20334243774
20180710131300,336000.0,336087.31096982956
20180710131400,336125.0,335961.83413267136
20180710131500,336250.00000000006,335972.08911180496
20180710131600,336000.0,336097.5791811943
20180710131700,336250.00000000006,336019.4340348244
20180710131800,336125.0,336039.9594306946
20180710131900,336125.0,336087.31096982956
20180710132000,336000.0,336029.70004081726
20180710132100,336250.00000000006,335961.83413267136
20180710132200,336250.00000000006,336039.9594306946
20180710132300,336125.0,336155.20334243774
20180710132400,336250.00000000006,336087.31096982956
20180710132500,336000.0,336097.5791811943
20180710132600,336000.0,336019.4340348244
20180710132700,336125.0,335904.2320251465
20180710132800,336250.00000000006,335972.08911180496
20180710132900,336125.0,336097.5791811943
20180710133000,335750.0,336087.31096982956
20180710133100,335750.0,335826.12657546997
20180710133200,335874.99999999994,335653.3952355385
20180710133300,335625.0,335721.2148308754
20180710133400,335625.0,335643.153488636
20180710133500,336000.0,335528.0286669731
20180710133600,335874.99999999994,335731.4499616623
20180710133700,335750.0,335836.38375997543
20180710133800,335750.0,335710.9686732292
20180710133900,335625.0,335653.3952355385
20180710134000,335874.99999999994,335585.59107780457
20180710134100,335625.0,335663.6303663254
20180710134200,335874.99999999994,335643.153488636
20180710134300,335750.0,335663.6303663254
20180710134400,335625.0,335710.9686732292
20180710134500,335874.99999999994,335585.59107780457
20180710134600,335874.99999999994,335663.6303663254
20180710134700,335625.0,335778.7948846817
20180710134800,335625.0,335643.153488636
20180710134900,335625.0,335528.0286669731
20180710135000,335625.0,335528.0286669731
20180710135100,335750.0,335528.0286669731
20180710135200,335874.99999999994,335595.82620859146
20180710135300,335750.0,335721.2148308754
20180710135400,335750.0,335710.9686732292
20180710135500,335750.0,335653.3952355385
20180710135600,335750.0,335653.3952355385
20180710135700,335750.0,335653.3952355385
20180710135800,335625.0,335653.3952355385
20180710135900,335750.0,335585.59107780457
20180710140000,335625.0,335595.82620859146
20180710140100,335499.99999999994,335585.59107780457
20180710140200,335625.0,335460.24656295776
20180710140300,335874.99999999994,335470.47287225723
20180710140400,335750.0,335663.6303663254
20180710140500,335874.99999999994,335710.9686732292
20180710140600,335625.0,335721.2148308754
20180710140700,335625.0,335643.153488636
20180710140800,335750.0,335528.0286669731
20180710140900,335874.99999999994,335595.82620859146
20180710141000,335874.99999999994,335721.2148308754
20180710141100,335625.0,335778.7948846817
20180710141200,335874.99999999994,335643.153488636
20180710141300,335874.99999999994,335663.6303663254
20180710141400,335874.99999999994,335778.7948846817
20180710141500,335625.0,335778.7948846817
20180710141600,335874.99999999994,335643.153488636
20180710141700,335750.0,335663.6303663254
20180710141800,335750.0,335710.9686732292
20180710141900,335750.0,335653.3952355385
20180710142000,335874.99999999994,335653.3952355385
20180710142100,335874.99999999994,335721.2148308754
20180710142200,335874.99999999994,335778.7948846817
20180710142300,335874.99999999994,335778.7948846817
20180710142400,335874.99999999994,335778.7948846817
20180710142500,335750.0,335778.7948846817
20180710142600,335750.0,335710.9686732292
20180710142700,335874.99999999994,335653.3952355385
20180710142800,335874.99999999994,335721.2148308754
20180710142900,335750.0,335778.7948846817
20180710143000,335750.0,335710.9686732292
20180710143100,335874.99999999994,335653.3952355385
20180710143200,335750.0,335721.2148308754
20180710143300,335750.0,335710.9686732292
20180710143400,335874.99999999994,335653.3952355385
20180710143500,335874.99999999994,335721.2148308754
20180710143600,335874.99999999994,335778.7948846817
20180710143700,335750.0,335778.7948846817
20180710143800,335874.99999999994,335710.9686732292
20180710143900,335750.0,335721.2148308754
20180710144000,335750.0,335710.9686732292
20180710144100,336000.0,335653.3952355385
20180710144200,335874.99999999994,335789.0410423279
20180710144300,335750.0,335836.38375997543
20180710144400,335750.0,335710.9686732292
20180710144500,335874.99999999994,335653.3952355385
20180710144600,335874.99999999994,335721.2148308754
20180710144700,336250.00000000006,335778.7948846817
20180710144800,336375.0,335982.33968019485
20180710144900,336125.0,336223.10012578964
20180710145000,336250.00000000006,336144.9241042137
20180710145100,336250.00000000006,336097.5791811943
20180710145200,336250.00000000006,336155.20334243774
20180710145300,336125.0,336155.20334243774
20180710145400,336250.00000000006,336087.31096982956
20180710145500,336375.0,336097.5791811943
20180710145600,336375.0,336223.10012578964
20180710145700,336250.00000000006,336280.73531389236
20180710145800,336375.0,336212.82309293747
20180710145900,336250.00000000006,336223.10012578964
20180710150000,336250.00000000006,336212.82309293747
20180710150100,336375.0,336155.20334243774
20180710150200,336250.00000000006,336223.10012578964
20180710150300,336250.00000000006,336212.82309293747
20180710150400,335874.99999999994,336155.20334243774
20180710150500,335750.0,335951.56371593475
20180710150600,335750.0,335710.9686732292
20180710150700,335750.0,335653.3952355385
20180710150800,335625.0,335653.3952355385
20180710150900,335750.0,335585.59107780457
20180710151000,335874.99999999994,335595.82620859146
20180710151100,335625.0,335721.2148308754
20180710151200,335750.0,335643.153488636
20180710151300,335625.0,335595.82620859146
20180710151400,335750.0,335585.59107780457
20180710151500,335750.0,335595.82620859146
20180710151600,335750.0,335653.3952355385
20180710151700,335874.99999999994,335653.3952355385
20180710151800,335625.0,335721.2148308754
20180710151900,335874.99999999994,335643.153488636
20180710153000,336500.0,335663.6303663254
20180710153500,336500.0,336118.0957555771
20180711090000,332500.0,336406.30036592484
20180711090100,332250.0,334238.144159317
20180711090200,332250.0,332271.85225486755
20180711090300,332875.0,332157.5853228569
20180711090400,332750.0,332493.45022439957
20180711090500,332625.0,332712.209880352
20180711090600,332500.0,332587.7717733383
20180711090700,332250.0,332463.37336301804
20180711090800,332250.0,332271.85225486755
20180711090900,332750.0,332157.5853228569
20180711091000,332875.0,332426.2481331825
20180711091100,332625.0,332722.25534915924
20180711091200,332625.0,332644.95927095413
20180711091300,332750.0,332530.5886864662
20180711091400,332875.0,332597.8084206581
20180711091500,332625.0,332722.25534915924
20180711091600,332875.0,332644.95927095413
20180711091700,332875.0,332665.04579782486
20180711091800,332750.0,332779.47372198105
20180711091900,332750.0,332712.209880352
20180711092000,332750.0,332655.0069451332
20180711092100,332750.0,332655.0069451332
20180711092200,332875.0,332655.0069451332
20180711092300,332750.0,332722.25534915924
20180711092400,332625.0,332712.209880352
20180711092500,332750.0,332587.7717733383
20180711092600,332625.0,332597.8084206581
20180711092700,332750.0,332587.7717733383
20180711092800,332750.0,332597.8084206581
20180711092900,332750.0,332655.0069451332
20180711093000,332625.0,332655.0069451332
20180711093100,333000.0,332587.7717733383
20180711093200,332750.0,332732.30081796646
20180711093300,332500.0,332769.42163705826
20180711093400,332750.0,332520.5476284027
20180711093500,332875.0,332540.61871767044
20180711093600,332875.0,332722.25534915924
20180711093700,332875.0,332779.47372198105
20180711093800,332750.0,332779.47372198105
20180711093900,332750.0,332712.209880352
20180711094000,332750.0,332655.0069451332
20180711094100,332750.0,332655.0069451332
20180711094200,332625.0,332655.0069451332
20180711094300,332750.0,332587.7717733383
20180711094400,332750.0,332597.8084206581
20180711094500,332875.0,332655.0069451332
20180711094600,332750.0,332722.25534915924
20180711094700,332750.0,332712.209880352
20180711094800,332875.0,332655.0069451332
20180711094900,332750.0,332722.25534915924
20180711095000,332625.0,332712.209880352
20180711095100,332750.0,332587.7717733383
20180711095200,332750.0,332597.8084206581
20180711095300,332750.0,332655.0069451332
20180711095400,332625.0,332655.0069451332
20180711095500,332375.0,332587.7717733383
20180711095600,332250.0,332396.17788791656
20180711095700,332125.0,332214.71548080444
20180711095800,332250.0,332090.4538035393
20180711095900,332250.0,332100.4573702812
20180711100000,332250.0,332157.5853228569
20180711100100,332375.0,332157.5853228569
20180711100200,332250.0,332224.72566366196
20180711100300,332375.0,332214.71548080444
20180711100400,332250.0,332224.72566366196
20180711100500,332375.0,332214.71548080444
20180711100600,332125.0,332224.72566366196
20180711100700,332250.0,332147.5751399994
20180711100800,332250.0,332100.4573702812
20180711100900,332250.0,332157.5853228569
20180711101000,332250.0,332157.5853228569
20180711101100,331875.0,332157.5853228569
20180711101200,331750.0,331956.23487234116
20180711101300,331625.00000000006,331717.942237854
20180711101400,331625.00000000006,331593.8614010811
20180711101500,331750.0,331536.8260741234
20180711101600,331500.0,331603.83409261703
20180711101700,331875.0,331526.859998703
20180711101800,331750.0,331613.79796266556
20180711101900,331750.0,331717.942237854
20180711102000,331500.0,331660.88485717773
20180711102100,331375.0,331526.859998703
20180711102200,331249.99999999994,331345.8541035652
20180711102300,331249.99999999994,331221.916615963
20180711102400,331249.99999999994,331164.9364233017
20180711102500,331249.99999999994,331164.9364233017
20180711102600,331249.99999999994,331164.9364233017
20180711102700,331375.0,331164.9364233017
20180711102800,331249.99999999994,331231.85843229294
20180711102900,331375.0,331221.916615963
20180711103000,331249.99999999994,331231.85843229294
20180711103100,331125.0,331221.916615963
20180711103200,331249.99999999994,331098.0276465416
20180711103300,331249.99999999994,331107.962846756
20180711103400,331125.0,331164.9364233017
20180711103500,331249.99999999994,331098.0276465416
20180711103600,331249.99999999994,331107.962846756
20180711103700,331249.99999999994,331164.9364233017
20180711103800,331249.99999999994,331164.9364233017
20180711103900,331375.0,331164.9364233017
20180711104000,331375.0,331231.85843229294
20180711104100,331249.99999999994,331288.8496518135
20180711104200,331249.99999999994,331221.916615963
20180711104300,330874.99999999994,331164.9364233017
20180711104400,330625.0,330964.25861120224
20180711104500,330750.0,330659.85774993896
20180711104600,330874.99999999994,330612.8723025322
20180711104700,330750.0,330736.5716099739
20180711104800,330625.0,330726.66507959366
20180711104900,330750.0,330602.9745936394
20180711105000,330874.99999999994,330612.8723025322
20180711105100,330750.0,330736.5716099739
20180711105200,330750.0,330726.66507959366
20180711105300,330750.0,330669.76648569107
20180711105400,330250.0,330669.76648569107
20180711105500,330500.0,330402.695953846
20180711105600,331000.0,330308.78460407257
20180711105700,330625.0,330689.5619034767
20180711105800,330750.0,330716.749727726
20180711105900,330750.0,330612.8723025322
20180711110000,330750.0,330669.76648569107
20180711110100,330625.0,330669.76648569107
20180711110200,330625.0,330602.9745936394
20180711110300,330625.0,330546.09805345535
20180711110400,330625.0,330546.09805345535
20180711110500,330750.0,330546.09805345535
20180711110600,330625.0,330612.8723025322
20180711110700,330750.0,330602.9745936394
20180711110800,330500.0,330612.8723025322
20180711110900,330874.99999999994,330536.1981391907
20180711111000,330750.0,330622.770011425
20180711111100,330500.0,330726.66507959366
20180711111200,330125.0,330536.1981391907
20180711111300,330375.0,330222.32961654663
20180711111400,330375.0,330185.2617263794
20180711111500,330250.0,330298.9089488983
20180711111600,330500.0,330232.20747709274
20180711111700,330625.0,330308.78460407257
20180711111800,330750.0,330489.22592401505
20180711111900,330750.0,330612.8723025322
20180711112000,330625.0,330669.76648569107
20180711112100,330625.0,330602.9745936394
20180711112200,330874.99999999994,330546.09805345535
20180711112300,330750.0,330679.6686053276
20180711112400,330750.0,330726.66507959366
20180711112500,330874.99999999994,330669.76648569107
20180711112600,330750.0,330736.5716099739
20180711112700,330625.0,330726.66507959366
20180711112800,330750.0,330602.9745936394
20180711112900,330750.0,330612.8723025322
20180711113000,330874.99999999994,330669.76648569107
20180711113100,330874.99999999994,330736.5716099739
20180711113200,330874.99999999994,330793.4856414795
20180711113300,330750.0,330793.4856414795
20180711113400,330750.0,330726.66507959366
20180711113500,330874.99999999994,330669.76648569107
20180711113600,330874.99999999994,330736.5716099739
20180711113700,330750.0,330793.4856414795
20180711113800,330625.0,330726.66507959366
20180711113900,330874.99999999994,330602.9745936394
20180711114000,330874.99999999994,330679.6686053276
20180711114100,330750.0,330793.4856414795
20180711114200,330874.99999999994,330726.66507959366
20180711114300,330874.99999999994,330736.5716099739
20180711114400,330874.99999999994,330793.4856414795
20180711114500,330874.99999999994,330793.4856414795
20180711114600,330874.99999999994,330793.4856414795
20180711114700,330625.0,330793.4856414795
20180711114800,330750.0,330659.85774993896
20180711114900,330625.0,330612.8723025322
20180711115000,330874.99999999994,330602.9745936394
20180711115100,330874.99999999994,330679.6686053276
20180711115200,330874.99999999994,330793.4856414795
20180711115300,330625.0,330793.4856414795
20180711115400,330750.0,330659.85774993896
20180711115500,330874.99999999994,330612.8723025322
20180711115600,330750.0,330736.5716099739
20180711115700,330625.0,330726.66507959366
20180711115800,330750.0,330602.9745936394
20180711115900,330874.99999999994,330612.8723025322
20180711120000,330750.0,330736.5716099739
20180711120100,330750.0,330726.66507959366
20180711120200,330874.99999999994,330669.76648569107
20180711120300,330874.99999999994,330736.5716099739
20180711120400,330874.99999999994,330793.4856414795
20180711120500,330874.99999999994,330793.4856414795
20180711120600,330625.0,330793.4856414795
20180711120700,330750.0,330659.85774993896
20180711120800,330874.99999999994,330612.8723025322
20180711120900,330625.0,330736.5716099739
20180711121000,330750.0,330659.85774993896
20180711121100,330750.0,330612.8723025322
20180711121200,330750.0,330669.76648569107
20180711121300,330750.0,330669.76648569107
20180711121400,330750.0,330669.76648569107
20180711121500,330750.0,330669.76648569107
20180711121600,330750.0,330669.76648569107
20180711121700,330874.99999999994,330669.76648569107
20180711121800,330750.0,330736.5716099739
20180711121900,330625.0,330726.66507959366
20180711122000,330625.0,330602.9745936394
20180711122100,330750.0,330546.09805345535
20180711122200,330874.99999999994,330612.8723025322
20180711122300,330625.0,330736.5716099739
20180711122400,330625.0,330659.85774993896
20180711122500,330874.99999999994,330546.09805345535
20180711122600,330874.99999999994,330679.6686053276
20180711122700,330750.0,330793.4856414795
20180711122800,330750.0,330726.66507959366
20180711122900,330874.99999999994,330669.76648569107
20180711123000,330750.0,330736.5716099739
20180711123100,330750.0,330726.66507959366
20180711123200,330874.99999999994,330669.76648569107
20180711123300,330750.0,330736.5716099739
20180711123400,330625.0,330726.66507959366
20180711123500,330750.0,330602.9745936394
20180711123600,330750.0,330612.8723025322
20180711123700,330750.0,330669.76648569107
20180711123800,330750.0,330669.76648569107
20180711123900,330874.99999999994,330669.76648569107
20180711124000,330750.0,330736.5716099739
20180711124100,330750.0,330726.66507959366
20180711124200,330750.0,330669.76648569107
20180711124300,330625.0,330669.76648569107
20180711124400,330625.0,330602.9745936394
20180711124500,330750.0,330546.09805345535
20180711124600,330750.0,330612.8723025322
20180711124700,330750.0,330669.76648569107
20180711124800,330750.0,330669.76648569107
20180711124900,330625.0,330669.76648569107
20180711125000,330750.0,330602.9745936394
20180711125100,330750.0,330612.8723025322
20180711125200,330750.0,330669.76648569107
20180711125300,330874.99999999994,330669.76648569107
20180711125400,330625.0,330736.5716099739
20180711125500,330625.0,330659.85774993896
20180711125600,330874.99999999994,330546.09805345535
20180711125700,330874.99999999994,330679.6686053276
20180711125800,331625.00000000006,330793.4856414795
20180711125900,332125.0,331194.7332024574
20180711130000,332125.0,331804.94636297226
20180711130100,332250.0,332033.33908319473
20180711130200,332375.0,332100.4573702812
20180711130300,332250.0,332224.72566366196
20180711130400,332125.0,332214.71548080444
20180711130500,332250.0,332090.4538035393
20180711130600,332250.0,332100.4573702812
20180711130700,332000.00000000006,332157.5853228569
20180711130800,332250.0,332023.3355164528
20180711130900,332250.0,332043.33823919296
20180711131000,332125.0,332157.5853228569
20180711131100,332000.00000000006,332090.4538035393
20180711131200,331750.0,331966.2384390831
20180711131300,331750.0,331775.00623464584
20180711131400,331875.0,331660.88485717773
20180711131500,332375.0,331727.91934013367
20180711131600,332250.0,332053.32857370377
20180711131700,332125.0,332214.71548080444
20180711131800,332250.0,332090.4538035393
20180711131900,332125.0,332100.4573702812
20180711132000,332250.0,332090.4538035393
20180711132100,332000.00000000006,332100.4573702812
20180711132200,332250.0,332023.3355164528
20180711132300,332125.0,332043.33823919296
20180711132400,331875.0,332090.4538035393
20180711132500,332125.0,331899.1510272026
20180711132600,331875.0,331919.1316962242
20180711132700,331875.0,331899.1510272026
20180711132800,331625.00000000006,331784.9899530411
20180711132900,331750.0,331650.9077548981
20180711133000,332125.0,331603.83409261703
20180711133100,332500.0,331862.0346188545
20180711133200,332750.0,332234.73584651947
20180711133300,332625.0,332540.61871767044
20180711133400,332875.0,332587.7717733383
20180711133500,333250.0,332665.04579782486
20180711133600,333375.0,332981.344640255
20180711133700,333125.0,333220.48634290695
20180711133800,333250.0,333143.0557370186
20180711133900,333250.0,333095.86519002914
20180711134000,333250.0,333153.13428640366
20180711134100,333625.0,333153.13428640366
20180711134200,333750.0,333355.2345633507
20180711134300,333750.0,333594.60121393204
20180711134400,333625.0,333651.9342660904
20180711134500,333750.0,333584.4962000847
20180711134600,333375.0,333594.60121393204
20180711134700,333250.0,333449.655354023
20180711134800,333250.0,333210.4077935219
20180711134900,333375.0,333153.13428640366
20180711135000,333625.0,333220.48634290695
20180711135100,333750.0,333412.5433564186
20180711135200,334125.0,333594.60121393204
20180711135300,334000.0,333854.3300628662
20180711135400,333875.0,333958.946287632
20180711135500,333875.0,333834.0913653374
20180711135600,333750.0,333776.7384648323
20180711135700,333750.0,333709.27172899246
20180711135800,333750.0,333651.9342660904
20180711135900,333375.0,333651.9342660904
20180711140000,333125.0,333449.655354023
20180711140100,333125.0,333143.0557370186
20180711140200,333125.0,333028.5351872444
20180711140300,332875.0,333028.5351872444
20180711140400,332375.0,332893.9236998558
20180711140500,332500.0,332510.5065703392
20180711140600,332875.0,332349.04247522354
20180711140700,332750.0,332607.84286260605
20180711140800,332875.0,332712.209880352
20180711140900,332875.0,332722.25534915924
20180711141000,333375.0,332779.47372198105
20180711141100,333125.0,333048.6636161804
20180711141200,333250.0,333143.0557370186
20180711141300,333125.0,333095.86519002914
20180711141400,333625.0,333085.7910513878
20180711141500,333625.0,333297.93018102646
20180711141600,333625.0,333527.17196941376
20180711141700,333375.0,333527.17196941376
20180711141800,333125.0,333392.3553824425
20180711141900,333250.0,333143.0557370186
20180711142000,333125.0,333095.86519002914
20180711142100,333250.0,333085.7910513878
20180711142200,333250.0,333095.86519002914
20180711142300,333750.0,333153.13428640366
20180711142400,333750.0,333422.6263165474
20180711142500,333625.0,333651.9342660904
20180711142600,334000.0,333584.4962000847
20180711142700,334250.0,333729.4905781746
20180711142800,334500.0,334036.59522533417
20180711142900,334250.0,334286.4947319031
20180711143000,335000.0,334266.19428396225
20180711143100,335625.0,334556.8622946739
20180711143200,335625.0,335240.27836322784
20180711143300,335750.0,335528.0286669731
20180711143400,335625.0,335595.82620859146
20180711143500,335375.0,335585.59107780457
20180711143600,335125.0,335392.471075058
20180711143700,335499.99999999994,335141.93201065063
20180711143800,335499.99999999994,335230.07851839066
20180711143900,335750.0,335402.70179510117
20180711144000,335625.0,335538.2593870163
20180711144100,335750.0,335585.59107780457
20180711144200,335750.0,335595.82620859146
20180711144300,335750.0,335653.3952355385
20180711144400,335874.99999999994,335653.3952355385
20180711144500,335874.99999999994,335721.2148308754
20180711144600,335750.0,335778.7948846817
20180711144700,335874.99999999994,335710.9686732292
20180711144800,335874.99999999994,335721.2148308754
20180711144900,335625.0,335778.7948846817
20180711145000,335750.0,335643.153488636
20180711145100,336125.0,335595.82620859146
20180711145200,336625.00000000006,335856.8804860115
20180711145300,336750.0,336301.284968853
20180711145400,336625.00000000006,336599.86144304276
20180711145500,336750.0,336589.562356472
20180711145600,336750.0,336599.86144304276
20180711145700,336875.0,336657.5319170952
20180711145800,336750.0,336725.5102992058
20180711145900,336750.0,336715.20459651947
20180711150000,336750.0,336657.5319170952
20180711150100,336875.0,336657.5319170952
20180711150200,337125.0,336725.5102992058
20180711150300,337125.0,336919.1992878914
20180711150400,337750.0,337034.60639715195
20180711150500,337500.0,337374.8908638954
20180711150600,337250.0,337527.4430513382
20180711150700,337125.0,337275.80350637436
20180711150800,337250.0,337092.3165678978
20180711150900,337750.0,337102.64652967453
20180711151000,337625.0,337432.64293670654
20180711151100,338250.0,337595.55155038834
20180711151200,338625.0,337878.44783067703
20180711151300,338875.0,338372.05415964127
20180711151400,338750.0,338682.03461170197
20180711151500,338750.0,338729.45231199265
20180711151600,338875.0,338671.6142296791
20180711151700,338625.0,338739.88151550293
20180711151800,338750.0,338661.1872315407
20180711151900,338750.0,338613.7805581093
20180711153000,338500.0,338671.6142296791
20180711153500,338500.0,338535.11494398117
20180712090000,339750.0,338419.4696545601
20180712090100,339500.0,339102.17559337616
20180712090200,340000.0,339544.4188117981
20180712090300,340000.0,339702.1227478981
20180712090400,340250.0,339933.7838292122
20180712090500,340250.0,340070.6293582916
20180712090600,340000.0,340186.4885687828
20180712090700,340000.0,340049.61878061295
20180712090800,339750.0,339933.7838292122
20180712090900,340000.0,339796.9757914543
20180712091000,340000.0,339817.95328855515
20180712091100,340000.0,339933.7838292122
20180712091200,339625.0,339933.7838292122
20180712091300,339875.0,339728.58279943466
20180712091400,339750.0,339691.65164232254
20180712091500,340000.0,339739.07375335693
20180712091600,340250.0,339817.95328855515
20180712091700,340375.0,340070.6293582916
20180712091800,340124.99999999994,340254.9300789833
20180712091900,339750.0,340175.97115039825
20180712092000,339625.0,339854.87562417984
20180712092100,339625.0,339612.79195547104
20180712092200,340000.0,339554.8965334892
20180712092300,340000.0,339760.0402235985
20180712092400,339875.0,339933.7838292122
20180712092500,339750.0,339865.3776049614
20180712092600,339750.0,339739.07375335693
20180712092700,339250.0,339681.17171525955
20180712092800,338500.0,339407.6923727989
20180712092900,337875.0,338766.40552282333
20180712093000,338250.0,338078.4441828728
20180712093100,338250.0,337994.04019117355
20180712093200,338500.0,338167.4309372902
20180712093300,338500.0,338303.83759737015
20180712093400,338375.0,338419.4696545601
20180712093500,338500.0,338351.2508869171
20180712093600,338250.0,338361.6536259651
20180712093700,338500.0,338283.03653001785
20180712093800,338375.0,338303.83759737015
20180712093900,338500.0,338351.2508869171
20180712094000,338500.0,338361.6536259651
20180712094100,338250.0,338419.4696545601
20180712094200,338125.0,338283.03653001785
20180712094300,337750.0,338099.24083948135
20180712094400,337875.0,337836.960375309
20180712094500,337500.0,337731.80162906647
20180712094600,337750.0,337585.1863026619
20180712094700,337625.0,337548.15369844437
20180712094800,337625.0,337595.55155038834
20180712094900,337750.0,337537.7994775772
20180712095000,338000.0,337605.91238737106
20180712095100,338000.0,337799.93438720703
20180712095200,337750.0,337915.4936671257
20180712095300,337000.0,337779.19286489487
20180712095400,336250.00000000006,337255.09506464005
20180712095500,336250.00000000006,336500.99021196365
20180712095600,336250.00000000006,336155.20334243774
20180712095700,336500.0,336155.20334243774
20180712095800,336375.0,336291.0145521164
20180712095900,336500.0,336338.3705019951
20180712100000,336500.0,336348.65415096283
20180712100100,336250.00000000006,336406.30036592484
20180712100200,337000.0,336270.4516649246
20180712100300,337250.0,336562.7582669258
20180712100400,337375.0,337044.93194818497
20180712100500,337250.0,337228.41888666153
20180712100600,337250.0,337218.08010339737
20180712100700,337500.0,337160.3611111641
20180712100800,337750.0,337296.4854836464
20180712100900,337750.0,337548.15369844437
20180712101000,337750.0,337663.67107629776
20180712101100,338000.0,337663.67107629776
20180712101200,338000.0,337799.93438720703
20180712101300,337875.0,337915.4936671257
20180712101400,338000.0,337847.3410606384
20180712101500,338000.0,337857.71733522415
20180712101600,338250.0,337915.4936671257
20180712101700,337625.0,338051.83416604996
20180712101800,337375.0,337826.57527923584
20180712101900,338000.0,337401.60673856735
20180712102000,337875.0,337626.61200761795
20180712102100,338125.0,337847.3410606384
20180712102200,337875.0,337925.8721470833
20180712102300,338375.0,337905.1151871681
20180712102400,338250.0,338062.2082352638
20180712102500,338125.0,338225.2293229103
20180712102600,338375.0,338099.24083948135
20180712102700,338000.0,338177.8182387352
20180712102800,338000.0,338088.8469219208
20180712102900,338250.0,337915.4936671257
20180712103000,338375.0,338051.83416604996
20180712103100,338250.0,338235.6276512146
20180712103200,338250.0,338225.2293229103
20180712103300,338625.0,338167.4309372902
20180712103400,338625.0,338372.05415964127
20180712103500,338750.0,338545.52870988846
20180712103600,338750.0,338613.7805581093
20180712103700,338875.0,338671.6142296791
20180712103800,339500.0,338739.88151550293
20180712103900,339750.0,339139.219224453
20180712104000,339750.0,339565.3676390648
20180712104100,339750.0,339681.17171525955
20180712104200,339750.0,339681.17171525955
20180712104300,339750.0,339681.17171525955
20180712104400,339375.0,339681.17171525955
20180712104500,339375.0,339476.047873497
20180712104600,339250.0,339302.40792036057
20180712104700,339500.0,339234.0766787529
20180712104800,339250.0,339312.8702044487
20180712104900,339375.0,339291.95004701614
20180712105000,339250.0,339244.5345520973
20180712105100,339375.0,339234.0766787529
20180712105200,339125.0,339244.5345520973
20180712105300,339500.0,339165.74543714523
20180712105400,339625.0,339254.9836039543
20180712105500,339375.0,339497.0011115074
20180712105600,339375.0,339418.1722998619
20180712105700,339625.0,339302.40792036057
20180712105800,339875.0,339439.1056895256
20180712105900,339875.0,339691.65164232254
20180712110000,340124.99999999994,339807.46454000473
20180712110100,340375.0,339944.2769885063
20180712110200,340250.0,340196.99716567993
20180712110300,340375.0,340244.4192767143
20180712110400,340250.0,340254.9300789833
20180712110500,340250.0,340244.4192767143
20180712110600,340250.0,340186.4885687828
20180712110700,340375.0,340186.4885687828
20180712110800,340375.0,340254.9300789833
20180712110900,340375.0,340312.8718137741
20180712111000,340124.99999999994,340312.8718137741
20180712111100,340124.99999999994,340175.97115039825
20180712111200,340124.99999999994,340060.1251721382
20180712111300,340375.0,340060.1251721382
20180712111400,340375.0,340196.99716567993
20180712111500,340250.0,340312.8718137741
20180712111600,340250.0,340244.4192767143
20180712111700,340375.0,340186.4885687828
20180712111800,340375.0,340254.9300789833
20180712111900,340375.0,340312.8718137741
20180712112000,340499.99999999994,340312.8718137741
20180712112100,340750.0,340381.3287615776
20180712112200,340625.0,340576.2240886688
20180712112300,340750.0,340623.6461997032
20180712112400,340750.0,340634.1812610626
20180712112500,340875.00000000006,340692.13622808456
20180712112600,341500.0,340760.6328725815
20180712112700,341375.0,341161.2188220024
20180712112800,341250.00000000006,341382.6028704643
20180712112900,341125.0,341256.0674548149
20180712113000,341250.00000000006,341129.5474767685
20180712113100,341250.00000000006,341140.1090025902
20180712113200,341250.00000000006,341198.08822870255
20180712113300,341375.0,341198.08822870255
20180712113400,341500.0,341266.63559675217
20180712113500,341000.0,341393.179833889
20180712113600,340375.0,341176.9387125969
20180712113700,340124.99999999994,340602.5496125221
20180712113800,339875.0,340175.97115039825
20180712113900,339625.0,339923.28625917435
20180712114000,339875.0,339670.685172081
20180712114100,339750.0,339691.65164232254
20180712114200,339875.0,339739.07375335693
20180712114300,339750.0,339749.5558857918
20180712114400,339750.0,339739.07375335693
20180712114500,339750.0,339681.17171525955
20180712114600,340124.99999999994,339681.17171525955
20180712114700,340499.99999999994,339886.3573074341
20180712114800,340750.0,340265.4408812523
20180712114900,341000.0,340576.2240886688
20180712115000,341000.0,340829.1405439377
20180712115100,340875.00000000006,340945.074737072
20180712115200,340875.00000000006,340876.55383348465
20180712115300,340875.00000000006,340818.59666109085
20180712115400,340750.0,340818.59666109085
20180712115500,340750.0,340750.0911951065
20180712115600,340875.00000000006,340692.13622808456
20180712115700,341000.0,340760.6328725815
20180712115800,340625.0,340887.10874319077
20180712115900,340875.00000000006,340739.5406961441
20180712120000,341000.0,340702.6734948158
20180712120100,341250.00000000006,340887.10874319077
20180712120200,341250.00000000006,341082.13198184967
20180712120300,341000.0,341198.08822870255
20180712120400,341125.0,341061.0089302063
20180712120500,340875.00000000006,341013.60005140305
20180712120600,340875.00000000006,340934.51541662216
20180712120700,340750.0,340818.59666109085
20180712120800,340750.0,340750.0911951065
20180712120900,340750.0,340692.13622808456
20180712121000,340750.0,340692.13622808456
20180712121100,340875.00000000006,340692.13622808456
20180712121200,340750.0,340760.6328725815
20180712121300,340375.0,340750.0911951065
20180712121400,340499.99999999994,340486.67937517166
20180712121500,341000.0,340381.3287615776
20180712121600,341000.0,340713.20194005966
20180712121700,341375.0,340945.074737072
20180712121800,341125.0,341150.66832304
20180712121900,341250.00000000006,341187.5156760216
20180712122000,341125.0,341140.1090025902
20180712122100,341250.00000000006,341129.5474767685
20180712122200,341000.0,341140.1090025902
20180712122300,341000.0,341061.0089302063
20180712122400,340750.0,340945.074737072
20180712122500,340625.0,340808.04616212845
20180712122600,340750.0,340623.6461997032
20180712122700,341000.0,340634.1812610626
20180712122800,340499.99999999994,340829.1405439377
20180712122900,340875.00000000006,340671.04625701904
20180712123000,340750.0,340644.70970630646
20180712123100,340375.0,340750.0911951065
20180712123200,340375.0,340486.67937517166
20180712123300,340499.99999999994,340312.8718137741
20180712123400,340375.0,340381.3287615776
20180712123500,340250.0,340370.80693244934
20180712123600,340375.0,340244.4192767143
20180712123700,340625.0,340254.9300789833
20180712123800,340124.99999999994,340449.7967362404
20180712123900,340124.99999999994,340291.821539402
20180712124000,340124.99999999994,340060.1251721382
20180712124100,340124.99999999994,340060.1251721382
20180712124200,340250.0,340060.1251721382
20180712124300,339875.0,340128.56006622314
20180712124400,340000.0,339981.1949133873
20180712124500,339500.0,339875.8707642555
20180712124600,339875.0,339660.1942181587
20180712124700,339875.0,339633.74078273773
20180712124800,339750.0,339807.46454000473
20180712124900,340625.0,339739.07375335693
20180712125000,340875.00000000006,340160.04395484924
20180712125100,340875.00000000006,340702.6734948158
20180712125200,340750.0,340818.59666109085
20180712125300,340750.0,340750.0911951065
20180712125400,340625.0,340692.13622808456
20180712125500,340875.00000000006,340623.6461997032
20180712125600,340750.0,340702.6734948158
20180712125700,340875.00000000006,340750.0911951065
20180712125800,340875.00000000006,340760.6328725815
20180712125900,340875.00000000006,340818.59666109085
20180712130000,340750.0,340818.59666109085
20180712130100,340875.00000000006,340750.0911951065
20180712130200,340625.0,340760.6328725815
20180712130300,340875.00000000006,340681.5901398659
20180712130400,340750.0,340702.6734948158
20180712130500,340625.0,340750.0911951065
20180712130600,341000.0,340623.6461997032
20180712130700,340750.0,340771.1723446846
20180712130800,340875.00000000006,340808.04616212845
20180712130900,340875.00000000006,340760.6328725815
20180712131000,340875.00000000006,340818.59666109085
20180712131100,341250.00000000006,340818.59666109085
20180712131200,341500.0,341024.15055036545
20180712131300,341250.00000000006,341335.1873755455
20180712131400,341250.00000000006,341314.04227018356
20180712131500,341375.0,341198.08822870255
20180712131600,341375.0,341266.63559675217
20180712131700,341250.00000000006,341324.61923360825
20180712131800,341250.00000000006,341256.0674548149
20180712131900,341125.0,341198.08822870255
20180712132000,341250.00000000006,341129.5474767685
20180712132100,341125.0,341140.1090025902
20180712132200,341125.0,341129.5474767685
20180712132300,340875.00000000006,341071.570456028
20180712132400,340625.0,340934.51541662216
20180712132500,340875.00000000006,340681.5901398659
20180712132600,340625.0,340702.6734948158
20180712132700,340499.99999999994,340681.5901398659
20180712132800,340875.00000000006,340497.2166419029
20180712132900,340875.00000000006,340644.70970630646
20180712133000,340750.0,340818.59666109085
20180712133100,340750.0,340750.0911951065
20180712133200,340875.00000000006,340692.13622808456
20180712133300,340875.00000000006,340760.6328725815
20180712133400,340875.00000000006,340818.59666109085
20180712133500,340875.00000000006,340818.59666109085
20180712133600,340875.00000000006,340818.59666109085
20180712133700,340625.0,340818.59666109085
20180712133800,340750.0,340681.5901398659
20180712133900,340875.00000000006,340634.1812610626
20180712134000,340750.0,340760.6328725815
20180712134100,340375.0,340750.0911951065
20180712134200,340250.0,340486.67937517166
20180712134300,340375.0,340244.4192767143
20180712134400,339875.0,340254.9300789833
20180712134500,339875.0,340039.1057729721
20180712134600,339875.0,339807.46454000473
20180712134700,339875.0,339807.46454000473
20180712134800,339750.0,339807.46454000473
20180712134900,339875.0,339739.07375335693
20180712135000,339875.0,339749.5558857918
20180712135100,339875.0,339807.46454000473
20180712135200,339875.0,339807.46454000473
20180712135300,339875.0,339807.46454000473
20180712135400,339750.0,339807.46454000473
20180712135500,339750.0,339739.07375335693
20180712135600,339875.0,339681.17171525955
20180712135700,339875.0,339749.5558857918
20180712135800,339875.0,339807.46454000473
20180712135900,339750.0,339807.46454000473
20180712140000,339625.0,339739.07375335693
20180712140100,339625.0,339612.79195547104
20180712140200,339875.0,339554.8965334892
20180712140300,339875.0,339691.65164232254
20180712140400,339750.0,339807.46454000473
20180712140500,339750.0,339739.07375335693
20180712140600,339875.0,339681.17171525955
20180712140700,339875.0,339749.5558857918
20180712140800,339750.0,339807.46454000473
20180712140900,339875.0,339739.07375335693
20180712141000,339625.0,339749.5558857918
20180712141100,340000.0,339670.685172081
20180712141200,339750.0,339760.0402235985
20180712141300,339875.0,339796.9757914543
20180712141400,339750.0,339749.5558857918
20180712141500,339625.0,339739.07375335693
20180712141600,339250.0,339612.79195547104
20180712141700,339250.0,339349.82120990753
20180712141800,339250.0,339176.20331048965
20180712141900,339500.0,339176.20331048965
20180712142000,339500.0,339312.8702044487
20180712142100,339375.0,339428.6412000656
20180712142200,339250.0,339360.2879047394
20180712142300,339250.0,339234.0766787529
20180712142400,339250.0,339176.20331048965
20180712142500,339250.0,339176.20331048965
20180712142600,339375.0,339176.20331048965
20180712142700,339375.0,339244.5345520973
20180712142800,339375.0,339302.40792036057
20180712142900,339250.0,339302.40792036057
20180712143000,339250.0,339234.0766787529
20180712143100,339250.0,339176.20331048965
20180712143200,339250.0,339176.20331048965
20180712143300,339500.0,339176.20331048965
20180712143400,339375.0,339312.8702044487
20180712143500,339375.0,339360.2879047394
20180712143600,339250.0,339302.40792036057
20180712143700,339000.0,339234.0766787529
20180712143800,338750.0,339039.5717024803
20180712143900,339000.0,338787.2948050499
20180712144000,338875.0,338808.1576228142
20180712144100,339000.0,338855.573117733
20180712144200,339000.0,338866.00893735886
20180712144300,339000.0,338923.86025190353
20180712144400,339000.0,338923.86025190353
20180712144500,338875.0,338923.86025190353
20180712144600,338875.0,338855.573117733
20180712144700,339000.0,338797.73062467575
20180712144800,339000.0,338866.00893735886
20180712144900,338875.0,338923.86025190353
20180712145000,338875.0,338855.573117733
20180712145100,338750.0,338797.73062467575
20180712145200,338875.0,338729.45231199265
20180712145300,339000.0,338739.88151550293
20180712145400,338875.0,338866.00893735886
20180712145500,338875.0,338855.573117733
20180712145600,338875.0,338797.73062467575
20180712145700,338875.0,338797.73062467575
20180712145800,338875.0,338797.73062467575
20180712145900,338875.0,338797.73062467575
20180712150000,338875.0,338797.73062467575
20180712150100,338875.0,338797.73062467575
20180712150200,338750.0,338797.73062467575
20180712150300,338750.0,338729.45231199265
20180712150400,338500.0,338671.6142296791
20180712150500,337500.0,338535.11494398117
20180712150600,337250.0,337873.93122911453
20180712150700,337375.0,337275.80350637436
20180712150800,337250.0,337228.41888666153
20180712150900,337375.0,337218.08010339737
20180712151000,337375.0,337228.41888666153
20180712151100,337125.0,337286.1422896385
20180712151200,337250.0,337150.02673864365
20180712151300,337375.0,337102.64652967453
20180712151400,337375.0,337228.41888666153
20180712151500,337375.0,337286.1422896385
20180712151600,337375.0,337286.1422896385
20180712151700,337250.0,337286.1422896385
20180712151800,337375.0,337218.08010339737
20180712151900,338000.0,337228.41888666153
20180712153000,336000.0,337626.61200761795
20180712153500,336000.0,336826.1590600014
20180713090000,338500.0,335904.2320251465
20180713090100,338500.0,337263.40931653976
20180713090200,339250.0,338419.4696545601
20180713090300,338875.0,338828.9939761162
20180713090400,339000.0,338971.27133607864
20180713090500,339000.0,338866.00893735886
20180713090600,339000.0,338923.86025190353
20180713090700,338750.0,338923.86025190353
20180713090800,339000.0,338787.2948050499
20180713090900,339500.0,338808.1576228142
20180713091000,339000.0,339197.10141420364
20180713091100,338625.0,339155.2831530571
20180713091200,338750.0,338719.01869773865
20180713091300,338500.0,338613.7805581093
20180713091500,338500.0,338535.11494398117
20180713091600,338000.0,338419.4696545601
20180713091700,338750.0,338146.6298699379
20180713091800,339750.0,338324.61220026016
20180713091900,340000.0,339217.96864271164
20180713092000,340000.0,339817.95328855515
20180713092100,340250.0,339933.7838292122
20180713092200,340250.0,340070.6293582916
20180713092300,340000.0,340186.4885687828
20180713092400,340000.0,340049.61878061295
20180713092500,340375.0,339933.7838292122
20180713092600,340499.99999999994,340139.05984163284
20180713092700,340750.0,340381.3287615776
20180713092800,341375.0,340576.2240886688
20180713092900,342125.0,341034.6944332123
20180713093000,342375.0,341736.0710501671
20180713093100,342500.0,342221.42708301544
20180713093200,342500.0,342406.1159491539
20180713093300,342375.0,342464.1392827034
20180713093400,342500.0,342395.4838514328
20180713093500,342375.0,342406.1159491539
20180713093600,342000.0,342395.4838514328
20180713093700,342000.0,342131.54715299606
20180713093800,341750.0,341957.532286644
20180713093900,341750.0,341820.3118443489
20180713094000,341250.00000000006,341704.3203115463
20180713094100,340875.00000000006,341429.9941062927
20180713094200,340750.0,340992.4769997597
20180713094300,341000.0,340750.0911951065
20180713094400,340750.0,340829.1405439377
20180713094600,340750.0,340808.04616212845
20180713094700,340750.0,340692.13622808456
20180713094800,340250.0,340692.13622808456
20180713094900,340250.0,340418.209195137
20180713095000,340250.0,340186.4885687828
20180713095200,340124.99999999994,340186.4885687828
20180713095300,340250.0,340118.051469326
20180713095400,340250.0,340128.56006622314
20180713095500,340250.0,340186.4885687828
20180713095600,340250.0,340186.4885687828
20180713095700,340000.0,340186.4885687828
20180713095800,340250.0,340049.61878061295
20180713095900,340250.0,340070.6293582916
20180713100000,340250.0,340186.4885687828
20180713100100,340250.0,340186.4885687828
20180713100200,340000.0,340186.4885687828
20180713100300,340250.0,340049.61878061295
20180713100400,340000.0,340070.6293582916
20180713100500,340000.0,340049.61878061295
20180713100600,340250.0,339933.7838292122
20180713100700,340124.99999999994,340070.6293582916
20180713100800,340000.0,340118.051469326
20180713100900,340250.0,339991.7035102844
20180713101000,340750.0,340070.6293582916
20180713101100,341000.0,340460.3119492531
20180713101200,341250.00000000006,340829.1405439377
20180713101300,341375.0,341082.13198184967
20180713101400,341125.0,341266.63559675217
20180713101500,341125.0,341187.5156760216
20180713101600,341000.0,341071.570456028
20180713101700,341250.00000000006,341003.0407309532
20180713101800,341500.0,341082.13198184967
20180713101900,341750.0,341335.1873755455
20180713102000,342000.0,341588.3199572563
20180713102100,342625.0,341841.516494751
20180713102200,342875.0,342300.6771206856
20180713102300,342625.0,342728.17301750183
20180713102400,342750.0,342706.8735361099
20180713102500,342750.0,342659.49112176895
20180713102600,342750.0,342717.52548217773
20180713102700,342750.0,342717.52548217773
20180713102800,342750.0,342717.52548217773
20180713102900,342625.0,342717.52548217773
20180713103000,342625.0,342648.84799718857
20180713103100,343000.0,342590.82466363907
20180713103200,342750.0,342796.8549132347
20180713103300,342875.0,342833.58097076416
20180713103400,342750.0,342786.2073779106
20180713103500,342875.0,342775.55322647095
20180713103600,343000.0,342786.2073779106
20180713103700,343125.0,342912.928044796
20180713103800,343250.0,343039.6663546562
20180713103900,343375.0,343166.4178967476
20180713104000,343625.0,343293.1760549545
20180713104100,343750.0,343488.67124319077
20180713104200,343750.0,343673.51669073105
20180713104300,343750.0,343731.5664887428
20180713104400,343875.0,343731.5664887428
20180713104500,343875.0,343800.3189563751
20180713104600,343875.0,343858.36654901505
20180713104700,343625.0,343858.36654901505
20180713104800,343875.0,343720.85720300674
20180713104900,343625.0,343742.2647476196
20180713105000,343375.0,343720.85720300674
20180713105100,344250.0,343467.292368412
20180713105200,344375.0,343832.39167928696
20180713105300,344625.0,344307.62284994125
20180713105400,344625.0,344503.2613873482
20180713105500,344875.0,344619.3830370903
20180713105600,344749.99999999994,344756.9982409477
20180713105700,344625.0,344804.30567264557
20180713105800,344749.99999999994,344677.4372458458
20180713105900,344875.0,344688.190639019
20180713110000,344875.0,344815.0590658188
20180713110100,344625.0,344873.117685318
20180713110200,345000.0,344735.4914546013
20180713110300,345124.99999999994,344825.80584287643
20180713110400,345124.99999999994,345068.82017850876
20180713110500,345250.0,345126.87879800797
20180713110600,345124.99999999994,345195.70845365524
20180713110700,345000.0,345184.9374175072
20180713110800,345124.99999999994,345058.0535531044
20180713110900,345124.99999999994,345068.82017850876
20180713111000,345000.0,345126.87879800797
20180713111100,345000.0,345058.0535531044
20180713111200,345250.0,344999.9949336052
20180713111300,345250.0,345137.6454234123
20180713111400,345250.0,345253.77148389816
20180713111500,345250.0,345253.77148389816
20180713111600,345250.0,345253.77148389816
20180713111700,345124.99999999994,345253.77148389816
20180713111800,345000.0,345184.9374175072
20180713111900,345124.99999999994,345058.0535531044
20180713112000,345124.99999999994,345068.82017850876
20180713112100,345000.0,345126.87879800797
20180713112200,345124.99999999994,345058.0535531044
20180713112300,345250.0,345068.82017850876
20180713112400,345250.0,345195.70845365524
20180713112500,345250.0,345253.77148389816
20180713112600,345124.99999999994,345253.77148389816
20180713112700,345124.99999999994,345184.9374175072
20180713112800,345250.0,345126.87879800797
20180713112900,345250.0,345195.70845365524
20180713113000,344375.0,345253.77148389816
20180713113100,343250.0,344771.9947695732
20180713113200,343000.0,343746.721804142
20180713113300,343250.0,343087.0333313942
20180713113400,343625.0,343108.3680987358
20180713113500,343500.0,343430.6192398071
20180713113600,343750.0,343536.0316038132
20180713113700,343750.0,343615.46248197556
20180713113800,343750.0,343731.5664887428
20180713113900,343875.0,343731.5664887428
20180713114000,343750.0,343800.3189563751
20180713114100,343500.0,343789.6118760109
20180713114200,343625.0,343594.07037496567
20180713114300,343750.0,343546.7232465744
20180713114400,343625.0,343673.51669073105
20180713114500,343750.0,343662.8162264824
20180713114600,343500.0,343673.51669073105
20180713114700,343625.0,343594.07037496567
20180713114800,343625.0,343546.7232465744
20180713114900,343750.0,343604.7730445862
20180713115000,343250.0,343673.51669073105
20180713115100,343250.0,343456.5963149071
20180713115200,343250.0,343224.4544625282
20180713115300,343125.0,343224.4544625282
20180713115400,343250.0,343155.7438969612
20180713115500,343125.0,343166.4178967476
20180713115600,343250.0,343155.7438969612
20180713115700,343125.0,343166.4178967476
20180713115800,343125.0,343155.7438969612
20180713115900,343125.0,343097.7051258087
20180713120000,343000.0,343097.7051258087
20180713120100,343250.0,343028.9989709854
20180713120200,343250.0,343108.3680987358
20180713120300,343250.0,343224.4544625282
20180713120400,343250.0,343224.4544625282
20180713120500,343375.0,343224.4544625282
20180713120600,343375.0,343293.1760549545
20180713120700,343750.0,343351.2104153633
20180713120800,343625.0,343557.40827322006
20180713120900,343500.0,343662.8162264824
20180713121000,343750.0,343536.0316038132
20180713121100,343625.0,343615.46248197556
20180713121200,343625.0,343662.8162264824
20180713121300,343625.0,343604.7730445862
20180713121400,343750.0,343604.7730445862
20180713121500,343625.0,343673.51669073105
20180713121600,343625.0,343662.8162264824
20180713121700,343750.0,343604.7730445862
20180713121800,344000.0,343673.51669073105
20180713121900,343875.0,343869.0736293793
20180713122000,343625.0,343916.4163470268
20180713122100,343875.0,343720.85720300674
20180713122200,343250.0,343742.2647476196
20180713122300,342625.0,343514.6240592003
20180713122400,342750.0,342880.9280991554
20180713122500,342625.0,342659.49112176895
20180713122600,342750.0,342648.84799718857
20180713122700,342625.0,342659.49112176895
20180713122800,342750.0,342648.84799718857
20180713122900,342625.0,342659.49112176895
20180713123000,342625.0,342648.84799718857
20180713123100,342500.0,342590.82466363907
20180713123200,342625.0,342522.1626162529
20180713123300,342625.0,342532.80133008957
20180713123400,342500.0,342590.82466363907
20180713123500,342750.0,342522.1626162529
20180713123600,342500.0,342601.46337747574
20180713123700,342625.0,342580.1815390587
20180713123800,342750.0,342532.80133008957
20180713123900,342625.0,342659.49112176895
20180713124000,342500.0,342648.84799718857
20180713124100,342750.0,342522.1626162529
20180713124200,342875.0,342601.46337747574
20180713124300,342625.0,342786.2073779106
20180713124400,342750.0,342706.8735361099
20180713124500,343000.0,342659.49112176895
20180713124600,343375.0,342854.89147901535
20180713124700,343000.0,343177.0786643028
20180713124800,343125.0,343145.0610756874
20180713124900,343125.0,343039.6663546562
20180713125000,343250.0,343097.7051258087
20180713125100,343125.0,343166.4178967476
20180713125200,343125.0,343155.7438969612
20180713125300,343125.0,343097.7051258087
20180713125400,342875.0,343097.7051258087
20180713125500,342625.0,342960.2972269058
20180713125600,342750.0,342706.8735361099
20180713125700,342375.0,342659.49112176895
20180713125800,342250.0,342511.5150809288
20180713125900,342000.0,342268.82272958755
20180713130000,342375.0,342073.5436677933
20180713130100,342000.0,342163.4015440941
20180713130200,342250.0,342131.54715299606
20180713130300,342250.0,342094.77257728577
20180713130400,342250.0,342210.80380678177
20180713130500,342750.0,342210.80380678177
20180713130600,342750.0,342485.39686203003
20180713130700,342750.0,342717.52548217773
20180713130800,342500.0,342717.52548217773
20180713130900,342625.0,342580.1815390587
20180713131000,342875.0,342532.80133008957
20180713131100,342500.0,342728.17301750183
20180713131200,342750.0,342638.1938457489
20180713131300,342625.0,342601.46337747574
20180713131400,342750.0,342648.84799718857
20180713131500,342750.0,342659.49112176895
20180713131600,342625.0,342717.52548217773
20180713131700,342750.0,342648.84799718857
20180713131800,342750.0,342659.49112176895
20180713131900,342625.0,342717.52548217773
20180713132000,342750.0,342648.84799718857
20180713132100,342500.0,342659.49112176895
20180713132200,342250.0,342580.1815390587
20180713132300,342250.0,342326.8328309059
20180713132400,342125.0,342210.80380678177
20180713132500,342250.0,342142.1726346016
20180713132600,342000.0,342152.7892947197
20180713132700,342125.0,342073.5436677933
20180713132800,342125.0,342026.1524319649
20180713132900,342000.0,342084.16253328323
20180713133000,342000.0,342015.5357718468
20180713133100,342125.0,341957.532286644
20180713133200,342125.0,342026.1524319649
20180713133300,342000.0,342084.16253328323
20180713133400,342250.0,342015.5357718468
20180713133500,342000.0,342094.77257728577
20180713133600,341625.0,342073.5436677933
20180713133700,341875.0,341751.7115473747
20180713133800,341625.0,341714.912712574
20180713133900,341500.0,341693.7190890312
20180713134000,341125.0,341509.15813446045
20180713134100,341125.0,341245.4860806465
20180713134200,341125.0,341071.570456028
20180713134300,340750.0,341071.570456028
20180713134400,340750.0,340866.00333452225
20180713134500,340750.0,340692.13622808456
20180713134600,340750.0,340692.13622808456
20180713134700,340625.0,340692.13622808456
20180713134800,340875.00000000006,340623.6461997032
20180713134900,340750.0,340702.6734948158
20180713135000,340750.0,340750.0911951065
20180713135100,340750.0,340692.13622808456
20180713135200,340750.0,340692.13622808456
20180713135300,340750.0,340692.13622808456
20180713135400,340499.99999999994,340692.13622808456
20180713135500,340625.0,340555.16278743744
20180713135600,340750.0,340507.74508714676
20180713135700,340499.99999999994,340634.1812610626
20180713135800,340875.00000000006,340555.16278743744
20180713135900,340875.00000000006,340644.70970630646
20180713140000,341000.0,340818.59666109085
20180713140100,341125.0,340887.10874319077
20180713140200,341250.00000000006,341013.60005140305
20180713140300,341250.00000000006,341140.1090025902
20180713140400,341000.0,341198.08822870255
20180713140500,341250.00000000006,341061.0089302063
20180713140600,341250.00000000006,341082.13198184967
20180713140700,341250.00000000006,341198.08822870255
20180713140800,341250.00000000006,341198.08822870255
20180713140900,341125.0,341198.08822870255
20180713141000,341250.00000000006,341129.5474767685
20180713141100,341250.00000000006,341140.1090025902
20180713141200,341250.00000000006,341198.08822870255
20180713141300,341125.0,341198.08822870255
20180713141400,341250.00000000006,341129.5474767685
20180713141500,341125.0,341140.1090025902
20180713141600,341375.0,341129.5474767685
20180713141700,341125.0,341208.6563706398
20180713141800,341250.00000000006,341187.5156760216
20180713141900,341125.0,341140.1090025902
20180713142000,341000.0,341129.5474767685
20180713142100,341250.00000000006,341003.0407309532
20180713142200,341125.0,341082.13198184967
20180713142300,341125.0,341129.5474767685
20180713142400,341250.00000000006,341071.570456028
20180713142500,341375.0,341140.1090025902
20180713142600,341375.0,341266.63559675217
20180713142700,341375.0,341324.61923360825
20180713142800,341375.0,341324.61923360825
20180713142900,341500.0,341324.61923360825
20180713143000,341750.0,341393.179833889
20180713143100,341750.0,341588.3199572563
20180713143200,342000.0,341704.3203115463
20180713143300,342375.0,341841.516494751
20180713143400,342250.0,342163.4015440941
20180713143500,342250.0,342268.82272958755
20180713143600,342000.0,342210.80380678177
20180713143700,342250.0,342073.5436677933
20180713143800,342250.0,342094.77257728577
20180713143900,342125.0,342210.80380678177
20180713144000,342250.0,342142.1726346016
20180713144100,342125.0,342152.7892947197
20180713144200,342250.0,342142.1726346016
20180713144300,342250.0,342152.7892947197
20180713144400,342125.0,342210.80380678177
20180713144500,342125.0,342142.1726346016
20180713144600,342250.0,342084.16253328323
20180713144700,342625.0,342152.7892947197
20180713144800,342625.0,342416.7436361313
20180713144900,342625.0,342590.82466363907
20180713145000,342750.0,342590.82466363907
20180713145100,342750.0,342659.49112176895
20180713145200,342625.0,342717.52548217773
20180713145300,342750.0,342648.84799718857
20180713145400,342750.0,342659.49112176895
20180713145500,342750.0,342717.52548217773
20180713145600,342750.0,342717.52548217773
20180713145700,342625.0,342717.52548217773
20180713145800,342625.0,342648.84799718857
20180713145900,342750.0,342590.82466363907
20180713150000,342375.0,342659.49112176895
20180713150100,342250.0,342511.5150809288
20180713150200,342250.0,342268.82272958755
20180713150300,342250.0,342210.80380678177
20180713150400,342375.0,342210.80380678177
20180713150500,342375.0,342279.4438004494
20180713150600,342250.0,342337.46713399887
20180713150700,342250.0,342268.82272958755
20180713150800,342250.0,342210.80380678177
20180713150900,342250.0,342210.80380678177
20180713151000,342125.0,342210.80380678177
20180713151100,342000.0,342142.1726346016
20180713151200,341625.0,342015.5357718468
20180713151300,341625.0,341751.7115473747
20180713151400,341625.0,341577.7341723442
20180713151500,341375.0,341577.7341723442
20180713151600,341125.0,341440.5865073204
20180713151700,341375.0,341187.5156760216
20180713151800,341250.00000000006,341208.6563706398
20180713151900,341375.0,341256.0674548149
20180713153000,342000.0,341266.63559675217
20180713153500,342000.0,341667.48398542404
20180716090000,340750.0,341957.532286644
20180716090100,340499.99999999994,341271.6638445854
20180716090200,340124.99999999994,340555.16278743744
20180716090300,339250.0,340233.8996529579
20180716090400,339125.0,339581.3146829605
20180716090500,339000.0,339107.8853011131
20180716090600,338750.0,338981.7159771919
20180716090700,338750.0,338787.2948050499
20180716090800,338750.0,338671.6142296791
20180716090900,338250.0,338671.6142296791
20180716091000,339000.0,338398.6421227455
20180716091100,338875.0,338576.7545700073
20180716091200,339250.0,338855.573117733
20180716091300,338750.0,339002.5942325592
20180716091400,338375.0,338902.970969677
20180716091500,338250.0,338466.8719172478
20180716091600,338250.0,338225.2293229103
20180716091700,338250.0,338167.4309372902
20180716091800,338250.0,338167.4309372902
20180716091900,338500.0,338167.4309372902
20180716092000,337750.0,338303.83759737015
20180716092100,337625.0,338010.26290655136
20180716092200,337750.0,337595.55155038834
20180716092300,337875.0,337605.91238737106
20180716092400,337875.0,337731.80162906647
20180716092500,337750.0,337789.57134485245
20180716092600,337750.0,337721.43417596817
20180716092700,337750.0,337663.67107629776
20180716092800,337875.0,337663.67107629776
20180716092900,337750.0,337731.80162906647
20180716093000,337875.0,337721.43417596817
20180716093100,337750.0,337731.80162906647
20180716093200,337625.0,337721.43417596817
20180716093300,337750.0,337595.55155038834
20180716093400,337750.0,337605.91238737106
20180716093500,337625.0,337663.67107629776
20180716093600,337000.0,337595.55155038834
20180716093700,336750.0,337197.3893046379
20180716093800,336250.00000000006,336772.8794813156
20180716093900,335750.0,336385.7154250145
20180716094000,335750.0,335883.7066292763
20180716094100,335874.99999999994,335653.3952355385
20180716094200,336125.0,335721.2148308754
20180716094300,336125.0,335914.4825935364
20180716094400,336250.00000000006,336029.70004081726
20180716094500,336250.00000000006,336097.5791811943
20180716094600,336125.0,336155.20334243774
20180716094700,335750.0,336087.31096982956
20180716094800,335625.0,335826.12657546997
20180716094900,335750.0,335585.59107780457
20180716095000,335750.0,335595.82620859146
20180716095100,335750.0,335653.3952355385
20180716095200,335625.0,335653.3952355385
20180716095300,335125.0,335585.59107780457
20180716095400,335125.0,335256.95979595184
20180716095500,335250.0,335026.91745758057
20180716095600,335375.0,335094.62237358093
20180716095700,335375.0,335219.8720574379
20180716095800,335250.0,335277.4013876915
20180716095900,335250.0,335209.6611857414
20180716100000,335499.99999999994,335152.1428823471
20180716100100,335000.0,335287.6144647598
20180716100200,335250.0,335131.7145228386
20180716100300,334625.0,335037.11730241776
20180716100400,334250.0,334813.66461515427
20180716100500,333875.0,334323.60231876373
20180716100600,333875.0,333948.8170146942
20180716100700,333750.0,333776.7384648323
20180716100800,333500.0,333709.27172899246
20180716100900,333750.0,333517.06916093826
20180716101000,333625.0,333537.27036714554
20180716101100,333875.0,333584.4962000847
20180716101200,333875.0,333662.0414853096
20180716101300,334125.0,333776.7384648323
20180716101400,334000.0,333911.702811718
20180716101500,333625.0,333958.946287632
20180716101600,333625.0,333699.153482914
20180716101700,333500.0,333527.17196941376
20180716101800,333625.0,333459.7581624985
20180716101900,334125.0,333469.8543548584
20180716102000,334125.0,333796.96172475815
20180716102100,333750.0,334026.4615416527
20180716102200,334125.0,333823.96429777145
20180716102300,334000.0,333854.3300628662
20180716102400,333875.0,333958.946287632
20180716102500,333875.0,333834.0913653374
20180716102600,334000.0,333776.7384648323
20180716102700,333625.0,333844.20961141586
20180716102800,333875.0,333699.153482914
20180716102900,334000.0,333662.0414853096
20180716103000,334125.0,333844.20961141586
20180716103100,334125.0,333969.0799713135
20180716103200,334750.0,334026.4615416527
20180716103300,334500.0,334364.2120361328
20180716103400,333750.0,334516.2150859833
20180716103500,333750.0,333996.03843688965
20180716103600,333500.0,333651.9342660904
20180716103700,333500.0,333517.06916093826
20180716103800,333375.0,333402.4515748024
20180716103900,333125.0,333335.0598216057
20180716104000,333000.0,333143.0557370186
20180716104100,333125.0,332961.22282743454
20180716104200,332875.0,332971.2859392166
20180716104300,332625.0,332893.9236998558
20180716104400,332750.0,332644.95927095413
20180716104500,332750.0,332597.8084206581
20180716104600,332000.00000000006,332655.0069451332
20180716104700,331625.00000000006,332251.7988085747
20180716104800,331625.00000000006,331707.95851945877
20180716104900,331625.00000000006,331536.8260741234
20180716105000,331625.00000000006,331536.8260741234
20180716105100,331625.00000000006,331536.8260741234
20180716105200,331625.00000000006,331536.8260741234
20180716105300,331875.0,331536.8260741234
20180716105400,332000.00000000006,331670.8553433418
20180716105500,332375.0,331852.05310583115
20180716105600,332125.0,332110.45652627945
20180716105700,332250.0,332147.5751399994
20180716105800,332250.0,332100.4573702812
20180716105900,332250.0,332157.5853228569
20180716110000,332375.0,332157.5853228569
20180716110100,332500.0,332224.72566366196
20180716110200,332375.0,332349.04247522354
20180716110300,332375.0,332339.02126550674
20180716110400,332000.00000000006,332281.87346458435
20180716110500,332000.00000000006,332080.4458260536
20180716110600,332625.0,331909.1457724571
20180716110700,332250.0,332244.7394132614
20180716110800,332125.0,332328.99564504623
20180716110900,332250.0,332090.4538035393
20180716111000,332125.0,332100.4573702812
20180716111100,331750.0,332090.4538035393
20180716111200,331750.0,331832.07243680954
20180716111300,331750.0,331660.88485717773
20180716111400,331500.0,331660.88485717773
20180716111500,331500.0,331526.859998703
20180716111600,331750.0,331412.813603878
20180716111700,331249.99999999994,331546.7899441719
20180716111800,331125.0,331392.89247989655
20180716111900,331249.99999999994,331098.0276465416
20180716112000,331249.99999999994,331107.962846756
20180716112100,331249.99999999994,331164.9364233017
20180716112200,331125.0,331164.9364233017
20180716112300,331125.0,331098.0276465416
20180716112400,331000.0,331041.0695075989
20180716112500,331125.0,330974.19160604477
20180716112600,331125.0,330984.1179847717
20180716112700,331750.0,331041.0695075989
20180716112800,331875.0,331375.6927847862
20180716112900,331249.99999999994,331727.91934013367
20180716113000,331125.0,331449.8991370201
20180716113100,331625.00000000006,331098.0276465416
20180716113200,331375.0,331308.73769521713
20180716113300,331249.99999999994,331402.85634994507
20180716113400,331500.0,331221.916615963
20180716113500,331249.99999999994,331298.79808425903
20180716113600,331500.0,331278.901219368
20180716113700,331375.0,331298.79808425903
20180716113800,331375.0,331345.8541035652
20180716113900,331875.0,331288.8496518135
20180716114000,331875.0,331556.74719810486
20180716114100,331625.00000000006,331784.9899530411
20180716114200,331625.00000000006,331650.9077548981
20180716114300,331750.0,331536.8260741234
20180716114400,331625.00000000006,331603.83409261703
20180716114500,332250.0,331593.8614010811
20180716114600,332500.0,331872.0117211342
20180716114700,332750.0,332291.8880581856
20180716114800,332500.0,332540.61871767044
20180716114900,333125.0,332520.5476284027
20180716115000,332500.0,332742.33746528625
20180716115100,331750.0,332692.10571050644
20180716115200,331625.00000000006,332003.3195614815
20180716115300,331625.00000000006,331593.8614010811
20180716115400,331500.0,331536.8260741234
20180716115500,331625.00000000006,331469.8356986046
20180716115600,331750.0,331479.7951579094
20180716115700,332125.0,331603.83409261703
20180716115800,331875.0,331862.0346188545
20180716115900,332125.0,331899.1510272026
20180716120000,332125.0,331919.1316962242
20180716120100,331750.0,332033.33908319473
20180716120200,331875.0,331832.07243680954
20180716120300,331875.0,331727.91934013367
20180716120400,331875.0,331784.9899530411
20180716120500,331750.0,331784.9899530411
20180716120600,332375.0,331717.942237854
20180716120700,332250.0,331996.2094426155
20180716120800,332375.0,332214.71548080444
20180716120900,332500.0,332224.72566366196
20180716121000,332000.00000000006,332349.04247522354
20180716121100,331750.0,332137.56054639816
20180716121200,331875.0,331775.00623464584
20180716121300,332500.0,331727.91934013367
20180716121400,332125.0,332120.45127153397
20180716121500,332375.0,332204.7008872032
20180716121600,332375.0,332167.58888959885
20180716121700,331625.00000000006,332281.87346458435
20180716121800,331875.0,331879.1460990906
20180716121900,332375.0,331670.8553433418
20180716122000,332125.0,332053.32857370377
20180716122100,331625.00000000006,332147.5751399994
20180716122200,332000.00000000006,331765.0136947632
20180716122300,331750.0,331737.8942370415
20180716122400,331750.0,331775.00623464584
20180716122500,331875.0,331660.88485717773
20180716122600,332000.00000000006,331727.91934013367
20180716122700,332750.0,331852.05310583115
20180716122800,333375.0,332311.9040131569
20180716122900,334250.0,332991.4011359215
20180716123000,333750.0,333749.69840049744
20180716123100,333000.0,333881.32160902023
20180716123200,332625.0,333247.4977374077
20180716123300,333250.0,332702.1600008011
20180716123400,333625.0,332866.8483495712
20180716123500,333125.0,333355.2345633507
20180716123600,332375.0,333257.5939297676
20180716123700,332250.0,332624.85951185226
20180716123800,332250.0,332214.71548080444
20180716123900,332375.0,332157.5853228569
20180716124000,332375.0,332224.72566366196
20180716124100,332750.0,332281.87346458435
20180716124200,332500.0,332483.42901468277
20180716124300,332125.0,332520.5476284027
20180716124400,332375.0,332204.7008872032
20180716124500,332125.0,332167.58888959885
20180716124600,332250.0,332147.5751399994
20180716124700,332250.0,332100.4573702812
20180716124800,332875.0,332157.5853228569
20180716124900,332750.0,332493.45022439957
20180716125000,332500.0,332712.209880352
20180716125100,332250.0,332520.5476284027
20180716125200,332375.0,332271.85225486755
20180716125300,332500.0,332224.72566366196
20180716125400,333125.0,332349.04247522354
20180716125500,333750.0,332742.33746528625
20180716125600,332875.0,333365.31311273575
20180716125700,332125.0,333180.1346540451
20180716125800,332125.0,332376.1090040207
20180716125900,332250.0,332033.33908319473
20180716130000,332500.0,332100.4573702812
20180716130100,332125.0,332291.8880581856
20180716130200,332250.0,332204.7008872032
20180716130300,332750.0,332100.4573702812
20180716130400,332500.0,332426.2481331825
20180716130500,332250.0,332520.5476284027
20180716130600,331750.0,332271.85225486755
20180716130700,333375.0,331889.14746046066
20180716130800,333000.0,332533.4821343422
20180716130900,332125.0,333075.7147073746
20180716131000,332375.0,332433.2568049431
20180716131100,332250.0,332167.58888959885
20180716131200,331750.0,332214.71548080444
20180716131300,332000.00000000006,331889.14746046066
20180716131400,332375.0,331794.9692606926
20180716131500,331750.0,332110.45652627945
20180716131600,332000.00000000006,331946.2313055992
20180716131700,332250.0,331794.9692606926
20180716131800,332250.0,332043.33823919296
20180716131900,332625.0,332157.5853228569
20180716132000,332375.0,332359.0614795685
20180716132100,332500.0,332396.17788791656
20180716132200,332375.0,332349.04247522354
20180716132300,332125.0,332339.02126550674
20180716132400,332125.0,332147.5751399994
20180716132500,332250.0,332033.33908319473
20180716132600,332125.0,332100.4573702812
20180716132700,332125.0,332090.4538035393
20180716132800,332125.0,332033.33908319473
20180716132900,331750.0,332033.33908319473
20180716133000,331875.0,331832.07243680954
20180716133100,331875.0,331727.91934013367
20180716133200,331750.0,331784.9899530411
20180716133300,331750.0,331717.942237854
20180716133400,332250.0,331660.88485717773
20180716133500,332500.0,331929.1132092476
20180716133600,331750.0,332291.8880581856
20180716133700,331625.00000000006,332003.3195614815
20180716133800,331625.00000000006,331593.8614010811
20180716133900,331625.00000000006,331536.8260741234
20180716134000,331750.0,331536.8260741234
20180716134100,331625.00000000006,331603.83409261703
20180716134200,332125.0,331593.8614010811
20180716134300,332375.0,331804.94636297226
20180716134400,332375.0,332167.58888959885
20180716134500,332000.00000000006,332281.87346458435
20180716134600,331750.0,332080.4458260536
20180716134700,331750.0,331775.00623464584
20180716134800,331625.00000000006,331660.88485717773
20180716134900,331875.0,331593.8614010811
20180716135000,331750.0,331670.8553433418
20180716135100,331625.00000000006,331717.942237854
20180716135200,332500.0,331593.8614010811
20180716135300,332000.00000000006,332006.1909556389
20180716135400,332000.00000000006,332137.56054639816
20180716135500,331875.0,331909.1457724571
20180716135600,331625.00000000006,331842.0649766922
20180716135700,331375.0,331650.9077548981
20180716135800,331125.0,331402.85634994507
20180716135900,331375.0,331154.99460697174
20180716140000,331375.0,331174.87382888794
20180716140100,331625.00000000006,331288.8496518135
20180716140200,331750.0,331422.7686524391
20180716140300,331375.0,331603.83409261703
20180716140400,331125.0,331459.86741781235
20180716140500,331125.0,331154.99460697174
20180716140600,332125.0,331041.0695075989
20180716140700,331500.0,331576.6506791115
20180716140800,331249.99999999994,331697.9725956917
20180716140900,331375.0,331278.901219368
20180716141000,331249.99999999994,331231.85843229294
20180716141100,331625.00000000006,331221.916615963
20180716141200,331875.0,331365.75096845627
20180716141300,331625.00000000006,331670.8553433418
20180716141400,331750.0,331650.9077548981
20180716141500,331500.0,331603.83409261703
20180716141600,331249.99999999994,331526.859998703
20180716141700,331249.99999999994,331278.901219368
20180716141800,331125.0,331164.9364233017
20180716141900,331375.0,331098.0276465416
20180716142000,331750.0,331174.87382888794
20180716142100,331750.0,331489.7502064705
20180716142200,332125.0,331660.88485717773
20180716142300,331750.0,331862.0346188545
20180716142400,331625.00000000006,331832.07243680954
20180716142500,331500.0,331593.8614010811
20180716142600,331249.99999999994,331469.8356986046
20180716142700,331750.0,331278.901219368
20180716142800,331375.0,331432.7192902565
20180716142900,331125.0,331459.86741781235
20180716143000,331125.0,331154.99460697174
20180716143100,331375.0,331041.0695075989
20180716143200,331500.0,331174.87382888794
20180716143300,331500.0,331355.8047413826
20180716143400,331375.0,331412.813603878
20180716143500,331375.0,331345.8541035652
20180716143600,331125.0,331288.8496518135
20180716143700,331375.0,331154.99460697174
20180716143800,331875.0,331174.87382888794
20180716143900,331625.00000000006,331556.74719810486
20180716144000,331249.99999999994,331650.9077548981
20180716144100,331375.0,331335.8946442604
20180716144200,331625.00000000006,331231.85843229294
20180716144300,331375.0,331422.7686524391
20180716144400,331249.99999999994,331402.85634994507
20180716144500,331500.0,331221.916615963
20180716144600,332125.0,331298.79808425903
20180716144700,332000.00000000006,331747.86472320557
20180716144800,331875.0,331966.2384390831
20180716144900,331500.0,331842.0649766922
20180716145000,331375.0,331583.88870954514
20180716145100,331249.99999999994,331345.8541035652
20180716145200,331249.99999999994,331221.916615963
20180716145300,331249.99999999994,331164.9364233017
20180716145400,331125.0,331164.9364233017
20180716145500,331125.0,331098.0276465416
20180716145600,331249.99999999994,331041.0695075989
20180716145700,331249.99999999994,331107.962846756
20180716145800,331249.99999999994,331164.9364233017
20180716145900,331249.99999999994,331164.9364233017
20180716150000,331125.0,331164.9364233017
20180716150100,331249.99999999994,331098.0276465416
20180716150200,331125.0,331107.962846756
20180716150300,331249.99999999994,331098.0276465416
20180716150400,331125.0,331107.962846756
20180716150500,331125.0,331098.0276465416
20180716150600,331125.0,331041.0695075989
20180716150700,331125.0,331041.0695075989
20180716150800,331249.99999999994,331041.0695075989
20180716150900,331249.99999999994,331107.962846756
20180716151000,331125.0,331164.9364233017
20180716151100,331249.99999999994,331098.0276465416
20180716151200,331125.0,331107.962846756
20180716151300,331125.0,331098.0276465416
20180716151400,331249.99999999994,331041.0695075989
20180716151500,331249.99999999994,331107.962846756
20180716151600,331000.0,331164.9364233017
20180716151700,330750.0,331031.1387181282
20180716151800,330625.0,330783.56808423996
20180716151900,331125.0,330602.9745936394
20180716153000,331500.0,330813.30090761185
20180716153500,331500.0,331241.79804325104
20180717090000,332500.0,331412.813603878
20180717090100,332750.0,331949.0674138069
20180717090200,332500.0,332540.61871767044
20180717090300,332250.0,332520.5476284027
20180717090400,332250.0,332271.85225486755
20180717090500,332375.0,332157.5853228569
20180717090600,332500.0,332224.72566366196
20180717090700,332375.0,332349.04247522354
20180717090800,332750.0,332339.02126550674
20180717090900,333000.0,332483.42901468277
20180717091000,333250.0,332789.523601532
20180717091100,333250.0,333038.60050439835
20180717091200,333375.0,333153.13428640366
20180717091300,333250.0,333220.48634290695
20180717091400,333125.0,333210.4077935219
20180717091500,332875.0,333085.7910513878
20180717091600,332625.0,332893.9236998558
20180717091700,332750.0,332644.95927095413
20180717091800,332625.0,332597.8084206581
20180717091900,332750.0,332587.7717733383
20180717092000,332875.0,332597.8084206581
20180717092100,332500.0,332722.25534915924
20180717092200,332875.0,332577.7263045311
20180717092300,332750.0,332607.84286260605
20180717092400,332750.0,332712.209880352
20180717092500,332750.0,332655.0069451332
20180717092600,332625.0,332655.0069451332
20180717092700,332875.0,332587.7717733383
20180717092800,332750.0,332665.04579782486
20180717092900,332875.0,332712.209880352
20180717093000,332875.0,332722.25534915924
20180717093100,332750.0,332779.47372198105
20180717093200,332750.0,332712.209880352
20180717093300,332875.0,332655.0069451332
20180717093400,332875.0,332722.25534915924
20180717093500,333000.0,332779.47372198105
20180717093600,333500.0,332846.74859046936
20180717093700,333375.0,333173.27374219894
20180717093800,333750.0,333335.0598216057
20180717093900,334500.0,333479.94834184647
20180717094000,334750.0,334056.84274435043
20180717094100,334625.0,334536.5508198738
20180717094200,335000.0,334583.83399248123
20180717094300,335625.0,334729.2782664299
20180717094400,335750.0,335240.27836322784
20180717094500,335750.0,335595.82620859146
20180717094600,335750.0,335653.3952355385
20180717094700,335750.0,335653.3952355385
20180717094800,336000.0,335653.3952355385
20180717094900,335750.0,335789.0410423279
20180717095000,335874.99999999994,335768.54652166367
20180717095100,336000.0,335721.2148308754
20180717095200,335874.99999999994,335846.6343283653
20180717095300,335874.99999999994,335836.38375997543
20180717095400,336250.00000000006,335778.7948846817
20180717095500,336250.00000000006,335982.33968019485
20180717095600,336250.00000000006,336155.20334243774
20180717095700,336000.0,336155.20334243774
20180717095800,335499.99999999994,336019.4340348244
20180717095900,335750.0,335632.905125618
20180717100000,335625.0,335538.2593870163
20180717100100,335625.0,335585.59107780457
20180717100200,335625.0,335528.0286669731
20180717100300,335750.0,335528.0286669731
20180717100400,335375.0,335595.82620859146
20180717100500,335250.0,335450.01143217087
20180717100600,335375.0,335209.6611857414
20180717100700,335499.99999999994,335219.8720574379
20180717100800,335499.99999999994,335345.1548218727
20180717100900,335625.0,335402.70179510117
20180717101000,335625.0,335470.47287225723
20180717101100,335750.0,335528.0286669731
20180717101200,335750.0,335595.82620859146
20180717101300,335750.0,335653.3952355385
20180717101400,335750.0,335653.3952355385
20180717101500,335750.0,335653.3952355385
20180717101600,335874.99999999994,335653.3952355385
20180717101700,335874.99999999994,335721.2148308754
20180717101800,336000.0,335778.7948846817
20180717101900,336125.0,335846.6343283653
20180717102000,336250.00000000006,335972.08911180496
20180717102100,336250.00000000006,336097.5791811943
20180717102200,336625.00000000006,336155.20334243774
20180717102300,336625.00000000006,336358.931183815
20180717102400,336750.0,336531.900703907
20180717102500,336750.0,336599.86144304276
20180717102600,336750.0,336657.5319170952
20180717102700,336750.0,336657.5319170952
20180717102800,336375.0,336657.5319170952
20180717102900,335750.0,336453.6541104317
20180717103000,335499.99999999994,335941.29329919815
20180717103100,335250.0,335517.7957415581
20180717103200,335499.99999999994,335267.1816945076
20180717103300,335625.0,335287.6144647598
20180717103400,335250.0,335470.47287225723
20180717103500,335125.0,335324.7110247612
20180717103600,335125.0,335084.42252874374
20180717103700,335375.0,335026.91745758057
20180717103800,335000.0,335162.347137928
20180717103900,334750.0,335074.2116570473
20180717104000,334875.0,334766.3902640343
20180717104100,334625.0,334719.10268068314
20180717104200,334750.0,334641.28613471985
20180717104300,334750.0,334594.0051674843
20180717104400,334750.0,334651.46392583847
20180717104500,334750.0,334651.46392583847
20180717104600,334625.0,334651.46392583847
20180717104700,334750.0,334583.83399248123
20180717104800,334750.0,334594.0051674843
20180717104900,334625.0,334651.46392583847
20180717105000,334750.0,334583.83399248123
20180717105100,334875.0,334594.0051674843
20180717105200,334750.0,334719.10268068314
20180717105300,334750.0,334708.9248895645
20180717105400,334750.0,334651.46392583847
20180717105500,334875.0,334651.46392583847
20180717105600,334750.0,334719.10268068314
20180717105700,334750.0,334708.9248895645
20180717105800,334875.0,334651.46392583847
20180717105900,334625.0,334719.10268068314
20180717110000,334625.0,334641.28613471985
20180717110100,334875.0,334526.3862609863
20180717110200,334875.0,334661.6373062134
20180717110300,334250.0,334776.5790820122
20180717110400,334375.0,334438.4382367134
20180717110500,334250.0,334218.9375758171
20180717110600,334250.0,334208.7884545326
20180717110700,334250.0,334151.38483047485
20180717110800,334250.0,334151.38483047485
20180717110900,334250.0,334151.38483047485
20180717111000,334250.0,334151.38483047485
20180717111100,334125.0,334151.38483047485
20180717111200,334625.0,334083.84972810745
20180717111300,334875.0,334296.63944244385
20180717111400,334500.0,334661.6373062134
20180717111500,334750.0,334573.65840673447
20180717111600,334625.0,334536.5508198738
20180717111700,334000.0,334583.83399248123
20180717111800,333875.0,334188.47918510437
20180717111900,333625.0,333834.0913653374
20180717112000,333500.0,333641.8204307556
20180717112100,333625.0,333459.7581624985
20180717112200,333375.0,333469.8543548584
20180717112300,333125.0,333392.3553824425
20180717112400,333125.0,333143.0557370186
20180717112500,333000.0,333028.5351872444
20180717112600,333250.0,332961.22282743454
20180717112700,333750.0,333038.60050439835
20180717112800,333625.0,333422.6263165474
20180717112900,333625.0,333584.4962000847
20180717113000,333375.0,333527.17196941376
20180717113100,333250.0,333392.3553824425
20180717113200,333375.0,333210.4077935219
20180717113300,333625.0,333220.48634290695
20180717113400,333625.0,333412.5433564186
20180717113500,333625.0,333527.17196941376
20180717113600,333375.0,333527.17196941376
20180717113700,333125.0,333392.3553824425
20180717113800,333250.0,333143.0557370186
20180717113900,333625.0,333095.86519002914
20180717114000,333625.0,333355.2345633507
20180717114100,333750.0,333527.17196941376
20180717114200,333750.0,333594.60121393204
20180717114300,333375.0,333651.9342660904
20180717114400,333250.0,333449.655354023
20180717114500,333250.0,333210.4077935219
20180717114600,333125.0,333153.13428640366
20180717114700,332875.0,333085.7910513878
20180717114800,333375.0,332893.9236998558
20180717114900,333250.0,333048.6636161804
20180717115000,333125.0,333210.4077935219
20180717115100,333250.0,333085.7910513878
20180717115200,333500.0,333095.86519002914
20180717115300,333250.0,333287.8516316414
20180717115400,333000.0,333267.6857113838
20180717115500,333125.0,333018.4654593468
20180717115600,332750.0,332971.2859392166
20180717115700,332625.0,332826.6333937645
20180717115800,332625.0,332587.7717733383
20180717115900,332625.0,332530.5886864662
20180717120000,332875.0,332530.5886864662
20180717120100,333125.0,332665.04579782486
20180717120200,333375.0,332914.0411019325
20180717120300,333750.0,333163.2040143013
20180717120400,333000.0,333479.94834184647
20180717120500,332750.0,333247.4977374077
20180717120600,332750.0,332769.42163705826
20180717120700,332750.0,332655.0069451332
20180717120800,332875.0,332655.0069451332
20180717120900,333000.0,332722.25534915924
20180717121000,333250.0,332846.74859046936
20180717121100,333000.0,333038.60050439835
20180717121200,332750.0,333018.4654593468
20180717121300,333375.0,332769.42163705826
20180717121400,333625.0,332991.4011359215
20180717121500,333125.0,333412.5433564186
20180717121600,333250.0,333257.5939297676
20180717121700,333375.0,333095.86519002914
20180717121800,333125.0,333220.48634290695
20180717121900,333125.0,333143.0557370186
20180717122000,333250.0,333028.5351872444
20180717122100,333125.0,333095.86519002914
20180717122200,333250.0,333085.7910513878
20180717122300,333375.0,333095.86519002914
20180717122400,333125.0,333220.48634290695
20180717122500,333125.0,333143.0557370186
20180717122600,333250.0,333028.5351872444
20180717122700,333625.0,333095.86519002914
20180717122800,333625.0,333355.2345633507
20180717122900,333750.0,333527.17196941376
20180717123000,333625.0,333594.60121393204
20180717123100,333250.0,333584.4962000847
20180717123200,333250.0,333324.9680399895
20180717123300,333125.0,333153.13428640366
20180717123400,333250.0,333085.7910513878
20180717123500,333125.0,333095.86519002914
20180717123600,333125.0,333085.7910513878
20180717123700,333125.0,333028.5351872444
20180717123800,333250.0,333028.5351872444
20180717123900,333125.0,333095.86519002914
20180717124000,333250.0,333085.7910513878
20180717124100,333250.0,333095.86519002914
20180717124200,333500.0,333153.13428640366
20180717124300,333750.0,333287.8516316414
20180717124400,333750.0,333537.27036714554
20180717124500,333625.0,333651.9342660904
20180717124600,333625.0,333584.4962000847
20180717124700,333625.0,333527.17196941376
20180717124800,333750.0,333527.17196941376
20180717124900,333750.0,333594.60121393204
20180717125000,333500.0,333651.9342660904
20180717125100,333500.0,333517.06916093826
20180717125200,333125.0,333402.4515748024
20180717125300,333250.0,333200.3204226494
20180717125400,333250.0,333095.86519002914
20180717125500,333125.0,333153.13428640366
20180717125600,333250.0,333085.7910513878
20180717125700,333125.0,333095.86519002914
20180717125800,333250.0,333085.7910513878
20180717125900,333250.0,333095.86519002914
20180717130000,333125.0,333153.13428640366
20180717130100,333125.0,333085.7910513878
20180717130200,333250.0,333028.5351872444
20180717130300,333375.0,333095.86519002914
20180717130400,333250.0,333220.48634290695
20180717130500,333250.0,333210.4077935219
20180717130600,333250.0,333153.13428640366
20180717130700,333250.0,333153.13428640366
20180717130800,333250.0,333153.13428640366
20180717130900,333125.0,333153.13428640366
20180717131000,333250.0,333085.7910513878
20180717131100,333125.0,333095.86519002914
20180717131200,333125.0,333085.7910513878
20180717131300,333125.0,333028.5351872444
20180717131400,333125.0,333028.5351872444
20180717131500,333000.0,333028.5351872444
20180717131600,332750.0,332961.22282743454
20180717131700,332625.0,332769.42163705826
20180717131800,332875.0,332587.7717733383
20180717131900,332750.0,332665.04579782486
20180717132000,332750.0,332712.209880352
20180717132100,332625.0,332655.0069451332
20180717132200,332875.0,332587.7717733383
20180717132300,333125.0,332665.04579782486
20180717132400,333125.0,332914.0411019325
20180717132500,333250.0,333028.5351872444
20180717132600,333125.0,333095.86519002914
20180717132700,333000.0,333085.7910513878
20180717132800,333250.0,332961.22282743454
20180717132900,333250.0,333038.60050439835
20180717133000,333125.0,333153.13428640366
20180717133100,333125.0,333085.7910513878
20180717133200,333250.0,333028.5351872444
20180717133300,333375.0,333095.86519002914
20180717133400,333125.0,333220.48634290695
20180717133500,333000.0,333143.0557370186
20180717133600,333125.0,332961.22282743454
20180717133700,333125.0,332971.2859392166
20180717133800,333250.0,333028.5351872444
20180717133900,332875.0,333095.86519002914
20180717134000,332625.0,332951.1530995369
20180717134100,332750.0,332644.95927095413
20180717134200,332750.0,332597.8084206581
20180717134300,332750.0,332655.0069451332
20180717134400,332750.0,332655.0069451332
20180717134500,332875.0,332655.0069451332
20180717134600,332625.0,332722.25534915924
20180717134700,332625.0,332644.95927095413
20180717134800,332625.0,332530.5886864662
20180717134900,332750.0,332530.5886864662
20180717135000,332875.0,332597.8084206581
20180717135100,332625.0,332722.25534915924
20180717135200,332625.0,332644.95927095413
20180717135300,333000.0,332530.5886864662
20180717135400,333125.0,332732.30081796646
20180717135500,333250.0,332971.2859392166
20180717135600,333125.0,333095.86519002914
20180717135700,333125.0,333085.7910513878
20180717135800,333250.0,333028.5351872444
20180717135900,333250.0,333095.86519002914
20180717140000,332875.0,333153.13428640366
20180717140100,332875.0,332951.1530995369
20180717140200,332625.0,332779.47372198105
20180717140300,332875.0,332644.95927095413
20180717140400,332750.0,332665.04579782486
20180717140500,332625.0,332712.209880352
20180717140600,332750.0,332587.7717733383
20180717140700,332625.0,332597.8084206581
20180717140800,332750.0,332587.7717733383
20180717140900,332625.0,332597.8084206581
20180717141000,332750.0,332587.7717733383
20180717141100,332875.0,332597.8084206581
20180717141200,332875.0,332722.25534915924
20180717141300,332625.0,332779.47372198105
20180717141400,332500.0,332644.95927095413
20180717141500,332250.0,332463.37336301804
20180717141600,332375.0,332271.85225486755
20180717141700,332250.0,332224.72566366196
20180717141800,332250.0,332214.71548080444
20180717141900,332375.0,332157.5853228569
20180717142000,332750.0,332224.72566366196
20180717142100,332250.0,332483.42901468277
20180717142200,332125.0,332386.1434459686
20180717142300,332375.0,332090.4538035393
20180717142400,332250.0,332167.58888959885
20180717142500,332125.0,332214.71548080444
20180717142600,332250.0,332090.4538035393
20180717142700,332250.0,332100.4573702812
20180717142800,332750.0,332157.5853228569
20180717142900,332750.0,332426.2481331825
20180717143000,332875.0,332655.0069451332
20180717143100,332625.0,332722.25534915924
20180717143200,332625.0,332644.95927095413
20180717143300,332125.0,332530.5886864662
20180717143400,332250.0,332261.8288397789
20180717143500,332125.0,332100.4573702812
20180717143600,332375.0,332090.4538035393
20180717143700,332375.0,332167.58888959885
20180717143800,332250.0,332281.87346458435
20180717143900,332250.0,332214.71548080444
20180717144000,332250.0,332157.5853228569
20180717144100,332750.0,332157.5853228569
20180717144200,332625.0,332426.2481331825
20180717144300,332750.0,332587.7717733383
20180717144400,332875.0,332597.8084206581
20180717144500,332875.0,332722.25534915924
20180717144600,332750.0,332779.47372198105
20180717144700,332750.0,332712.209880352
20180717144800,332750.0,332655.0069451332
20180717144900,332750.0,332655.0069451332
20180717145000,332625.0,332655.0069451332
20180717145100,332750.0,332587.7717733383
20180717145200,332750.0,332597.8084206581
20180717145300,333125.0,332655.0069451332
20180717145400,333000.0,332856.80067539215
20180717145500,332625.0,332961.22282743454
20180717145600,332500.0,332702.1600008011
20180717145700,332625.0,332463.37336301804
20180717145800,332625.0,332473.40339422226
20180717145900,332500.0,332530.5886864662
20180717150000,332875.0,332463.37336301804
20180717150100,332750.0,332607.84286260605
20180717150200,332875.0,332712.209880352
20180717150300,332875.0,332722.25534915924
20180717150400,332750.0,332779.47372198105
20180717150500,332500.0,332712.209880352
20180717150600,332375.0,332520.5476284027
20180717150700,332125.0,332339.02126550674
20180717150800,332250.0,332147.5751399994
20180717150900,332375.0,332100.4573702812
20180717151000,332250.0,332224.72566366196
20180717151100,332750.0,332214.71548080444
20180717151200,332750.0,332426.2481331825
20180717151300,332875.0,332655.0069451332
20180717151400,332625.0,332722.25534915924
20180717151500,332750.0,332644.95927095413
20180717151600,332750.0,332597.8084206581
20180717151700,332875.0,332655.0069451332
20180717151800,332500.0,332722.25534915924
20180717151900,332500.0,332577.7263045311
20180717153000,333000.0,332406.2079191208
20180717153500,333000.0,332675.0802397728
20180718090000,333625.0,332903.984606266
20180718090100,333250.0,333240.63020944595
20180718090200,333000.0,333324.9680399895
20180718090300,333250.0,333018.4654593468
20180718090400,333250.0,333038.60050439835
20180718090500,333000.0,333153.13428640366
20180718090600,333000.0,333018.4654593468
20180718090700,332875.0,332903.984606266
20180718090800,333000.0,332836.6943001747
20180718091000,333500.0,332846.74859046936
20180718091100,333250.0,333173.27374219894
20180718091200,333500.0,333267.6857113838
20180718091300,333250.0,333287.8516316414
20180718091400,333125.0,333267.6857113838
20180718091500,333375.0,333085.7910513878
20180718091600,333000.0,333163.2040143013
20180718091700,332750.0,333075.7147073746
20180718091800,332750.0,332769.42163705826
20180718091900,332625.0,332655.0069451332
20180718092000,332875.0,332587.7717733383
20180718092100,332625.0,332665.04579782486
20180718092200,332750.0,332644.95927095413
20180718092300,332750.0,332597.8084206581
20180718092400,332625.0,332655.0069451332
20180718092500,332625.0,332587.7717733383
20180718092600,332625.0,332530.5886864662
20180718092700,332250.0,332530.5886864662
20180718092800,332250.0,332328.99564504623
20180718092900,332500.0,332157.5853228569
20180718093000,333125.0,332291.8880581856
20180718093100,333125.0,332742.33746528625
20180718093200,333250.0,333028.5351872444
20180718093300,333250.0,333095.86519002914
20180718093400,333250.0,333153.13428640366
20180718093500,333250.0,333153.13428640366
20180718093600,333250.0,333153.13428640366
20180718093700,333375.0,333153.13428640366
20180718093800,333250.0,333220.48634290695
20180718093900,332875.0,333210.4077935219
20180718094000,332750.0,332951.1530995369
20180718094100,332750.0,332712.209880352
20180718094200,332750.0,332655.0069451332
20180718094300,332375.0,332655.0069451332
20180718094400,332000.00000000006,332453.3389210701
20180718094500,332250.0,332080.4458260536
20180718094600,332250.0,332043.33823919296
20180718094700,332500.0,332157.5853228569
20180718094800,332750.0,332291.8880581856
20180718094900,332500.0,332540.61871767044
20180718095000,333000.0,332520.5476284027
20180718095100,332625.0,332675.0802397728
20180718095200,332750.0,332702.1600008011
20180718095300,332750.0,332597.8084206581
20180718095400,332750.0,332655.0069451332
20180718095500,332250.0,332655.0069451332
20180718095600,332125.0,332386.1434459686
20180718095700,332000.00000000006,332090.4538035393
20180718095800,332250.0,331966.2384390831
20180718095900,332000.00000000006,332043.33823919296
20180718100000,332375.0,332023.3355164528
20180718100100,332125.0,332110.45652627945
20180718100200,332250.0,332147.5751399994
20180718100300,332750.0,332100.4573702812
20180718100400,332500.0,332426.2481331825
20180718100500,332750.0,332520.5476284027
20180718100600,332750.0,332540.61871767044
20180718100700,332875.0,332655.0069451332
20180718100800,332500.0,332722.25534915924
20180718100900,332375.0,332577.7263045311
20180718101000,332000.00000000006,332339.02126550674
20180718101100,332250.0,332080.4458260536
20180718101200,332000.00000000006,332043.33823919296
20180718101300,332125.0,332023.3355164528
20180718101400,332000.00000000006,331976.2331843376
20180718101500,332125.0,331966.2384390831
20180718101600,332000.00000000006,331976.2331843376
20180718101700,332125.0,331966.2384390831
20180718101800,332000.00000000006,331976.2331843376
20180718101900,332250.0,331966.2384390831
20180718102000,332250.0,332043.33823919296
20180718102100,332125.0,332157.5853228569
20180718102200,332250.0,332090.4538035393
20180718102300,332000.00000000006,332100.4573702812
20180718102400,332125.0,332023.3355164528
20180718102500,332000.00000000006,331976.2331843376
20180718102600,332125.0,331966.2384390831
20180718102700,332125.0,331976.2331843376
20180718102800,332125.0,332033.33908319473
20180718102900,332250.0,332033.33908319473
20180718103000,332125.0,332100.4573702812
20180718103100,332125.0,332090.4538035393
20180718103200,331750.0,332033.33908319473
20180718103300,331625.00000000006,331832.07243680954
20180718103400,331750.0,331593.8614010811
20180718103500,331625.00000000006,331603.83409261703
20180718103600,331625.00000000006,331593.8614010811
20180718103700,331750.0,331536.8260741234
20180718103800,331500.0,331603.83409261703
20180718103900,331625.00000000006,331526.859998703
20180718104000,331500.0,331479.7951579094
20180718104100,331750.0,331469.8356986046
20180718104200,331625.00000000006,331546.7899441719
20180718104300,331625.00000000006,331593.8614010811
20180718104400,331500.0,331536.8260741234
20180718104500,331625.00000000006,331469.8356986046
20180718104600,331375.0,331479.7951579094
20180718104700,331125.0,331402.85634994507
20180718104800,331375.0,331154.99460697174
20180718104900,331125.0,331174.87382888794
20180718105000,331249.99999999994,331154.99460697174
20180718105100,331125.0,331107.962846756
20180718105200,331249.99999999994,331098.0276465416
20180718105300,331500.0,331107.962846756
20180718105400,331750.0,331298.79808425903
20180718105500,331249.99999999994,331546.7899441719
20180718105600,331249.99999999994,331392.89247989655
20180718105700,331249.99999999994,331164.9364233017
20180718105800,331249.99999999994,331164.9364233017
20180718105900,331500.0,331164.9364233017
20180718110000,331375.0,331298.79808425903
20180718110100,331125.0,331345.8541035652
20180718110200,331125.0,331154.99460697174
20180718110300,331249.99999999994,331041.0695075989
20180718110400,331500.0,331107.962846756
20180718110500,331500.0,331298.79808425903
20180718110600,331125.0,331412.813603878
20180718110700,331249.99999999994,331211.9659781456
20180718110800,331249.99999999994,331107.962846756
20180718110900,331625.00000000006,331164.9364233017
20180718111000,331625.00000000006,331365.75096845627
20180718111100,331625.00000000006,331536.8260741234
20180718111200,331625.00000000006,331536.8260741234
20180718111300,331625.00000000006,331536.8260741234
20180718111400,331500.0,331536.8260741234
20180718111500,331625.00000000006,331469.8356986046
20180718111600,331625.00000000006,331479.7951579094
20180718111700,331625.00000000006,331536.8260741234
20180718111800,331625.00000000006,331536.8260741234
20180718111900,331625.00000000006,331536.8260741234
20180718112000,331500.0,331536.8260741234
20180718112100,331750.0,331469.8356986046
20180718112200,331625.00000000006,331546.7899441719
20180718112300,331500.0,331593.8614010811
20180718112400,331625.00000000006,331469.8356986046
20180718112500,331625.00000000006,331479.7951579094
20180718112600,331625.00000000006,331536.8260741234
20180718112700,331500.0,331536.8260741234
20180718112800,331750.0,331469.8356986046
20180718112900,331500.0,331546.7899441719
20180718113000,331625.00000000006,331526.859998703
20180718113100,331500.0,331479.7951579094
20180718113200,331249.99999999994,331469.8356986046
20180718113300,331249.99999999994,331278.901219368
20180718113400,331249.99999999994,331164.9364233017
20180718113500,331249.99999999994,331164.9364233017
20180718113600,331249.99999999994,331164.9364233017
20180718113700,331000.0,331164.9364233017
20180718113800,331000.0,331031.1387181282
20180718113900,331249.99999999994,330917.25331544876
20180718114000,331249.99999999994,331051.00029706955
20180718114100,331249.99999999994,331164.9364233017
20180718114200,331000.0,331164.9364233017
20180718114300,331125.0,331031.1387181282
20180718114400,331125.0,330984.1179847717
20180718114500,331249.99999999994,331041.0695075989
20180718114600,331249.99999999994,331107.962846756
20180718114700,331249.99999999994,331164.9364233017
20180718114800,331000.0,331164.9364233017
20180718114900,331249.99999999994,331031.1387181282
20180718115000,331249.99999999994,331051.00029706955
20180718115100,331249.99999999994,331164.9364233017
20180718115200,331000.0,331164.9364233017
20180718115300,331000.0,331031.1387181282
20180718115400,331125.0,330917.25331544876
20180718115500,331000.0,330984.1179847717
20180718115600,331125.0,330974.19160604477
20180718115700,331125.0,330984.1179847717
20180718115800,331125.0,331041.0695075989
20180718115900,331000.0,331041.0695075989
20180718120000,331125.0,330974.19160604477
20180718120100,331000.0,330984.1179847717
20180718120200,331125.0,330974.19160604477
20180718120300,331000.0,330984.1179847717
20180718120400,331125.0,330974.19160604477
20180718120500,331000.0,330984.1179847717
20180718120600,331249.99999999994,330974.19160604477
20180718120700,331249.99999999994,331051.00029706955
20180718120800,331249.99999999994,331164.9364233017
20180718120900,331375.0,331164.9364233017
20180718121000,331375.0,331231.85843229294
20180718121100,331249.99999999994,331288.8496518135
20180718121200,331125.0,331221.916615963
20180718121300,331249.99999999994,331098.0276465416
20180718121400,331249.99999999994,331107.962846756
20180718121500,331249.99999999994,331164.9364233017
20180718121600,331249.99999999994,331164.9364233017
20180718121700,331125.0,331164.9364233017
20180718121800,331000.0,331098.0276465416
20180718121900,331249.99999999994,330974.19160604477
20180718122000,331125.0,331051.00029706955
20180718122100,331249.99999999994,331098.0276465416
20180718122200,331125.0,331107.962846756
20180718122300,331249.99999999994,331098.0276465416
20180718122400,331125.0,331107.962846756
20180718122500,331125.0,331098.0276465416
20180718122600,331125.0,331041.0695075989
20180718122700,331125.0,331041.0695075989
20180718122800,331375.0,331041.0695075989
20180718122900,331000.0,331174.87382888794
20180718123000,331375.0,331088.09024095535
20180718123100,331000.0,331117.8958415985
20180718123200,331125.0,331088.09024095535
20180718123300,331000.0,330984.1179847717
20180718123400,331125.0,330974.19160604477
20180718123500,331249.99999999994,330984.1179847717
20180718123600,331125.0,331107.962846756
20180718123700,331000.0,331098.0276465416
20180718123800,331249.99999999994,330974.19160604477
20180718123900,331000.0,331051.00029706955
20180718124000,331249.99999999994,331031.1387181282
20180718124100,331249.99999999994,331051.00029706955
20180718124200,331125.0,331164.9364233017
20180718124300,331125.0,331098.0276465416
20180718124400,331000.0,331041.0695075989
20180718124500,331375.0,330974.19160604477
20180718124600,331125.0,331117.8958415985
20180718124700,331249.99999999994,331154.99460697174
20180718124800,331000.0,331107.962846756
20180718124900,331125.0,331031.1387181282
20180718125000,331249.99999999994,330984.1179847717
20180718125100,331125.0,331107.962846756
20180718125200,330750.0,331098.0276465416
20180718125300,330750.0,330840.4799103737
20180718125400,330750.0,330669.76648569107
20180718125500,330874.99999999994,330669.76648569107
20180718125600,330625.0,330736.5716099739
20180718125700,330625.0,330659.85774993896
20180718125800,330750.0,330546.09805345535
20180718125900,330500.0,330612.8723025322
20180718130000,330874.99999999994,330536.1981391907
20180718130100,330625.0,330622.770011425
20180718130200,330750.0,330659.85774993896
20180718130300,330750.0,330612.8723025322
20180718130400,330625.0,330669.76648569107
20180718130500,330625.0,330602.9745936394
20180718130600,330625.0,330546.09805345535
20180718130700,330625.0,330546.09805345535
20180718130800,330625.0,330546.09805345535
20180718130900,330625.0,330546.09805345535
20180718131000,330625.0,330546.09805345535
20180718131100,330625.0,330546.09805345535
20180718131200,330750.0,330546.09805345535
20180718131300,330625.0,330612.8723025322
20180718131400,330625.0,330602.9745936394
20180718131500,330625.0,330546.09805345535
20180718131600,330625.0,330546.09805345535
20180718131700,330625.0,330546.09805345535
20180718131800,330500.0,330546.09805345535
20180718131900,330625.0,330479.3348312378
20180718132000,330625.0,330489.22592401505
20180718132100,330625.0,330546.09805345535
20180718132200,330750.0,330546.09805345535
20180718132300,330625.0,330612.8723025322
20180718132400,330625.0,330602.9745936394
20180718132500,330625.0,330546.09805345535
20180718132600,330625.0,330546.09805345535
20180718132700,330625.0,330546.09805345535
20180718132800,330874.99999999994,330546.09805345535
20180718132900,330500.0,330679.6686053276
20180718133000,330750.0,330593.0680632591
20180718133100,330500.0,330555.9891462326
20180718133200,330125.0,330536.1981391907
20180718133300,330250.0,330222.32961654663
20180718133400,330125.0,330118.58892440796
20180718133500,330125.0,330108.724296093
20180718133600,330125.0,330051.9315600395
20180718133700,330250.0,330051.9315600395
20180718133800,330125.0,330118.58892440796
20180718133900,330250.0,330108.724296093
20180718134000,330125.0,330118.58892440796
20180718134100,330250.0,330108.724296093
20180718134200,330250.0,330118.58892440796
20180718134300,330125.0,330175.39489269257
20180718134400,330125.0,330108.724296093
20180718134500,330125.0,330051.9315600395
20180718134600,330125.0,330051.9315600395
20180718134700,330125.0,330051.9315600395
20180718134800,330125.0,330051.9315600395
20180718134900,329750.0,330051.9315600395
20180718135000,329750.0,329852.05429792404
20180718135100,329750.0,329681.84810876846
20180718135200,329625.0,329681.84810876846
20180718135300,329875.0,329615.30101299286
20180718135400,329625.0,329691.6774511337
20180718135500,329625.0,329672.0121502876
20180718135600,329750.0,329558.5942864418
20180718135700,329625.0,329625.1259446144
20180718135800,329625.0,329615.30101299286
20180718135900,329750.0,329558.5942864418
20180718140000,329875.0,329625.1259446144
20180718140100,330125.0,329748.4150528908
20180718140200,330000.0,329938.36373090744
20180718140300,329750.0,329985.2874279022
20180718140400,329625.0,329795.3122854233
20180718140500,329750.0,329615.30101299286
20180718140600,329625.0,329625.1259446144
20180718140700,329625.0,329615.30101299286
20180718140800,329625.0,329558.5942864418
20180718140900,329625.0,329558.5942864418
20180718141000,329750.0,329558.5942864418
20180718141100,329625.0,329625.1259446144
20180718141200,329750.0,329615.30101299286
20180718141300,329750.0,329625.1259446144
20180718141400,329750.0,329681.84810876846
20180718141500,329875.0,329681.84810876846
20180718141600,329875.0,329748.4150528908
20180718141700,329750.0,329805.1548600197
20180718141800,329875.0,329738.57468366623
20180718141900,329750.0,329748.4150528908
20180718142000,329750.0,329738.57468366623
20180718142100,329625.0,329681.84810876846
20180718142200,329625.0,329615.30101299286
20180718142300,329625.0,329558.5942864418
20180718142400,329875.0,329558.5942864418
20180718142500,329625.0,329691.6774511337
20180718142600,329750.0,329672.0121502876
20180718142700,329875.0,329625.1259446144
20180718142800,329750.0,329748.4150528908
20180718142900,329875.0,329738.57468366623
20180718143000,330250.0,329748.4150528908
20180718143100,330125.0,330004.99242544174
20180718143200,330250.0,330108.724296093
20180718143300,330125.0,330118.58892440796
20180718143400,330375.0,330108.724296093
20180718143500,330250.0,330185.2617263794
20180718143600,329750.0,330232.20747709274
20180718143700,329750.0,329908.80513191223
20180718143800,329750.0,329681.84810876846
20180718143900,329750.0,329681.84810876846
20180718144000,329750.0,329681.84810876846
20180718144100,329875.0,329681.84810876846
20180718144200,329750.0,329748.4150528908
20180718144300,329625.0,329738.57468366623
20180718144400,329750.0,329615.30101299286
20180718144500,330125.0,329625.1259446144
20180718144600,330250.0,329881.59304857254
20180718144700,330125.0,330118.58892440796
20180718144800,330625.0,330108.724296093
20180718144900,331000.0,330318.65364313126
20180718145000,331375.0,330746.47814035416
20180718145100,330750.0,331117.8958415985
20180718145200,330874.99999999994,330954.3256163597
20180718145300,330874.99999999994,330736.5716099739
20180718145400,330874.99999999994,330793.4856414795
20180718145500,330750.0,330793.4856414795
20180718145600,330500.0,330726.66507959366
20180718145700,330250.0,330536.1981391907
20180718145800,330250.0,330289.0310883522
20180718145900,330250.0,330175.39489269257
20180718150000,330125.0,330175.39489269257
20180718150100,330250.0,330108.724296093
20180718150200,330000.0,330118.58892440796
20180718150300,330375.0,330042.0647263527
20180718150400,330250.0,330128.44693660736
20180718150500,330000.0,330232.20747709274
20180718150600,329750.0,330042.0647263527
20180718150700,330000.0,329795.3122854233
20180718150800,330000.0,329814.9974346161
20180718150900,330125.0,329928.51454019547
20180718151000,330125.0,329995.1410293579
20180718151100,330000.0,330051.9315600395
20180718151200,330375.0,329985.2874279022
20180718151300,330000.0,330128.44693660736
20180718151400,330250.0,330098.85305166245
20180718151500,329750.0,330061.7851614952
20180718151600,329625.0,329908.80513191223
20180718151700,329750.0,329615.30101299286
20180718151800,329875.0,329625.1259446144
20180718151900,329750.0,329748.4150528908
20180718153000,330000.0,329738.57468366623
20180718153500,330000.0,329814.9974346161
20180719090000,332250.0,329928.51454019547
20180719090100,331500.0,331130.26136159897
20180719090200,332250.0,331755.0233602524
20180719090300,332000.00000000006,331814.9190545082
20180719090400,332000.00000000006,332023.3355164528
20180719090500,331875.0,331909.1457724571
20180719090700,331875.0,331842.0649766922
20180719090800,331875.0,331784.9899530411
20180719091000,332000.00000000006,331784.9899530411
20180719091100,332000.00000000006,331852.05310583115
20180719091200,332250.0,331909.1457724571
20180719091300,331750.0,332043.33823919296
20180719091400,331750.0,331889.14746046066
20180719091500,331750.0,331660.88485717773
20180719091600,332250.0,331660.88485717773
20180719091700,332750.0,331929.1132092476
20180719091800,332875.0,332426.2481331825
20180719091900,332750.0,332722.25534915924
20180719092000,332250.0,332712.209880352
20180719092100,332250.0,332386.1434459686
20180719092200,331625.00000000006,332157.5853228569
20180719092300,332000.00000000006,331822.07548618317
20180719092400,332375.0,331737.8942370415
20180719092500,332250.0,332110.45652627945
20180719092600,331750.0,332214.71548080444
20180719092700,332375.0,331889.14746046066
20180719092800,332500.0,331996.2094426155
20180719092900,331375.0,332349.04247522354
20180719093000,330250.0,331802.07496881485
20180719093100,330750.0,330686.9816184044
20180719093200,330625.0,330442.2404766083
20180719093300,330500.0,330602.9745936394
20180719093400,330750.0,330479.3348312378
20180719093500,330625.0,330555.9891462326
20180719093600,330625.0,330602.9745936394
20180719093700,330750.0,330546.09805345535
20180719093800,330625.0,330612.8723025322
20180719093900,330750.0,330602.9745936394
20180719094000,330750.0,330612.8723025322
20180719094100,330750.0,330669.76648569107
20180719094200,330750.0,330669.76648569107
20180719094300,330500.0,330669.76648569107
20180719094400,330625.0,330536.1981391907
20180719094500,330625.0,330489.22592401505
20180719094700,330625.0,330546.09805345535
20180719094800,330874.99999999994,330546.09805345535
20180719094900,330500.0,330679.6686053276
20180719095000,331125.0,330593.0680632591
20180719095100,331125.0,330756.3736438751
20180719095200,331000.0,331041.0695075989
20180719095300,330750.0,330974.19160604477
20180719095400,330625.0,330783.56808423996
20180719095500,331000.0,330602.9745936394
20180719095600,330500.0,330746.47814035416
20180719095700,330750.0,330649.94901418686
20180719095800,330750.0,330555.9891462326
20180719095900,330500.0,330669.76648569107
20180719100000,330874.99999999994,330536.1981391907
20180719100100,330750.0,330622.770011425
20180719100200,330750.0,330726.66507959366
20180719100300,330625.0,330669.76648569107
20180719100400,330750.0,330602.9745936394
20180719100500,330500.0,330612.8723025322
20180719100600,331000.0,330536.1981391907
20180719100700,330625.0,330689.5619034767
20180719100800,330500.0,330716.749727726
20180719100900,330750.0,330479.3348312378
20180719101000,330750.0,330555.9891462326
20180719101100,330750.0,330669.76648569107
20180719101200,330500.0,330669.76648569107
20180719101300,331000.0,330536.1981391907
20180719101400,330750.0,330689.5619034767
20180719101500,330500.0,330783.56808423996
20180719101600,330625.0,330536.1981391907
20180719101700,330750.0,330489.22592401505
20180719101800,330500.0,330612.8723025322
20180719101900,330250.0,330536.1981391907
20180719102000,330125.0,330289.0310883522
20180719102100,330250.0,330108.724296093
20180719102200,330250.0,330118.58892440796
20180719102300,330250.0,330175.39489269257
20180719102500,330250.0,330175.39489269257
20180719102600,330250.0,330175.39489269257
20180719102700,330250.0,330175.39489269257
20180719102800,330125.0,330175.39489269257
20180719102900,330250.0,330108.724296093
20180719103000,330125.0,330118.58892440796
20180719103100,330125.0,330108.724296093
20180719103200,330250.0,330051.9315600395
20180719103300,330125.0,330118.58892440796
20180719103400,330000.0,330108.724296093
20180719103500,330125.0,329985.2874279022
20180719103600,330125.0,329995.1410293579
20180719103700,330000.0,330051.9315600395
20180719103800,330125.0,329985.2874279022
20180719103900,330250.0,329995.1410293579
20180719104000,330000.0,330118.58892440796
20180719104100,330250.0,330042.0647263527
20180719104200,330250.0,330061.7851614952
20180719104300,330375.0,330175.39489269257
20180719104400,330000.0,330242.083132267
20180719104500,330250.0,330098.85305166245
20180719104600,330125.0,330061.7851614952
20180719104700,330000.0,330108.724296093
20180719104800,330250.0,329985.2874279022
20180719104900,330375.0,330061.7851614952
20180719105000,330000.0,330242.083132267
20180719105100,330250.0,330098.85305166245
20180719105200,330375.0,330061.7851614952
20180719105300,330250.0,330242.083132267
20180719105400,330125.0,330232.20747709274
20180719105500,330250.0,330108.724296093
20180719105600,330250.0,330118.58892440796
20180719105700,330250.0,330175.39489269257
20180719105800,330125.0,330175.39489269257
20180719105900,330250.0,330108.724296093
20180719110000,330125.0,330118.58892440796
20180719110100,330250.0,330108.724296093
20180719110200,330250.0,330118.58892440796
20180719110300,330250.0,330175.39489269257
20180719110400,330125.0,330175.39489269257
20180719110500,330000.0,330108.724296093
20180719110600,330000.0,329985.2874279022
20180719110700,330250.0,329928.51454019547
20180719110800,330125.0,330061.7851614952
20180719110900,330375.0,330108.724296093
20180719111000,330125.0,330185.2617263794
20180719111100,330250.0,330165.5258536339
20180719111200,329500.0,330118.58892440796
20180719111300,329000.0,329775.6116986275
20180719111400,328750.0,329169.5512533188
20180719111500,328250.0,328810.4329109192
20180719111600,328250.0,328432.2645664215
20180719111700,328250.0,328206.41243457794
20180719111800,328375.0,328206.41243457794
20180719111900,328375.0,328272.5912332535
20180719112000,328250.0,328329.05757427216
20180719112100,328250.0,328262.8633379936
20180719112200,328250.0,328206.41243457794
20180719112300,328125.0,328206.41243457794
20180719112400,328125.0,328140.2490735054
20180719112500,328125.0,328083.82683992386
20180719112600,328250.0,328083.82683992386
20180719112700,328625.0,328149.9703526497
20180719112800,328500.0,328405.0017595291
20180719112900,328625.0,328508.2572698593
20180719113000,328125.0,328518.0050134659
20180719113100,328125.0,328309.58193540573
20180719113200,328000.0,328083.82683992386
20180719113300,328125.0,328017.698764801
20180719113400,328125.0,328027.409017086
20180719113500,328000.0,328083.82683992386
20180719113600,328250.0,328017.698764801
20180719113700,328000.0,328093.5392975807
20180719113800,328000.0,328074.1099715233
20180719113900,327875.0,327961.29858493805
20180719114000,327625.0,327895.20359039307
20180719114100,327750.0,327706.7258954048
20180719114200,327625.0,327660.07566452026
20180719114300,327750.0,327650.39187669754
20180719114400,327625.0,327660.07566452026
20180719114500,327500.0,327650.39187669754
20180719114600,327125.0,327528.0731320381
20180719114700,327000.00000000006,327273.96136522293
20180719114800,327000.00000000006,327039.4090414047
20180719114900,327125.0,326983.21175575256
20180719115000,327125.0,327049.0443110466
20180719115100,327125.0,327105.2592396736
20180719115200,327250.0,327105.2592396736
20180719115300,327250.0,327171.1292862892
20180719115400,327000.00000000006,327227.3706793785
20180719115500,327000.00000000006,327095.61735391617
20180719115600,327000.00000000006,326983.21175575256
20180719115700,327125.0,326983.21175575256
20180719115800,326750.0,327049.0443110466
20180719115900,326750.0,326907.7659845352
20180719120000,326750.0,326739.2976284027
20180719120100,326500.0,326739.2976284027
20180719120200,326500.0,326607.8287959099
20180719120300,326624.99999999994,326495.6349134445
20180719120400,326624.99999999994,326561.3263249397
20180719120500,326500.0,326617.4353957176
20180719120600,326624.99999999994,326551.7285466194
20180719120700,326500.0,326561.3263249397
20180719120800,326000.0,326551.7285466194
20180719120900,326125.0,326233.0677509308
20180719121000,326000.0,326074.61178302765
20180719121100,326000.0,326065.0514960289
20180719121200,326000.0,326009.06813144684
20180719121300,326000.0,326009.06813144684
20180719121400,326000.0,326009.06813144684
20180719121500,326125.0,326009.06813144684
20180719121600,326000.0,326074.61178302765
20180719121700,326000.0,326065.0514960289
20180719121800,326000.0,326009.06813144684
20180719121900,326000.0,326009.06813144684
20180719122000,326125.0,326009.06813144684
20180719122100,326000.0,326074.61178302765
20180719122200,326000.0,326065.0514960289
20180719122300,325875.0,326009.06813144684
20180719122400,325750.0,325943.5432255268
20180719122500,325625.0,325822.1000134945
20180719122600,325500.0,325700.7240653038
20180719122700,325625.0,325579.4098675251
20180719122800,325500.0,325588.93156051636
20180719122900,325750.0,325579.4098675251
20180719123000,325750.0,325654.3450951576
20180719123100,325750.0,325766.1728858948
20180719123200,325625.0,325766.1728858948
20180719123300,325500.0,325700.7240653038
20180719123400,325500.0,325579.4098675251
20180719123500,325500.0,325523.5378742218
20180719123600,325625.0,325523.5378742218
20180719123700,325750.0,325588.93156051636
20180719123800,325500.0,325710.2545797825
20180719123900,325500.0,325635.2928876877
20180719124000,325500.0,325523.5378742218
20180719124100,325375.0,325523.5378742218
20180719124200,325250.0,325458.16403627396
20180719124300,325000.0,325336.98216080666
20180719124400,325125.0,325150.5896449089
20180719124500,325250.0,325104.30550575256
20180719124600,325250.0,325225.36167502403
20180719124700,325250.0,325281.1664044857
20180719124800,325375.0,325281.1664044857
20180719124900,325750.0,325346.48510813713
20180719125000,325500.0,325598.45104813576
20180719125100,325250.0,325635.2928876877
20180719125200,325125.0,325392.80784130096
20180719125300,325375.0,325215.867549181
20180719125400,325375.0,325290.6627357006
20180719125500,325250.0,325402.31850743294
20180719125600,325250.0,325336.98216080666
20180719125700,325250.0,325281.1664044857
20180719125800,325250.0,325281.1664044857
20180719125900,325250.0,325281.1664044857
20180719130000,325250.0,325281.1664044857
20180719130100,325125.0,325281.1664044857
20180719130200,325250.0,325215.867549181
20180719130300,325125.0,325225.36167502403
20180719130400,325250.0,325215.867549181
20180719130500,325125.0,325225.36167502403
20180719130600,325125.0,325215.867549181
20180719130700,324875.0,325160.0815653801
20180719130800,324625.0,325029.5830965042
20180719130900,324500.0,324787.7706885338
20180719131000,324500.0,324611.31447553635
20180719131100,324625.0,324555.6751489639
20180719131200,324500.0,324620.7578778267
20180719131300,324500.0,324611.31447553635
20180719131400,324500.0,324555.6751489639
20180719131500,324250.0,324555.6751489639
20180719131600,324000.0,324425.5648255348
20180719131700,324250.0,324184.44269895554
20180719131800,324125.0,324203.2633423805
20180719131900,324125.0,324249.40744042397
20180719132000,324125.0,324193.85743141174
20180719132100,324000.0,324193.85743141174
20180719132200,324125.0,324128.9114356041
20180719132300,324000.0,324138.31955194473
20180719132400,324250.0,324128.9114356041
20180719132500,324250.0,324203.2633423805
20180719132600,324125.0,324314.3920302391
20180719132700,324000.0,324249.40744042397
20180719132800,324125.0,324128.9114356041
20180719132900,324000.0,324138.31955194473
20180719133000,324250.0,324128.9114356041
20180719133100,323750.0,324203.2633423805
20180719133200,323625.0,324054.5793771744
20180719133300,323750.0,323767.84685254097
20180719133400,323375.0,323777.22519636154
20180719133500,323125.0,323638.26471567154
20180719133600,322750.00000000006,323342.747092247
20180719133700,322625.0,323038.34182024
20180719133800,322625.0,322808.18700790405
20180719133900,322250.0,322753.01080942154
20180719134000,322125.0,322559.7298145294
20180719134100,322375.00000000006,322330.1329612732
20180719134200,322125.0,322403.71960401535
20180719134300,322500.0,322385.19006967545
20180719134400,322625.0,322468.06794404984
20180719134500,322750.00000000006,322697.850048542
20180719134600,322625.0,322817.48485565186
20180719134700,322625.0,322808.18700790405
20180719134800,322750.00000000006,322753.01080942154
20180719134900,322375.00000000006,322817.48485565186
20180719135000,322750.00000000006,322679.27089333534
20180719135100,323000.0,322707.1357667446
20180719135200,322750.00000000006,323001.73485279083
20180719135300,322250.0,322983.10828208923
20180719135400,322125.0,322614.8464679718
20180719135500,322125.0,322330.1329612732
20180719135600,322125.0,322275.090187788
20180719135700,322125.0,322275.090187788
20180719135800,322375.00000000006,322275.090187788
20180719135900,322125.0,322403.71960401535
20180719140000,322500.0,322385.19006967545
20180719140100,322750.00000000006,322468.06794404984
20180719140200,322250.0,322762.3031437397
20180719140300,322125.0,322614.8464679718
20180719140400,322375.00000000006,322330.1329612732
20180719140500,322625.0,322403.71960401535
20180719140600,322250.0,322642.7003145218
20180719140700,322250.0,322559.7298145294
20180719140800,322500.0,322394.4559395313
20180719140900,322625.0,322523.17026257515
20180719141000,322250.0,322697.850048542
20180719141100,322125.0,322559.7298145294
20180719141200,322125.0,322330.1329612732
20180719141300,322125.0,322275.090187788
20180719141400,322375.00000000006,322275.090187788
20180719141500,322125.0,322403.71960401535
20180719141600,322125.0,322385.19006967545
20180719141700,322125.0,322275.090187788
20180719141800,322125.0,322275.090187788
20180719141900,322125.0,322275.090187788
20180719142000,322125.0,322275.090187788
20180719142100,322125.0,322275.090187788
20180719142200,322125.0,322275.090187788
20180719142300,321999.99999999994,322275.090187788
20180719142400,322500.0,322210.8102142811
20180719142500,322875.0,322412.97775506973
20180719142600,322750.00000000006,322826.7804980278
20180719142700,323125.0,322927.8879761696
20180719142800,322625.0,323066.2960112095
20180719142900,322250.0,322973.7905859947
20180719143000,322125.0,322559.7298145294
20180719143100,322125.0,322330.1329612732
20180719143200,322250.0,322275.090187788
20180719143300,322250.0,322339.3922150135
20180719143400,322250.0,322394.4559395313
20180719143500,322250.0,322394.4559395313
20180719143600,322250.0,322394.4559395313
20180719143700,322250.0,322394.4559395313
20180719143800,322125.0,322394.4559395313
20180719143900,322250.0,322330.1329612732
20180719144000,322125.0,322339.3922150135
20180719144100,322125.0,322330.1329612732
20180719144200,321999.99999999994,322275.090187788
20180719144300,322375.00000000006,322210.8102142811
20180719144400,322875.0,322348.6470580101
20180719144500,322875.0,322771.593272686
20180719144600,322625.0,322992.42267012596
20180719144700,322500.0,322863.3753359318
20180719144800,322875.0,322688.56102228165
20180719144900,322875.0,322826.7804980278
20180719145000,322625.0,322992.42267012596
20180719145100,323125.0,322863.3753359318
20180719145200,322875.0,323011.0437273979
20180719145300,322625.0,323102.9151082039
20180719145400,322500.0,322863.3753359318
20180719145500,322250.0,322688.56102228165
20180719145600,322500.0,322504.62529063225
20180719145700,322375.00000000006,322523.17026257515
20180719145800,322125.0,322569.01001930237
20180719145900,322125.0,322385.19006967545
20180719150000,322125.0,322275.090187788
20180719150100,322250.0,322275.090187788
20180719150200,322250.0,322339.3922150135
20180719150300,322125.0,322394.4559395313
20180719150400,322250.0,322330.1329612732
20180719150500,322125.0,322339.3922150135
20180719150600,322250.0,322330.1329612732
20180719150700,322250.0,322339.3922150135
20180719150800,322250.0,322394.4559395313
20180719150900,322500.0,322394.4559395313
20180719151000,322750.00000000006,322523.17026257515
20180719151100,322500.0,322762.3031437397
20180719151200,322375.00000000006,322743.71737241745
20180719151300,322625.0,322569.01001930237
20180719151400,322750.00000000006,322642.7003145218
20180719151500,322500.0,322817.48485565186
20180719151600,322500.0,322743.71737241745
20180719151700,322375.00000000006,322633.4190070629
20180719151800,322500.0,322569.01001930237
20180719151900,322875.0,322578.28691601753
20180719153000,323000.0,322826.7804980278
20180719153500,323000.0,323056.98052048683
20180720090000,323500.0,323112.2405230999
20180720090100,324375.0,323370.77406048775
20180720090200,324250.0,324046.05451226234
20180720090300,325250.0,324369.97401714325
20180720090400,325875.0,324835.0461423397
20180720090500,326125.0,325607.96612501144
20180720090600,326125.0,326018.6240077019
20180720090700,325750.0,326130.61279058456
20180720090800,325000.0,325933.9873492718
20180720090900,324625.0,325373.7809956074
20180720091000,324750.0,324843.4651494026
20180720091100,324375.0,324741.5438890457
20180720091200,324000.0,324601.86445713043
20180720091300,324000.0,324239.9871945381
20180720091400,324250.0,324073.390096426
20180720091500,324250.0,324203.2633423805
20180720091600,324250.0,324314.3920302391
20180720091700,324000.0,324314.3920302391
20180720091800,324000.0,324184.44269895554
20180720091900,323750.0,324073.390096426
20180720092000,323625.0,323943.6028599739
20180720092100,323750.0,323767.84685254097
20180720092200,324000.0,323777.22519636154
20180720092300,324625.0,323962.38601207733
20180720092400,325000.0,324398.24137091637
20180720092500,325125.0,324871.85820937157
20180720092600,325375.0,325104.30550575256
20180720092700,325375.0,325290.6627357006
20180720092800,325500.0,325402.31850743294
20180720092900,325500.0,325467.67580509186
20180720093000,325750.0,325523.5378742218
20180720093100,325750.0,325654.3450951576
20180720093200,326000.0,325766.1728858948
20180720093300,325750.0,325897.1311748028
20180720093400,325750.0,325878.0392706394
20180720093500,325500.0,325766.1728858948
20180720093600,325625.0,325635.2928876877
20180720093700,325625.0,325588.93156051636
20180720093800,325625.0,325644.82229948044
20180720093900,325625.0,325644.82229948044
20180720094000,325875.0,325644.82229948044
20180720094100,325375.0,325775.7089138031
20180720094200,325125.0,325625.7590651512
20180720094300,325125.0,325271.666765213
20180720094400,325125.0,325160.0815653801
20180720094500,325000.0,325160.0815653801
20180720094600,325250.0,325094.8224067688
20180720094700,325000.0,325169.5690751076
20180720094800,325000.0,325150.5896449089
20180720094900,325375.0,325039.0639901161
20180720095000,325250.0,325234.8524928093
20180720095100,325125.0,325336.98216080666
20180720095200,325125.0,325215.867549181
20180720095300,325250.0,325160.0815653801
20180720095400,325000.0,325225.36167502403
20180720095500,325250.0,325150.5896449089
20180720095600,325625.0,325169.5690751076
20180720095700,325625.0,325477.184265852
20180720095800,325625.0,325644.82229948044
20180720095900,325500.0,325644.82229948044
20180720100000,326000.0,325579.4098675251
20180720100100,326000.0,325785.23832559586
20180720100200,326000.0,326009.06813144684
20180720100300,326125.0,326009.06813144684
20180720100400,326000.0,326074.61178302765
20180720100500,326249.99999999994,326065.0514960289
20180720100600,326249.99999999994,326140.17528295517
20180720100700,326125.0,326252.223610878
20180720100800,326125.0,326186.62482500076
20180720100900,326249.99999999994,326130.61279058456
20180720101000,326249.99999999994,326196.19503617287
20180720101100,326125.0,326252.223610878
20180720101200,326125.0,326186.62482500076
20180720101300,326125.0,326130.61279058456
20180720101400,326000.0,326130.61279058456
20180720101500,326249.99999999994,326065.0514960289
20180720101600,326249.99999999994,326140.17528295517
20180720101700,326125.0,326252.223610878
20180720101800,326125.0,326186.62482500076
20180720101900,326249.99999999994,326130.61279058456
20180720102000,326375.0,326196.19503617287
20180720102100,326249.99999999994,326317.8422451019
20180720102200,326125.0,326308.2599043846
20180720102300,325750.0,326186.62482500076
20180720102400,325750.0,325933.9873492718
20180720102500,325625.0,325766.1728858948
20180720102600,325375.0,325700.7240653038
20180720102700,325125.0,325514.0172839165
20180720102800,325000.0,325271.666765213
20180720102900,325125.0,325094.8224067688
20180720103000,325250.0,325104.30550575256
20180720103100,325125.0,325225.36167502403
20180720103200,325125.0,325215.867549181
20180720103300,325250.0,325160.0815653801
20180720103400,325250.0,325225.36167502403
20180720103500,325125.0,325281.1664044857
20180720103600,325250.0,325215.867549181
20180720103700,325250.0,325225.36167502403
20180720103800,325000.0,325281.1664044857
20180720103900,324500.0,325150.5896449089
20180720104000,324250.0,324778.3063352108
20180720104100,324250.0,324425.5648255348
20180720104200,324000.0,324314.3920302391
20180720104300,324250.0,324184.44269895554
20180720104400,324000.0,324203.2633423805
20180720104500,323750.0,324184.44269895554
20180720104600,323625.0,323943.6028599739
20180720104700,323500.0,323767.84685254097
20180720104800,323625.0,323647.6353406906
20180720104900,323375.0,323657.001554966
20180720105000,323625.0,323582.873493433
20180720105100,323750.0,323601.59930586815
20180720105200,323750.0,323777.22519636154
20180720105300,323750.0,323832.6715528965
20180720105400,323750.0,323832.6715528965
20180720105500,323625.0,323832.6715528965
20180720105600,323500.0,323767.84685254097
20180720105700,323625.0,323647.6353406906
20180720105800,323500.0,323657.001554966
20180720105900,323750.0,323647.6353406906
20180720110000,323750.0,323721.7909693718
20180720110100,323625.0,323832.6715528965
20180720110200,323625.0,323767.84685254097
20180720110300,323625.0,323712.4192416668
20180720110400,323625.0,323712.4192416668
20180720110500,323750.0,323712.4192416668
20180720110600,323625.0,323777.22519636154
20180720110700,323750.0,323767.84685254097
20180720110800,323500.0,323777.22519636154
20180720110900,323750.0,323703.04530858994
20180720111000,323875.0,323721.7909693718
20180720111100,323625.0,323897.5183069706
20180720111200,323750.0,323823.2887983322
20180720111300,324000.0,323777.22519636154
20180720111400,324250.0,323962.38601207733
20180720111500,324125.0,324203.2633423805
20180720111600,324125.0,324249.40744042397
20180720111700,324125.0,324193.85743141174
20180720111800,324125.0,324193.85743141174
20180720111900,324250.0,324193.85743141174
20180720112000,324250.0,324258.8232755661
20180720112100,324125.0,324314.3920302391
20180720112200,324125.0,324249.40744042397
20180720112300,324375.0,324193.85743141174
20180720112400,324125.0,324323.81227612495
20180720112500,324125.0,324304.9684762955
20180720112600,324125.0,324193.85743141174
20180720112700,324125.0,324193.85743141174
20180720112800,324125.0,324193.85743141174
20180720112900,323750.0,324193.85743141174
20180720113000,323625.0,323999.0856051445
20180720113100,324000.0,323767.84685254097
20180720113200,324625.0,323906.9021642208
20180720113300,324750.0,324398.24137091637
20180720113400,324625.0,324741.5438890457
20180720113500,324875.0,324732.0894598961
20180720113600,324750.0,324806.6927790642
20180720113700,324625.0,324852.93170809746
20180720113800,324500.0,324732.0894598961
20180720113900,324750.0,324611.31447553635
20180720114000,324875.0,324685.86707115173
20180720114100,324750.0,324862.39606142044
20180720114200,324625.0,324852.93170809746
20180720114300,324625.0,324732.0894598961
20180720114400,324750.0,324676.4170527458
20180720114500,324625.0,324741.5438890457
20180720114600,324625.0,324732.0894598961
20180720114700,324625.0,324676.4170527458
20180720114800,324625.0,324676.4170527458
20180720114900,324625.0,324676.4170527458
20180720115000,324750.0,324676.4170527458
20180720115100,324625.0,324741.5438890457
20180720115200,324750.0,324732.0894598961
20180720115300,324750.0,324741.5438890457
20180720115400,324375.0,324797.2328364849
20180720115500,324250.0,324601.86445713043
20180720115600,324125.0,324369.97401714325
20180720115700,324125.0,324249.40744042397
20180720115800,324250.0,324193.85743141174
20180720115900,324250.0,324258.8232755661
20180720120000,324125.0,324314.3920302391
20180720120100,324125.0,324249.40744042397
20180720120200,324375.0,324193.85743141174
20180720120300,324375.0,324323.81227612495
20180720120400,324500.0,324434.9972009659
20180720120500,324000.0,324500.04464387894
20180720120600,324250.0,324295.54271698
20180720120700,324125.0,324203.2633423805
20180720120800,324375.0,324249.40744042397
20180720120900,324250.0,324323.81227612495
20180720121000,324375.0,324369.97401714325
20180720121100,324000.0,324379.39977645874
20180720121200,324000.0,324239.9871945381
20180720121300,324250.0,324073.390096426
20180720121400,324000.0,324203.2633423805
20180720121500,324125.0,324184.44269895554
20180720121600,324125.0,324138.31955194473
20180720121700,324125.0,324193.85743141174
20180720121800,324250.0,324193.85743141174
20180720121900,324250.0,324258.8232755661
20180720122000,324125.0,324314.3920302391
20180720122100,324250.0,324249.40744042397
20180720122200,324500.0,324258.8232755661
20180720122300,324625.0,324444.428473711
20180720122400,324875.0,324620.7578778267
20180720122500,324750.0,324806.6927790642
20180720122600,324750.0,324852.93170809746
20180720122700,324750.0,324797.2328364849
20180720122800,324625.0,324797.2328364849
20180720122900,324625.0,324732.0894598961
20180720123000,324750.0,324676.4170527458
20180720123100,324750.0,324741.5438890457
20180720123200,324625.0,324797.2328364849
20180720123300,324750.0,324732.0894598961
20180720123400,324625.0,324741.5438890457
20180720123500,324375.0,324732.0894598961
20180720123600,324125.0,324546.2317466736
20180720123700,324250.0,324304.9684762955
20180720123800,324125.0,324258.8232755661
20180720123900,324250.0,324249.40744042397
20180720124000,324375.0,324258.8232755661
20180720124100,324250.0,324379.39977645874
20180720124200,324250.0,324369.97401714325
20180720124300,324250.0,324314.3920302391
20180720124400,324625.0,324314.3920302391
20180720124500,324625.0,324509.4781219959
20180720124600,324625.0,324676.4170527458
20180720124700,324625.0,324676.4170527458
20180720124800,324625.0,324676.4170527458
20180720124900,324625.0,324676.4170527458
20180720125000,324625.0,324676.4170527458
20180720125100,324625.0,324676.4170527458
20180720125200,324750.0,324676.4170527458
20180720125300,324750.0,324741.5438890457
20180720125400,324750.0,324797.2328364849
20180720125500,324875.0,324797.2328364849
20180720125600,325125.0,324862.39606142044
20180720125700,325250.0,325048.54267835617
20180720125800,325250.0,325225.36167502403
20180720125900,325250.0,325281.1664044857
20180720130000,325250.0,325281.1664044857
20180720130100,325000.0,325281.1664044857
20180720130200,325375.0,325150.5896449089
20180720130300,325125.0,325234.8524928093
20180720130400,325250.0,325271.666765213
20180720130500,325250.0,325225.36167502403
20180720130600,325250.0,325281.1664044857
20180720130700,325250.0,325281.1664044857
20180720130800,325125.0,325281.1664044857
20180720130900,325250.0,325215.867549181
20180720131000,325250.0,325225.36167502403
20180720131100,325500.0,325281.1664044857
20180720131200,325625.0,325411.8258655071
20180720131300,325875.0,325588.93156051636
20180720131400,325875.0,325775.7089138031
20180720131500,325875.0,325887.58742809296
20180720131600,325875.0,325887.58742809296
20180720131700,325750.0,325887.58742809296
20180720131800,325875.0,325822.1000134945
20180720131900,326125.0,325831.6437602043
20180720132000,326375.0,326018.6240077019
20180720132100,326125.0,326261.7971301079
20180720132200,327250.0,326242.64788627625
20180720132300,328375.0,326721.55982255936
20180720132400,328375.0,327821.19131088257
20180720132500,329000.0,328329.05757427216
20180720132600,329625.0,328660.29781103134
20180720132700,329625.0,329275.1841545105
20180720132800,329750.0,329558.5942864418
20180720132900,329750.0,329625.1259446144
20180720133000,329625.0,329681.84810876846
20180720133100,329500.0,329615.30101299286
20180720133200,329250.0,329492.07586050034
20180720133300,329125.0,329302.4359345436
20180720133400,329250.0,329122.7290034294
20180720133500,329250.0,329132.52305984497
20180720133600,329125.0,329189.1548037529
20180720133700,328000.0,329122.7290034294
20180720133800,328125.0,328469.2288041115
20180720133900,328875.0,328027.409017086
20180720134000,328500.0,328480.96799850464
20180720134100,328625.0,328621.2803721428
20180720134200,328750.0,328518.0050134659
20180720134300,328875.0,328640.7935023308
20180720134400,328625.0,328763.64374160767
20180720134500,328500.0,328687.56943941116
20180720134600,328375.0,328508.2572698593
20180720134700,328375.0,328385.52832603455
20180720134800,328250.0,328329.05757427216
20180720134900,328125.0,328262.8633379936
20180720135000,328250.0,328140.2490735054
20180720135100,328375.0,328149.9703526497
20180720135200,328250.0,328272.5912332535
20180720135300,328250.0,328262.8633379936
20180720135400,328625.0,328206.41243457794
20180720135500,328875.0,328405.0017595291
20180720135600,328875.0,328707.0913910866
20180720135700,328875.0,328820.2049136162
20180720135800,328750.0,328820.2049136162
20180720135900,328875.0,328753.8761496544
20180720140000,329125.0,328763.64374160767
20180720140100,329250.0,328952.90875434875
20180720140200,329375.0,329132.52305984497
20180720140300,329375.0,329255.59163093567
20180720140400,329375.0,329312.24542856216
20180720140500,329375.0,329312.24542856216
20180720140600,329375.0,329312.24542856216
20180720140700,329500.0,329312.24542856216
20180720140800,329750.0,329378.7153363228
20180720140900,330000.0,329568.4170126915
20180720141000,330250.0,329814.9974346161
20180720141100,330000.0,330061.7851614952
20180720141200,330000.0,330042.0647263527
20180720141300,330125.0,329928.51454019547
20180720141400,330250.0,329995.1410293579
20180720141500,330375.0,330118.58892440796
20180720141600,330125.0,330242.083132267
20180720141700,330250.0,330165.5258536339
20180720141800,330375.0,330118.58892440796
20180720141900,330874.99999999994,330242.083132267
20180720142000,330625.0,330565.878033638
20180720142100,330750.0,330659.85774993896
20180720142200,330625.0,330612.8723025322
20180720142300,330874.99999999994,330602.9745936394
20180720142400,330625.0,330679.6686053276
20180720142500,330000.0,330659.85774993896
20180720142600,330000.0,330212.44955062866
20180720142700,330125.0,329928.51454019547
20180720142800,329750.0,329995.1410293579
20180720142900,329750.0,329852.05429792404
20180720143000,329750.0,329681.84810876846
20180720143100,329625.0,329681.84810876846
20180720143200,329125.0,329615.30101299286
20180720143300,329000.0,329292.62644052505
20180720143400,328875.0,328999.7221827507
20180720143500,329375.0,328876.77270174026
20180720143600,329625.0,329085.68316698074
20180720143700,329625.0,329445.207297802
20180720143800,329875.0,329558.5942864418
20180720143900,329500.0,329691.6774511337
20180720144000,329625.0,329605.4672598839
20180720144100,329625.0,329501.8963813782
20180720144200,329500.0,329558.5942864418
20180720144300,329250.0,329492.07586050034
20180720144400,328500.0,329302.4359345436
20180720144500,328625.0,328790.8778786659
20180720144600,329000.0,328518.0050134659
20180720144700,329000.0,328773.40692281723
20180720144800,328750.0,328943.13234090805
20180720144900,329125.0,328810.4329109192
20180720145000,329000.0,328896.32111787796
20180720145100,329750.0,328999.7221827507
20180720145200,329875.0,329341.6452407837
20180720145300,330125.0,329748.4150528908
20180720145400,330375.0,329938.36373090744
20180720145500,330250.0,330185.2617263794
20180720145600,330000.0,330232.20747709274
20180720145700,329375.0,330042.0647263527
20180720145800,329500.0,329595.6290960312
20180720145900,329750.0,329378.7153363228
20180720150000,330000.0,329568.4170126915
20180720150100,330375.0,329814.9974346161
20180720150200,330375.0,330128.44693660736
20180720150300,330625.0,330298.9089488983
20180720150400,330874.99999999994,330432.36261606216
20180720150500,330874.99999999994,330679.6686053276
20180720150600,330874.99999999994,330793.4856414795
20180720150700,331000.0,330793.4856414795
20180720150800,331375.0,330860.31943559647
20180720150900,331249.99999999994,331117.8958415985
20180720151000,331125.0,331221.916615963
20180720151100,330500.0,331098.0276465416
20180720151200,330874.99999999994,330706.83217048645
20180720151300,330874.99999999994,330622.770011425
20180720151400,330625.0,330793.4856414795
20180720151500,331000.0,330659.85774993896
20180720151600,331125.0,330746.47814035416
20180720151700,331249.99999999994,330984.1179847717
20180720151800,330500.0,331107.962846756
20180720151900,330000.0,330763.7263536453
20180720153000,329500.0,330155.6457877159
20180720153500,329500.0,329662.1717810631
20180723090000,328750.0,329435.39118766785
20180723090100,329125.0,329036.73273324966
20180723090200,327750.0,328896.32111787796
20180723090300,327375.00000000006,328336.7807865143
20180723090400,328125.0,327518.39596033096
20180723090500,329500.0,327745.4610466957
20180723090600,328625.0,328812.4133348465
20180723090700,328500.0,328970.3466296196
20180723090800,328500.0,328508.2572698593
20180723090900,328750.0,328451.7578482628
20180723091000,328875.0,328584.2654109001
20180723091100,329500.0,328763.64374160767
20180723091200,330250.0,329152.0957350731
20180723091300,329750.0,329834.66494083405
20180723091400,330000.0,329908.80513191223
20180723091500,329375.0,329814.9974346161
20180723091600,329625.0,329595.6290960312
20180723091700,329750.0,329445.207297802
20180723091800,330250.0,329625.1259446144
20180723091900,331000.0,329948.2085108757
20180723092000,330000.0,330575.7603049278
20180723092100,330750.0,330382.8961253166
20180723092200,331249.99999999994,330328.5248875618
20180723092300,331625.00000000006,330937.0884299278
20180723092400,331750.0,331365.75096845627
20180723092500,331625.00000000006,331603.83409261703
20180723092600,331750.0,331593.8614010811
20180723092700,331249.99999999994,331603.83409261703
20180723092800,331375.0,331392.89247989655
20180723092900,331000.0,331231.85843229294
20180723093000,330750.0,331088.09024095535
20180723093100,330750.0,330783.56808423996
20180723093200,330625.0,330669.76648569107
20180723093300,330500.0,330602.9745936394
20180723093400,330250.0,330479.3348312378
20180723093600,330250.0,330289.0310883522
20180723093700,330625.0,330175.39489269257
20180723093800,330750.0,330375.503718853
20180723093900,330750.0,330612.8723025322
20180723094000,330874.99999999994,330669.76648569107
20180723094100,331249.99999999994,330736.5716099739
20180723094200,331125.0,330994.039952755
20180723094300,331375.0,331098.0276465416
20180723094400,331249.99999999994,331174.87382888794
20180723094500,331249.99999999994,331221.916615963
20180723094600,331249.99999999994,331164.9364233017
20180723094700,331249.99999999994,331164.9364233017
20180723094800,331125.0,331164.9364233017
20180723094900,331375.0,331098.0276465416
20180723095000,331249.99999999994,331174.87382888794
20180723095100,331249.99999999994,331221.916615963
20180723095200,331125.0,331164.9364233017
20180723095300,331249.99999999994,331098.0276465416
20180723095400,330750.0,331107.962846756
20180723095500,330625.0,330897.40055799484
20180723095600,330874.99999999994,330602.9745936394
20180723095700,330874.99999999994,330679.6686053276
20180723095800,331249.99999999994,330793.4856414795
20180723095900,331750.0,330994.039952755
20180723100000,331625.00000000006,331432.7192902565
20180723100100,332000.00000000006,331593.8614010811
20180723100200,331249.99999999994,331737.8942370415
20180723100300,331500.0,331506.9102048874
20180723100400,331500.0,331298.79808425903
20180723100500,331375.0,331412.813603878
20180723100600,331875.0,331345.8541035652
20180723100700,331750.0,331556.74719810486
20180723100800,331750.0,331717.942237854
20180723100900,331875.0,331660.88485717773
20180723101000,331750.0,331727.91934013367
20180723101100,331625.00000000006,331717.942237854
20180723101200,331750.0,331593.8614010811
20180723101300,331875.0,331603.83409261703
20180723101400,331625.00000000006,331727.91934013367
20180723101500,331625.00000000006,331650.9077548981
20180723101600,331750.0,331536.8260741234
20180723101700,332000.00000000006,331603.83409261703
20180723101800,331750.0,331794.9692606926
20180723101900,331875.0,331775.00623464584
20180723102000,331875.0,331727.91934013367
20180723102100,331750.0,331784.9899530411
20180723102200,331875.0,331717.942237854
20180723102300,331875.0,331727.91934013367
20180723102400,331875.0,331784.9899530411
20180723102500,331625.00000000006,331784.9899530411
20180723102600,331750.0,331650.9077548981
20180723102700,331750.0,331603.83409261703
20180723102800,331625.00000000006,331660.88485717773
20180723102900,331750.0,331593.8614010811
20180723103000,331875.0,331603.83409261703
20180723103100,331750.0,331727.91934013367
20180723103200,331875.0,331717.942237854
20180723103300,331750.0,331727.91934013367
20180723103400,331375.0,331717.942237854
20180723103500,331000.0,331459.86741781235
20180723103600,331249.99999999994,331088.09024095535
20180723103700,331249.99999999994,331051.00029706955
20180723103800,331249.99999999994,331164.9364233017
20180723103900,331500.0,331164.9364233017
20180723104000,331500.0,331298.79808425903
20180723104100,331750.0,331412.813603878
20180723104200,331625.00000000006,331546.7899441719
20180723104300,331625.00000000006,331593.8614010811
20180723104400,331125.0,331536.8260741234
20180723104500,331125.0,331268.9461708069
20180723104600,331249.99999999994,331041.0695075989
20180723104700,331375.0,331107.962846756
20180723104800,331000.0,331231.85843229294
20180723104900,331249.99999999994,331088.09024095535
20180723105000,331125.0,331051.00029706955
20180723105100,331000.0,331098.0276465416
20180723105200,331249.99999999994,330974.19160604477
20180723105300,331249.99999999994,331051.00029706955
20180723105400,331249.99999999994,331164.9364233017
20180723105500,331249.99999999994,331164.9364233017
20180723105600,331125.0,331164.9364233017
20180723105700,331375.0,331098.0276465416
20180723105800,331249.99999999994,331174.87382888794
20180723105900,331249.99999999994,331221.916615963
20180723110000,331375.0,331164.9364233017
20180723110100,331500.0,331231.85843229294
20180723110200,331750.0,331355.8047413826
20180723110300,331750.0,331546.7899441719
20180723110400,331750.0,331660.88485717773
20180723110500,332000.00000000006,331660.88485717773
20180723110600,331750.0,331794.9692606926
20180723110700,331750.0,331775.00623464584
20180723110800,331750.0,331660.88485717773
20180723110900,331750.0,331660.88485717773
20180723111000,331249.99999999994,331660.88485717773
20180723111100,331625.00000000006,331392.89247989655
20180723111200,331750.0,331365.75096845627
20180723111300,331750.0,331603.83409261703
20180723111400,331750.0,331660.88485717773
20180723111500,331750.0,331660.88485717773
20180723111600,331750.0,331660.88485717773
20180723111700,331750.0,331660.88485717773
20180723111800,331625.00000000006,331660.88485717773
20180723111900,331750.0,331593.8614010811
20180723112000,332000.00000000006,331603.83409261703
20180723112100,331750.0,331794.9692606926
20180723112200,331625.00000000006,331775.00623464584
20180723112300,331750.0,331593.8614010811
20180723112400,331875.0,331603.83409261703
20180723112500,331249.99999999994,331727.91934013367
20180723112600,330125.0,331449.8991370201
20180723112700,330250.0,330563.3308291435
20180723112800,330250.0,330118.58892440796
20180723112900,330250.0,330175.39489269257
20180723113000,330125.0,330175.39489269257
20180723113100,330250.0,330108.724296093
20180723113200,330250.0,330118.58892440796
20180723113300,330250.0,330175.39489269257
20180723113400,330375.0,330175.39489269257
20180723113500,330500.0,330242.083132267
20180723113600,330375.0,330365.62806367874
20180723113700,330250.0,330355.7457923889
20180723113800,330625.0,330232.20747709274
20180723113900,330750.0,330375.503718853
20180723114000,331249.99999999994,330612.8723025322
20180723114100,331249.99999999994,330937.0884299278
20180723114200,331249.99999999994,331164.9364233017
20180723114300,331249.99999999994,331164.9364233017
20180723114400,331375.0,331164.9364233017
20180723114500,331249.99999999994,331231.85843229294
20180723114600,331249.99999999994,331221.916615963
20180723114700,331249.99999999994,331164.9364233017
20180723114800,331125.0,331164.9364233017
20180723114900,331249.99999999994,331098.0276465416
20180723115000,331375.0,331107.962846756
20180723115100,331249.99999999994,331231.85843229294
20180723115200,331249.99999999994,331221.916615963
20180723115300,331125.0,331164.9364233017
20180723115400,331375.0,331098.0276465416
20180723115500,331249.99999999994,331174.87382888794
20180723115600,331500.0,331221.916615963
20180723115700,331375.0,331298.79808425903
20180723115800,331249.99999999994,331345.8541035652
20180723115900,331375.0,331221.916615963
20180723120000,331249.99999999994,331231.85843229294
20180723120100,331249.99999999994,331221.916615963
20180723120200,331000.0,331164.9364233017
20180723120300,331375.0,331031.1387181282
20180723120400,331375.0,331117.8958415985
20180723120500,331249.99999999994,331288.8496518135
20180723120600,331249.99999999994,331221.916615963
20180723120700,331375.0,331164.9364233017
20180723120800,331249.99999999994,331231.85843229294
20180723120900,331249.99999999994,331221.916615963
20180723121000,331125.0,331164.9364233017
20180723121100,331249.99999999994,331098.0276465416
20180723121200,331249.99999999994,331107.962846756
20180723121300,331249.99999999994,331164.9364233017
20180723121400,331249.99999999994,331164.9364233017
20180723121500,331249.99999999994,331164.9364233017
20180723121600,331249.99999999994,331164.9364233017
20180723121700,331249.99999999994,331164.9364233017
20180723121800,331500.0,331164.9364233017
20180723121900,331750.0,331298.79808425903
20180723122000,332375.0,331546.7899441719
20180723122100,332250.0,331996.2094426155
20180723122200,332375.0,332214.71548080444
20180723122300,332250.0,332224.72566366196
20180723122400,332250.0,332214.71548080444
20180723122500,332375.0,332157.5853228569
20180723122600,332500.0,332224.72566366196
20180723122700,332250.0,332349.04247522354
20180723122800,332250.0,332271.85225486755
20180723122900,332125.0,332157.5853228569
20180723123000,332375.0,332090.4538035393
20180723123100,332250.0,332167.58888959885
20180723123200,332250.0,332214.71548080444
20180723123300,332250.0,332157.5853228569
20180723123400,332500.0,332157.5853228569
20180723123500,332250.0,332291.8880581856
20180723123600,332750.0,332271.85225486755
20180723123700,332875.0,332426.2481331825
20180723123800,332750.0,332722.25534915924
20180723123900,333000.0,332712.209880352
20180723124000,332750.0,332789.523601532
20180723124100,332750.0,332769.42163705826
20180723124200,332750.0,332655.0069451332
20180723124300,332750.0,332655.0069451332
20180723124400,332750.0,332655.0069451332
20180723124500,332875.0,332655.0069451332
20180723124600,332875.0,332722.25534915924
20180723124700,332875.0,332779.47372198105
20180723124800,332625.0,332779.47372198105
20180723124900,332750.0,332644.95927095413
20180723125000,333000.0,332597.8084206581
20180723125100,333375.0,332789.523601532
20180723125200,333500.0,333105.9349179268
20180723125300,333875.0,333345.14939785004
20180723125400,333750.0,333604.7018170357
20180723125500,334000.0,333709.27172899246
20180723125600,333875.0,333786.8523001671
20180723125700,334375.0,333834.0913653374
20180723125800,334250.0,334046.7222929001
20180723125900,334250.0,334208.7884545326
20180723130000,334250.0,334151.38483047485
20180723130100,334500.0,334151.38483047485
20180723130200,334375.0,334286.4947319031
20180723130300,334375.0,334333.76467227936
20180723130400,334375.0,334276.34781599045
20180723130500,334250.0,334276.34781599045
20180723130600,334375.0,334208.7884545326
20180723130700,334375.0,334218.9375758171
20180723130800,334250.0,334276.34781599045
20180723130900,334375.0,334208.7884545326
20180723131000,334375.0,334218.9375758171
20180723131100,334125.0,334276.34781599045
20180723131200,333875.0,334141.24232530594
20180723131300,333875.0,333891.45308732986
20180723131400,333750.0,333776.7384648323
20180723131500,333750.0,333709.27172899246
20180723131600,333750.0,333651.9342660904
20180723131700,333875.0,333651.9342660904
20180723131800,333750.0,333719.38556432724
20180723131900,333750.0,333709.27172899246
20180723132000,333875.0,333651.9342660904
20180723132100,333750.0,333719.38556432724
20180723132200,333625.0,333709.27172899246
20180723132300,333750.0,333584.4962000847
20180723132400,333625.0,333594.60121393204
20180723132500,333750.0,333584.4962000847
20180723132600,333875.0,333594.60121393204
20180723132700,333750.0,333719.38556432724
20180723132800,333750.0,333709.27172899246
20180723132900,333875.0,333651.9342660904
20180723133000,333875.0,333719.38556432724
20180723133100,333750.0,333776.7384648323
20180723133200,333750.0,333709.27172899246
20180723133300,333750.0,333651.9342660904
20180723133400,333875.0,333651.9342660904
20180723133500,333625.0,333719.38556432724
20180723133600,333750.0,333641.8204307556
20180723133700,333750.0,333594.60121393204
20180723133800,333750.0,333651.9342660904
20180723133900,333750.0,333651.9342660904
20180723134000,333750.0,333651.9342660904
20180723134100,333750.0,333651.9342660904
20180723134200,333750.0,333651.9342660904
20180723134300,333875.0,333651.9342660904
20180723134400,333875.0,333719.38556432724
20180723134500,333750.0,333776.7384648323
20180723134600,333625.0,333709.27172899246
20180723134700,333750.0,333584.4962000847
20180723134800,333750.0,333594.60121393204
20180723134900,333625.0,333651.9342660904
20180723135000,333750.0,333584.4962000847
20180723135100,333750.0,333594.60121393204
20180723135200,333750.0,333651.9342660904
20180723135300,333875.0,333651.9342660904
20180723135400,333625.0,333719.38556432724
20180723135500,333875.0,333641.8204307556
20180723135600,333875.0,333662.0414853096
20180723135700,333750.0,333776.7384648323
20180723135800,334000.0,333709.27172899246
20180723135900,334250.0,333786.8523001671
20180723140000,334375.0,334036.59522533417
20180723140100,334250.0,334218.9375758171
20180723140200,334500.0,334208.7884545326
20180723140300,334250.0,334286.4947319031
20180723140400,334375.0,334266.19428396225
20180723140500,334125.0,334218.9375758171
20180723140600,334250.0,334141.24232530594
20180723140700,334125.0,334093.9900279045
20180723140800,334250.0,334083.84972810745
20180723140900,334375.0,334093.9900279045
20180723141000,334250.0,334218.9375758171
20180723141100,334250.0,334208.7884545326
20180723141200,334250.0,334151.38483047485
20180723141300,334375.0,334151.38483047485
20180723141400,334000.0,334218.9375758171
20180723141500,333750.0,334073.7050175667
20180723141600,333875.0,333766.6158080101
20180723141700,333875.0,333719.38556432724
20180723141800,333875.0,333776.7384648323
20180723141900,333875.0,333776.7384648323
20180723142000,334000.0,333776.7384648323
20180723142100,334000.0,333844.20961141586
20180723142200,334250.0,333901.57574415207
20180723142300,334125.0,334036.59522533417
20180723142400,333875.0,334083.84972810745
20180723142500,333875.0,333891.45308732986
20180723142600,334000.0,333776.7384648323
20180723142700,333875.0,333844.20961141586
20180723142800,334125.0,333834.0913653374
20180723142900,334125.0,333911.702811718
20180723143000,334375.0,334026.4615416527
20180723143100,334125.0,334161.52292490005
20180723143200,334250.0,334141.24232530594
20180723143300,334125.0,334093.9900279045
20180723143400,334375.0,334083.84972810745
20180723143500,334000.0,334161.52292490005
20180723143600,333750.0,334073.7050175667
20180723143700,334000.0,333766.6158080101
20180723143800,334250.0,333786.8523001671
20180723143900,334375.0,334036.59522533417
20180723144000,334375.0,334218.9375758171
20180723144100,334375.0,334276.34781599045
20180723144200,334125.0,334276.34781599045
20180723144300,334125.0,334141.24232530594
20180723144400,334250.0,334026.4615416527
20180723144500,334250.0,334093.9900279045
20180723144600,334375.0,334151.38483047485
20180723144700,334125.0,334218.9375758171
20180723144800,334250.0,334141.24232530594
20180723144900,333500.0,334093.9900279045
20180723145000,333750.0,333746.3594675064
20180723145100,333875.0,333537.27036714554
20180723145200,333375.0,333719.38556432724
20180723145300,333250.0,333506.9597363472
20180723145400,333625.0,333210.4077935219
20180723145500,333625.0,333355.2345633507
20180723145600,333125.0,333527.17196941376
20180723145700,333250.0,333257.5939297676
20180723145800,333000.0,333095.86519002914
20180723145900,333125.0,333018.4654593468
20180723150000,333250.0,332971.2859392166
20180723150100,333375.0,333095.86519002914
20180723150200,333375.0,333220.48634290695
20180723150300,333625.0,333277.7686715126
20180723150400,333625.0,333412.5433564186
20180723150500,333750.0,333527.17196941376
20180723150600,333750.0,333594.60121393204
20180723150700,333750.0,333651.9342660904
20180723150800,333250.0,333651.9342660904
20180723150900,333375.0,333382.25477933884
20180723151000,333250.0,333220.48634290695
20180723151100,333250.0,333210.4077935219
20180723151200,332625.0,333153.13428640366
20180723151300,332250.0,332816.5702819824
20180723151400,332000.00000000006,332328.99564504623
20180723151500,331625.00000000006,332023.3355164528
20180723151600,331875.0,331707.95851945877
20180723151700,331750.0,331670.8553433418
20180723151800,331500.0,331717.942237854
20180723151900,332375.0,331526.859998703
20180723153000,332000.00000000006,331881.986618042
20180723153500,332000.00000000006,332080.4458260536
20180724090000,333500.0,331909.1457724571
20180724090100,333500.0,332715.1739001274
20180724090200,333375.0,333402.4515748024
20180724090300,334000.0,333335.0598216057
20180724090400,334125.0,333614.7935986519
20180724090600,334125.0,333969.0799713135
20180724090700,334500.0,334026.4615416527
20180724090800,334250.0,334229.07346487045
20180724090900,334000.0,334266.19428396225
20180724091000,333500.0,334016.3278579712
20180724091100,333000.0,333631.704390049
20180724091200,332750.0,333132.9727768898
20180724091300,332750.0,332769.42163705826
20180724091400,332875.0,332655.0069451332
20180724091500,333000.0,332722.25534915924
20180724091600,333375.0,332846.74859046936
20180724091700,333250.0,333105.9349179268
20180724091800,333500.0,333210.4077935219
20180724091900,334000.0,333287.8516316414
20180724092100,333875.0,333672.14208841324
20180724092200,333750.0,333834.0913653374
20180724092300,333750.0,333709.27172899246
20180724092400,333750.0,333651.9342660904
20180724092500,333625.0,333651.9342660904
20180724092600,333625.0,333584.4962000847
20180724092700,333500.0,333527.17196941376
20180724092800,333500.0,333459.7581624985
20180724092900,333625.0,333402.4515748024
20180724093100,333875.0,333469.8543548584
20180724093200,333750.0,333662.0414853096
20180724093300,333625.0,333709.27172899246
20180724093400,333750.0,333584.4962000847
20180724093500,333500.0,333594.60121393204
20180724093600,333375.0,333517.06916093826
20180724093800,333250.0,333335.0598216057
20180724093900,333250.0,333210.4077935219
20180724094000,333250.0,333153.13428640366
20180724094100,333125.0,333153.13428640366
20180724094200,333125.0,333085.7910513878
20180724094300,333000.0,333028.5351872444
20180724094400,333250.0,332961.22282743454
20180724094500,333250.0,333038.60050439835
20180724094600,333375.0,333153.13428640366
20180724094700,333375.0,333220.48634290695
20180724094800,333500.0,333277.7686715126
20180724094900,333500.0,333345.14939785004
20180724095000,333500.0,333402.4515748024
20180724095100,334000.0,333402.4515748024
20180724095200,333750.0,333672.14208841324
20180724095300,333875.0,333766.6158080101
20180724095400,333875.0,333719.38556432724
20180724095500,333750.0,333776.7384648323
20180724095600,333750.0,333709.27172899246
20180724095700,333750.0,333651.9342660904
20180724095800,333875.0,333651.9342660904
20180724095900,333750.0,333719.38556432724
20180724100000,333625.0,333709.27172899246
20180724100100,333875.0,333584.4962000847
20180724100200,333750.0,333662.0414853096
20180724100300,333750.0,333709.27172899246
20180724100400,334000.0,333651.9342660904
20180724100500,333875.0,333786.8523001671
20180724100600,333875.0,333834.0913653374
20180724100700,333875.0,333776.7384648323
20180724100800,333875.0,333776.7384648323
20180724100900,334125.0,333776.7384648323
20180724101000,334375.0,333911.702811718
20180724101100,334375.0,334161.52292490005
20180724101200,334375.0,334276.34781599045
20180724101300,334500.0,334276.34781599045
20180724101400,334250.0,334343.9204096794
20180724101500,334125.0,334266.19428396225
20180724101600,334250.0,334083.84972810745
20180724101700,334375.0,334093.9900279045
20180724101800,334375.0,334218.9375758171
20180724101900,334375.0,334276.34781599045
20180724102000,334250.0,334276.34781599045
20180724102100,334250.0,334208.7884545326
20180724102200,334250.0,334151.38483047485
20180724102300,334375.0,334151.38483047485
20180724102400,334375.0,334218.9375758171
20180724102500,334250.0,334276.34781599045
20180724102600,334375.0,334208.7884545326
20180724102700,334750.0,334218.9375758171
20180724102800,334750.0,334479.10088300705
20180724102900,334750.0,334651.46392583847
20180724103000,334875.0,334651.46392583847
20180724103100,334375.0,334719.10268068314
20180724103200,334500.0,334506.04170560837
20180724103300,334750.0,334343.9204096794
20180724103400,334875.0,334536.5508198738
20180724103500,334750.0,334719.10268068314
20180724103600,334875.0,334708.9248895645
20180724103700,335000.0,334719.10268068314
20180724103800,334750.0,334844.2443013191
20180724103900,334875.0,334766.3902640343
20180724104000,334750.0,334719.10268068314
20180724104100,334875.0,334708.9248895645
20180724104200,334875.0,334719.10268068314
20180724104300,334875.0,334776.5790820122
20180724104400,334875.0,334776.5790820122
20180724104500,334625.0,334776.5790820122
20180724104600,334875.0,334641.28613471985
20180724104700,334875.0,334661.6373062134
20180724104800,334875.0,334776.5790820122
20180724104900,334875.0,334776.5790820122
20180724105000,334750.0,334776.5790820122
20180724105100,334750.0,334708.9248895645
20180724105200,335000.0,334651.46392583847
20180724105300,334875.0,334786.75907850266
20180724105400,334750.0,334834.05327796936
20180724105500,334750.0,334708.9248895645
20180724105600,334625.0,334651.46392583847
20180724105700,334625.0,334583.83399248123
20180724105800,334625.0,334526.3862609863
20180724105900,334750.0,334526.3862609863
20180724110000,334625.0,334594.0051674843
20180724110100,335000.0,334583.83399248123
20180724110200,334875.0,334729.2782664299
20180724110300,335250.0,334834.05327796936
20180724110400,335499.99999999994,334979.605615139
20180724110500,335375.0,335287.6144647598
20180724110600,335375.0,335334.9351286888
20180724110700,335375.0,335277.4013876915
20180724110800,335125.0,335277.4013876915
20180724110900,335375.0,335141.93201065063
20180724111000,335125.0,335162.347137928
20180724111100,335375.0,335141.93201065063
20180724111200,335250.0,335162.347137928
20180724111300,335874.99999999994,335209.6611857414
20180724111400,335874.99999999994,335490.91225862503
20180724111500,335874.99999999994,335778.7948846817
20180724111600,336000.0,335778.7948846817
20180724111700,335750.0,335846.6343283653
20180724111800,336000.0,335768.54652166367
20180724111900,335750.0,335789.0410423279
20180724112000,335750.0,335768.54652166367
20180724112100,335750.0,335653.3952355385
20180724112200,335874.99999999994,335653.3952355385
20180724112300,335625.0,335721.2148308754
20180724112400,335874.99999999994,335643.153488636
20180724112500,336000.0,335663.6303663254
20180724112600,335750.0,335846.6343283653
20180724112700,335750.0,335768.54652166367
20180724112800,335750.0,335653.3952355385
20180724112900,335874.99999999994,335653.3952355385
20180724113000,336000.0,335721.2148308754
20180724113100,336000.0,335846.6343283653
20180724113200,335750.0,335904.2320251465
20180724113300,335874.99999999994,335768.54652166367
20180724113400,335874.99999999994,335721.2148308754
20180724113500,335750.0,335778.7948846817
20180724113600,335750.0,335710.9686732292
20180724113700,335750.0,335653.3952355385
20180724113800,335750.0,335653.3952355385
20180724113900,335750.0,335653.3952355385
20180724114000,336000.0,335653.3952355385
20180724114100,336250.00000000006,335789.0410423279
20180724114200,336250.00000000006,336039.9594306946
20180724114300,336250.00000000006,336155.20334243774
20180724114400,336375.0,336155.20334243774
20180724114500,336125.0,336223.10012578964
20180724114600,336250.00000000006,336144.9241042137
20180724114700,336250.00000000006,336097.5791811943
20180724114800,336250.00000000006,336155.20334243774
20180724114900,336125.0,336155.20334243774
20180724115000,336250.00000000006,336087.31096982956
20180724115100,336375.0,336097.5791811943
20180724115200,336375.0,336223.10012578964
20180724115300,336250.00000000006,336280.73531389236
20180724115400,335750.0,336212.82309293747
20180724115500,335125.0,335883.7066292763
20180724115600,335125.0,335314.47809934616
20180724115700,335750.0,335026.91745758057
20180724115800,335750.0,335365.5743598938
20180724115900,336000.0,335653.3952355385
20180724120000,335750.0,335789.0410423279
20180724120100,336125.0,335768.54652166367
20180724120200,336250.00000000006,335856.8804860115
20180724120300,336250.00000000006,336097.5791811943
20180724120400,336000.0,336155.20334243774
20180724120500,336250.00000000006,336019.4340348244
20180724120600,336500.0,336039.9594306946
20180724120700,336375.0,336291.0145521164
20180724120800,336250.00000000006,336338.3705019951
20180724120900,336250.00000000006,336212.82309293747
20180724121000,336250.00000000006,336155.20334243774
20180724121100,336250.00000000006,336155.20334243774
20180724121200,336125.0,336155.20334243774
20180724121300,336250.00000000006,336087.31096982956
20180724121400,336125.0,336097.5791811943
20180724121500,335750.0,336087.31096982956
20180724121600,335375.0,335826.12657546997
20180724121700,334750.0,335450.01143217087
20180724121800,334625.0,334938.81064653397
20180724121900,335000.0,334583.83399248123
20180724122000,335250.0,334729.2782664299
20180724122100,335250.0,335037.11730241776
20180724122200,335000.0,335152.1428823471
20180724122300,334750.0,335016.71320199966
20180724122400,335125.0,334766.3902640343
20180724122500,335375.0,334854.4242978096
20180724122600,335750.0,335162.347137928
20180724122700,336125.0,335480.69256544113
20180724122800,336125.0,335856.8804860115
20180724122900,336125.0,336029.70004081726
20180724123000,336375.0,336029.70004081726
20180724123100,335750.0,336165.46934843063
20180724123200,335375.0,335941.29329919815
20180724123300,334750.0,335450.01143217087
20180724123400,334625.0,334938.81064653397
20180724123500,334625.0,334583.83399248123
20180724123600,334750.0,334526.3862609863
20180724123700,334750.0,334594.0051674843
20180724123800,334625.0,334651.46392583847
20180724123900,334625.0,334583.83399248123
20180724124000,335125.0,334526.3862609863
20180724124100,335125.0,334796.93245887756
20180724124200,335625.0,335026.91745758057
20180724124300,335750.0,335297.82313108444
20180724124400,336250.00000000006,335595.82620859146
20180724124500,336250.00000000006,335924.7265458107
20180724124600,336375.0,336155.20334243774
20180724124700,336250.00000000006,336223.10012578964
20180724124800,336375.0,336212.82309293747
20180724124900,336250.00000000006,336223.10012578964
20180724125000,336125.0,336212.82309293747
20180724125100,335874.99999999994,336087.31096982956
20180724125200,336125.0,335893.974840641
20180724125300,335625.0,335914.4825935364
20180724125400,335874.99999999994,335758.29154253006
20180724125500,335750.0,335663.6303663254
20180724125600,335625.0,335710.9686732292
20180724125700,335750.0,335585.59107780457
20180724125800,335375.0,335595.82620859146
20180724125900,334625.0,335450.01143217087
20180724130000,334750.0,334871.12778425217
20180724130100,335125.0,334594.0051674843
20180724130200,335874.99999999994,334854.4242978096
20180724130300,335499.99999999994,335433.343231678
20180724130400,335625.0,335575.3493309021
20180724130500,335375.0,335470.47287225723
20180724130600,335499.99999999994,335392.471075058
20180724130700,335750.0,335345.1548218727
20180724130800,335750.0,335538.2593870163
20180724130900,335750.0,335653.3952355385
20180724131000,335874.99999999994,335653.3952355385
20180724131100,336250.00000000006,335721.2148308754
20180724131200,336250.00000000006,335982.33968019485
20180724131300,336250.00000000006,336155.20334243774
20180724131400,336250.00000000006,336155.20334243774
20180724131500,336000.0,336155.20334243774
20180724131600,335750.0,336019.4340348244
20180724131700,335874.99999999994,335768.54652166367
20180724131800,335750.0,335721.2148308754
20180724131900,335874.99999999994,335710.9686732292
20180724132000,335499.99999999994,335721.2148308754
20180724132100,335375.0,335575.3493309021
20180724132200,335375.0,335334.9351286888
20180724132300,335000.0,335277.4013876915
20180724132400,334750.0,335074.2116570473
20180724132500,335000.0,334766.3902640343
20180724132600,335125.0,334786.75907850266
20180724132700,335250.0,334969.4167971611
20180724132800,335250.0,335094.62237358093
20180724132900,334750.0,335152.1428823471
20180724133000,334625.0,334881.3342452049
20180724133100,334625.0,334583.83399248123
20180724133200,334875.0,334526.3862609863
20180724133300,334750.0,334661.6373062134
20180724133400,335125.0,334708.9248895645
20180724133500,335250.0,334854.4242978096
20180724133600,335375.0,335094.62237358093
20180724133700,335250.0,335219.8720574379
20180724133800,335250.0,335209.6611857414
20180724133900,335000.0,335152.1428823471
20180724134000,335125.0,335016.71320199966
20180724134100,335250.0,334969.4167971611
20180724134200,335250.0,335094.62237358093
20180724134300,335250.0,335152.1428823471
20180724134400,335750.0,335152.1428823471
20180724134500,336000.0,335423.13235998154
20180724134600,335625.0,335789.0410423279
20180724134700,335750.0,335700.72251558304
20180724134800,335750.0,335595.82620859146
20180724134900,336000.0,335653.3952355385
20180724135000,335750.0,335789.0410423279
20180724135100,335499.99999999994,335768.54652166367
20180724135200,335499.99999999994,335517.7957415581
20180724135300,335750.0,335402.70179510117
20180724135400,335499.99999999994,335538.2593870163
20180724135500,335499.99999999994,335517.7957415581
20180724135600,335750.0,335402.70179510117
20180724135700,335750.0,335538.2593870163
20180724135800,335750.0,335653.3952355385
20180724135900,335750.0,335653.3952355385
20180724140000,335625.0,335653.3952355385
20180724140100,335625.0,335585.59107780457
20180724140200,335874.99999999994,335528.0286669731
20180724140300,335750.0,335663.6303663254
20180724140400,335874.99999999994,335710.9686732292
20180724140500,335750.0,335721.2148308754
20180724140600,335750.0,335710.9686732292
20180724140700,335874.99999999994,335653.3952355385
20180724140800,335874.99999999994,335721.2148308754
20180724140900,335625.0,335778.7948846817
20180724141000,335750.0,335643.153488636
20180724141100,335499.99999999994,335595.82620859146
20180724141200,335625.0,335517.7957415581
20180724141300,335625.0,335470.47287225723
20180724141400,335874.99999999994,335528.0286669731
20180724141500,335750.0,335663.6303663254
20180724141600,335750.0,335710.9686732292
20180724141700,335625.0,335653.3952355385
20180724141800,335625.0,335585.59107780457
20180724141900,335750.0,335528.0286669731
20180724142000,335125.0,335595.82620859146
20180724142100,335000.0,335314.47809934616
20180724142200,334875.0,334959.21915769577
20180724142300,335250.0,334834.05327796936
20180724142400,335250.0,334979.605615139
20180724142500,335250.0,335152.1428823471
20180724142600,335250.0,335152.1428823471
20180724142700,335375.0,335152.1428823471
20180724142800,335250.0,335219.8720574379
20180724142900,335250.0,335209.6611857414
20180724143000,335000.0,335152.1428823471
20180724143100,334750.0,335016.71320199966
20180724143200,334500.0,334766.3902640343
20180724143300,334750.0,334516.2150859833
20180724143400,334625.0,334536.5508198738
20180724143500,334625.0,334583.83399248123
20180724143600,334625.0,334526.3862609863
20180724143700,334625.0,334526.3862609863
20180724143800,334875.0,334526.3862609863
20180724143900,334750.0,334661.6373062134
20180724144000,334500.0,334708.9248895645
20180724144100,334750.0,334516.2150859833
20180724144200,334625.0,334536.5508198738
20180724144300,334875.0,334583.83399248123
20180724144400,334500.0,334661.6373062134
20180724144500,334625.0,334573.65840673447
20180724144600,334750.0,334468.94294023514
20180724144700,334750.0,334594.0051674843
20180724144800,334875.0,334651.46392583847
20180724144900,334625.0,334719.10268068314
20180724145000,334750.0,334641.28613471985
20180724145100,334625.0,334594.0051674843
20180724145200,334625.0,334583.83399248123
20180724145300,334500.0,334526.3862609863
20180724145400,334750.0,334458.7805867195
20180724145500,334500.0,334536.5508198738
20180724145600,334875.0,334516.2150859833
20180724145700,334875.0,334604.16972637177
20180724145800,334750.0,334776.5790820122
20180724145900,334875.0,334708.9248895645
20180724150000,334750.0,334719.10268068314
20180724150100,334375.0,334708.9248895645
20180724150200,334625.0,334448.6116170883
20180724150300,334625.0,334411.50403022766
20180724150400,334125.0,334526.3862609863
20180724150500,334125.0,334256.0341358185
20180724150600,334250.0,334026.4615416527
20180724150700,334625.0,334093.9900279045
20180724150800,334750.0,334354.0695309639
20180724150900,334750.0,334594.0051674843
20180724151000,334750.0,334651.46392583847
20180724151100,334750.0,334651.46392583847
20180724151200,334875.0,334651.46392583847
20180724151300,334750.0,334719.10268068314
20180724151400,334875.0,334708.9248895645
20180724151500,334625.0,334719.10268068314
20180724151600,334000.0,334641.28613471985
20180724151700,334125.0,334188.47918510437
20180724151800,334375.0,333969.0799713135
20180724151900,334375.0,334161.52292490005
20180724153000,335000.0,334276.34781599045
20180725090000,337000.0,334614.32987451553
20180725090100,336500.0,335986.09763383865
20180725090200,336750.0,336636.91169023514
20180725090300,336750.0,336542.1931743622
20180725090400,336500.0,336657.5319170952
20180725090500,336750.0,336521.6016173363
20180725090600,336500.0,336542.1931743622
20180725090700,336500.0,336521.6016173363
20180725090800,336500.0,336406.30036592484
20180725090900,336375.0,336406.30036592484
20180725091000,336250.00000000006,336338.3705019951
20180725091100,335874.99999999994,336212.82309293747
20180725091200,334625.0,335951.56371593475
20180725091300,334500.0,335101.0355949402
20180725091400,335000.0,334458.7805867195
20180725091500,335499.99999999994,334671.80186510086
20180725091600,335250.0,335172.54477739334
20180725091700,335250.0,335267.1816945076
20180725091800,335250.0,335152.1428823471
20180725091900,335250.0,335152.1428823471
20180725092000,335375.0,335152.1428823471
20180725092100,335250.0,335219.8720574379
20180725092200,335250.0,335209.6611857414
20180725092300,334875.0,335152.1428823471
20180725092400,335000.0,334949.0171074867
20180725092500,335250.0,334844.2443013191
20180725092600,335125.0,335037.11730241776
20180725092700,334750.0,335084.42252874374
20180725092800,335000.0,334823.8622546196
20180725092900,335250.0,334786.75907850266
20180725093000,335125.0,335037.11730241776
20180725093100,335250.0,335084.42252874374
20180725093200,335750.0,335094.62237358093
20180725093300,335874.99999999994,335423.13235998154
20180725093400,335874.99999999994,335721.2148308754
20180725093500,335750.0,335778.7948846817
20180725093600,336000.0,335710.9686732292
20180725093700,335874.99999999994,335789.0410423279
20180725093800,336000.0,335836.38375997543
20180725093900,336000.0,335846.6343283653
20180725094000,336375.0,335904.2320251465
20180725094100,335750.0,336107.8385710716
20180725094200,335375.0,335941.29329919815
20180725094300,335375.0,335450.01143217087
20180725094400,335499.99999999994,335277.4013876915
20180725094500,335625.0,335345.1548218727
20180725094600,335750.0,335470.47287225723
20180725094700,335874.99999999994,335595.82620859146
20180725094800,336000.0,335721.2148308754
20180725094900,335750.0,335846.6343283653
20180725095000,335874.99999999994,335768.54652166367
20180725095100,336000.0,335721.2148308754
20180725095200,335750.0,335846.6343283653
20180725095300,335874.99999999994,335768.54652166367
20180725095400,335250.0,335721.2148308754
20180725095500,334875.0,335439.7740960121
20180725095600,334375.0,334949.0171074867
20180725095700,334500.0,334506.04170560837
20180725095800,334875.0,334343.9204096794
20180725095900,335000.0,334604.16972637177
20180725100000,334750.0,334844.2443013191
20180725100100,334750.0,334766.3902640343
20180725100200,334875.0,334651.46392583847
20180725100300,334375.0,334719.10268068314
20180725100400,333750.0,334506.04170560837
20180725100500,333375.0,333938.6745095253
20180725100600,333750.0,333449.655354023
20180725100700,334125.0,333479.94834184647
20180725100800,335000.0,333854.3300628662
20180725100900,335000.0,334499.4013309479
20180725101000,334500.0,334901.7295241356
20180725101100,335000.0,334631.0995221138
20180725101200,334625.0,334671.80186510086
20180725101300,334000.0,334698.7426877022
20180725101400,334375.0,334188.47918510437
20180725101500,334750.0,334104.1193008423
20180725101600,334875.0,334479.10088300705
20180725101700,334750.0,334719.10268068314
20180725101800,334250.0,334708.9248895645
20180725101900,335000.0,334381.01917505264
20180725102000,335000.0,334556.8622946739
20180725102100,334625.0,334901.7295241356
20180725102200,334750.0,334698.7426877022
20180725102300,334375.0,334594.0051674843
20180725102400,334500.0,334448.6116170883
20180725102500,334250.0,334343.9204096794
20180725102600,334500.0,334266.19428396225
20180725102700,334375.0,334286.4947319031
20180725102800,334500.0,334333.76467227936
20180725102900,334375.0,334343.9204096794
20180725103000,334500.0,334333.76467227936
20180725103100,334375.0,334343.9204096794
20180725103200,334375.0,334333.76467227936
20180725103300,334375.0,334276.34781599045
20180725103400,334500.0,334276.34781599045
20180725103500,334250.0,334343.9204096794
20180725103600,334375.0,334266.19428396225
20180725103700,334750.0,334218.9375758171
20180725103800,334625.0,334479.10088300705
20180725103900,334500.0,334583.83399248123
20180725104000,334375.0,334458.7805867195
20180725104100,334500.0,334333.76467227936
20180725104200,334375.0,334343.9204096794
20180725104300,334625.0,334333.76467227936
20180725104400,334375.0,334411.50403022766
20180725104500,334375.0,334391.185939312
20180725104600,334375.0,334276.34781599045
20180725104700,334375.0,334276.34781599045
20180725104800,334625.0,334276.34781599045
20180725104900,334750.0,334411.50403022766
20180725105000,334750.0,334594.0051674843
20180725105100,335125.0,334651.46392583847
20180725105200,335375.0,334854.4242978096
20180725105300,335375.0,335162.347137928
20180725105400,334875.0,335277.4013876915
20180725105500,335000.0,335006.50894641876
20180725105600,334875.0,334844.2443013191
20180725105700,334750.0,334834.05327796936
20180725105800,334750.0,334708.9248895645
20180725105900,334750.0,334651.46392583847
20180725110000,334750.0,334651.46392583847
20180725110100,334875.0,334651.46392583847
20180725110200,334875.0,334719.10268068314
20180725110300,335250.0,334776.5790820122
20180725110400,335250.0,334979.605615139
20180725110500,334875.0,335152.1428823471
20180725110600,335000.0,334949.0171074867
20180725110700,335375.0,334844.2443013191
20180725110800,335250.0,335104.8222184181
20180725110900,334875.0,335209.6611857414
20180725111000,335000.0,334949.0171074867
20180725111100,335000.0,334844.2443013191
20180725111200,335000.0,334901.7295241356
20180725111300,335000.0,334901.7295241356
20180725111400,335375.0,334901.7295241356
20180725111500,335499.99999999994,335104.8222184181
20180725111600,335375.0,335345.1548218727
20180725111700,335375.0,335334.9351286888
20180725111800,335125.0,335277.4013876915
20180725111900,335125.0,335141.93201065063
20180725112000,334875.0,335026.91745758057
20180725112100,334875.0,334891.53188467026
20180725112200,334875.0,334776.5790820122
20180725112300,334875.0,334776.5790820122
20180725112400,335250.0,334776.5790820122
20180725112500,335499.99999999994,334979.605615139
20180725112600,335375.0,335287.6144647598
20180725112700,335375.0,335334.9351286888
20180725112800,335250.0,335277.4013876915
20180725112900,335250.0,335209.6611857414
20180725113000,335000.0,335152.1428823471
20180725113100,335000.0,335016.71320199966
20180725113200,334875.0,334901.7295241356
20180725113300,335000.0,334834.05327796936
20180725113400,334750.0,334844.2443013191
20180725113500,335250.0,334766.3902640343
20180725113600,335499.99999999994,334922.1027493477
20180725113700,335375.0,335287.6144647598
20180725113800,335499.99999999994,335334.9351286888
20180725113900,335499.99999999994,335345.1548218727
20180725114000,335750.0,335402.70179510117
20180725114100,336000.0,335538.2593870163
20180725114200,336000.0,335789.0410423279
20180725114300,335874.99999999994,335904.2320251465
20180725114400,336000.0,335836.38375997543
20180725114500,335874.99999999994,335846.6343283653
20180725114600,336000.0,335836.38375997543
20180725114700,335750.0,335846.6343283653
20180725114800,336000.0,335768.54652166367
20180725114900,335874.99999999994,335789.0410423279
20180725115000,335874.99999999994,335836.38375997543
20180725115100,336000.0,335778.7948846817
20180725115200,336000.0,335846.6343283653
20180725115300,335750.0,335904.2320251465
20180725115400,336000.0,335768.54652166367
20180725115500,335874.99999999994,335789.0410423279
20180725115600,335874.99999999994,335836.38375997543
20180725115700,336000.0,335778.7948846817
20180725115800,336000.0,335846.6343283653
20180725115900,336125.0,335904.2320251465
20180725120000,336500.0,335972.08911180496
20180725120100,336250.00000000006,336233.3683371544
20180725120200,336500.0,336270.4516649246
20180725120300,336250.00000000006,336291.0145521164
20180725120400,336500.0,336270.4516649246
20180725120500,336500.0,336291.0145521164
20180725120600,336250.00000000006,336406.30036592484
20180725120700,336375.0,336270.4516649246
20180725120800,336375.0,336223.10012578964
20180725120900,336375.0,336280.73531389236
20180725121000,336250.00000000006,336280.73531389236
20180725121100,336250.00000000006,336212.82309293747
20180725121200,336375.0,336155.20334243774
20180725121300,336250.00000000006,336223.10012578964
20180725121400,336375.0,336212.82309293747
20180725121500,336375.0,336223.10012578964
20180725121600,336250.00000000006,336280.73531389236
20180725121700,336375.0,336212.82309293747
20180725121800,336250.00000000006,336223.10012578964
20180725121900,336250.00000000006,336212.82309293747
20180725122000,336375.0,336155.20334243774
20180725122100,336375.0,336223.10012578964
20180725122200,336250.00000000006,336280.73531389236
20180725122300,336375.0,336212.82309293747
20180725122400,336250.00000000006,336223.10012578964
20180725122500,336375.0,336212.82309293747
20180725122600,336375.0,336223.10012578964
20180725122700,336250.00000000006,336280.73531389236
20180725122800,336250.00000000006,336212.82309293747
20180725122900,336375.0,336155.20334243774
20180725123000,336250.00000000006,336223.10012578964
20180725123100,336375.0,336212.82309293747
20180725123200,336250.00000000006,336223.10012578964
20180725123300,336250.00000000006,336212.82309293747
20180725123400,336250.00000000006,336155.20334243774
20180725123500,336250.00000000006,336155.20334243774
20180725123600,336250.00000000006,336155.20334243774
20180725123700,336250.00000000006,336155.20334243774
20180725123800,335874.99999999994,336155.20334243774
20180725123900,335750.0,335951.56371593475
20180725124000,335750.0,335710.9686732292
20180725124100,335874.99999999994,335653.3952355385
20180725124200,335625.0,335721.2148308754
20180725124300,336000.0,335643.153488636
20180725124400,335750.0,335731.4499616623
20180725124500,335750.0,335768.54652166367
20180725124600,336000.0,335653.3952355385
20180725124700,335750.0,335789.0410423279
20180725124800,335750.0,335768.54652166367
20180725124900,335750.0,335653.3952355385
20180725125000,335750.0,335653.3952355385
20180725125100,335874.99999999994,335653.3952355385
20180725125200,335874.99999999994,335721.2148308754
20180725125300,335750.0,335778.7948846817
20180725125400,335750.0,335710.9686732292
20180725125500,335750.0,335653.3952355385
20180725125600,335874.99999999994,335653.3952355385
20180725125700,335874.99999999994,335721.2148308754
20180725125800,335750.0,335778.7948846817
20180725125900,335874.99999999994,335710.9686732292
20180725130000,335625.0,335721.2148308754
20180725130100,335874.99999999994,335643.153488636
20180725130200,335750.0,335663.6303663254
20180725130300,335750.0,335710.9686732292
20180725130400,335750.0,335653.3952355385
20180725130500,335750.0,335653.3952355385
20180725130600,335625.0,335653.3952355385
20180725130700,335874.99999999994,335585.59107780457
20180725130800,335874.99999999994,335663.6303663254
20180725130900,336000.0,335778.7948846817
20180725131000,335750.0,335846.6343283653
20180725131100,335750.0,335768.54652166367
20180725131200,335874.99999999994,335653.3952355385
20180725131300,335750.0,335721.2148308754
20180725131400,336000.0,335710.9686732292
20180725131500,336000.0,335789.0410423279
20180725131600,335874.99999999994,335904.2320251465
20180725131700,335750.0,335836.38375997543
20180725131800,335750.0,335710.9686732292
20180725131900,335750.0,335653.3952355385
20180725132000,335750.0,335653.3952355385
20180725132100,335750.0,335653.3952355385
20180725132200,335750.0,335653.3952355385
20180725132300,335750.0,335653.3952355385
20180725132400,335874.99999999994,335653.3952355385
20180725132500,336000.0,335721.2148308754
20180725132600,335874.99999999994,335846.6343283653
20180725132700,335874.99999999994,335836.38375997543
20180725132800,335874.99999999994,335778.7948846817
20180725132900,335375.0,335778.7948846817
20180725133000,335499.99999999994,335507.5539946556
20180725133100,335250.0,335345.1548218727
20180725133200,335250.0,335267.1816945076
20180725133300,335250.0,335152.1428823471
20180725133400,335250.0,335152.1428823471
20180725133500,335375.0,335152.1428823471
20180725133600,335375.0,335219.8720574379
20180725133700,335625.0,335277.4013876915
20180725133800,335750.0,335412.9192829132
20180725133900,335375.0,335595.82620859146
20180725134000,335375.0,335450.01143217087
20180725134100,335250.0,335277.4013876915
20180725134200,335250.0,335209.6611857414
20180725134300,335499.99999999994,335152.1428823471
20180725134400,335250.0,335287.6144647598
20180725134500,335499.99999999994,335267.1816945076
20180725134600,335375.0,335287.6144647598
20180725134700,335375.0,335334.9351286888
20180725134800,335250.0,335277.4013876915
20180725134900,335250.0,335209.6611857414
20180725135000,335250.0,335152.1428823471
20180725135100,335499.99999999994,335152.1428823471
20180725135200,335375.0,335287.6144647598
20180725135300,335375.0,335334.9351286888
20180725135400,335250.0,335277.4013876915
20180725135500,335250.0,335209.6611857414
20180725135600,335250.0,335152.1428823471
20180725135700,335375.0,335152.1428823471
20180725135800,335250.0,335219.8720574379
20180725135900,335375.0,335209.6611857414
20180725140000,335375.0,335219.8720574379
20180725140100,335375.0,335277.4013876915
20180725140200,335250.0,335277.4013876915
20180725140300,335375.0,335209.6611857414
20180725140400,335375.0,335219.8720574379
20180725140500,335125.0,335277.4013876915
20180725140600,335250.0,335141.93201065063
20180725140700,335375.0,335094.62237358093
20180725140800,335250.0,335219.8720574379
20180725140900,335125.0,335209.6611857414
20180725141000,335250.0,335084.42252874374
20180725141100,335125.0,335094.62237358093
20180725141200,335375.0,335084.42252874374
20180725141300,335250.0,335162.347137928
20180725141400,335375.0,335209.6611857414
20180725141500,335375.0,335219.8720574379
20180725141600,335250.0,335277.4013876915
20180725141700,335375.0,335209.6611857414
20180725141800,335125.0,335219.8720574379
20180725141900,335250.0,335141.93201065063
20180725142000,335250.0,335094.62237358093
20180725142100,335375.0,335152.1428823471
20180725142200,335375.0,335219.8720574379
20180725142300,335375.0,335277.4013876915
20180725142400,335375.0,335277.4013876915
20180725142500,335375.0,335277.4013876915
20180725142600,335250.0,335277.4013876915
20180725142700,335250.0,335209.6611857414
20180725142800,335125.0,335152.1428823471
20180725142900,335250.0,335084.42252874374
20180725143000,335375.0,335094.62237358093
20180725143100,335375.0,335219.8720574379
20180725143200,335250.0,335277.4013876915
20180725143300,335499.99999999994,335209.6611857414
20180725143400,335375.0,335287.6144647598
20180725143500,335625.0,335334.9351286888
20180725143600,335874.99999999994,335412.9192829132
20180725143700,335874.99999999994,335663.6303663254
20180725143800,335874.99999999994,335778.7948846817
20180725143900,335874.99999999994,335778.7948846817
20180725144000,335750.0,335778.7948846817
20180725144100,335874.99999999994,335710.9686732292
20180725144200,335750.0,335721.2148308754
20180725144300,335750.0,335710.9686732292
20180725144400,335750.0,335653.3952355385
20180725144500,335874.99999999994,335653.3952355385
20180725144600,336250.00000000006,335721.2148308754
20180725144700,336375.0,335982.33968019485
20180725144800,336375.0,336223.10012578964
20180725144900,336125.0,336280.73531389236
20180725145000,336375.0,336144.9241042137
20180725145100,336250.00000000006,336165.46934843063
20180725145200,336375.0,336212.82309293747
20180725145300,336250.00000000006,336223.10012578964
20180725145400,336500.0,336212.82309293747
20180725145500,336375.0,336291.0145521164
20180725145600,335750.0,336338.3705019951
20180725145700,334875.0,335941.29329919815
20180725145800,334750.0,335178.9932847023
20180725145900,334875.0,334708.9248895645
20180725150000,335000.0,334719.10268068314
20180725150100,335375.0,334844.2443013191
20180725150200,335125.0,335104.8222184181
20180725150300,334750.0,335141.93201065063
20180725150400,335250.0,334823.8622546196
20180725150500,335750.0,334922.1027493477
20180725150600,336125.0,335423.13235998154
20180725150700,336250.00000000006,335856.8804860115
20180725150800,336375.0,336097.5791811943
20180725150900,336250.00000000006,336223.10012578964
20180725151000,336000.0,336212.82309293747
20180725151100,336125.0,336019.4340348244
20180725151200,336125.0,335972.08911180496
20180725151300,336250.00000000006,336029.70004081726
20180725151400,336500.0,336097.5791811943
20180725151500,336500.0,336291.0145521164
20180725151600,336875.0,336406.30036592484
20180725151700,336875.0,336610.15170812607
20180725151800,336875.0,336783.19400548935
20180725151900,336375.0,336783.19400548935
20180725153000,335000.0,336511.3003253937
20180725153500,335000.0,335534.33161973953
20180726090000,338000.0,334901.7295241356
20180726090100,338125.0,336529.33806180954
20180726090200,337750.0,337983.661711216
20180726090300,337750.0,337836.960375309
20180726090400,337625.0,337663.67107629776
20180726090500,337250.0,337595.55155038834
20180726090600,337625.0,337333.52249860764
20180726090700,336875.0,337364.5609021187
20180726090800,337250.0,337129.3359398842
20180726090900,337750.0,336987.2173666954
20180726091000,337750.0,337432.64293670654
20180726091100,337625.0,337663.67107629776
20180726091200,337875.0,337595.55155038834
20180726091300,337750.0,337674.02970790863
20180726091400,337000.0,337721.43417596817
20180726091500,337625.0,337255.09506464005
20180726091600,337500.0,337249.078810215
20180726091700,337500.0,337469.69759464264
20180726091800,337125.0,337411.9565486908
20180726091900,337125.0,337207.7369093895
20180726092000,337750.0,337034.60639715195
20180726092100,336750.0,337374.8908638954
20180726092200,337000.0,337118.9839243889
20180726092300,336875.0,336793.49970817566
20180726092400,336625.00000000006,336840.8777117729
20180726092500,335375.0,336647.2262144089
20180726092600,335125.0,335852.88655757904
20180726092700,335250.0,335141.93201065063
20180726092800,335625.0,335094.62237358093
20180726092900,335250.0,335355.3701043129
20180726093000,335750.0,335324.7110247612
20180726093100,335750.0,335423.13235998154
20180726093200,335874.99999999994,335653.3952355385
20180726093300,336125.0,335721.2148308754
20180726093400,336250.00000000006,335914.4825935364
20180726093500,336250.00000000006,336097.5791811943
20180726093600,336250.00000000006,336155.20334243774
20180726093700,335874.99999999994,336155.20334243774
20180726093800,336000.0,335951.56371593475
20180726093900,335874.99999999994,335846.6343283653
20180726094000,336000.0,335836.38375997543
20180726094100,335750.0,335846.6343283653
20180726094200,335750.0,335768.54652166367
20180726094300,335750.0,335653.3952355385
20180726094400,335750.0,335653.3952355385
20180726094500,336125.0,335653.3952355385
20180726094600,336250.00000000006,335856.8804860115
20180726094700,336250.00000000006,336097.5791811943
20180726094800,336375.0,336155.20334243774
20180726094900,336250.00000000006,336223.10012578964
20180726095000,335750.0,336212.82309293747
20180726095100,336125.0,335883.7066292763
20180726095200,336000.0,335856.8804860115
20180726095300,336250.00000000006,335961.83413267136
20180726095400,335625.0,336039.9594306946
20180726095500,335250.0,335815.86277484894
20180726095600,335250.0,335324.7110247612
20180726095700,335625.0,335152.1428823471
20180726095800,335250.0,335355.3701043129
20180726095900,335499.99999999994,335324.7110247612
20180726100000,335625.0,335287.6144647598
20180726100100,335625.0,335470.47287225723
20180726100200,335499.99999999994,335528.0286669731
20180726100300,334250.0,335460.24656295776
20180726100400,334625.0,334725.5975008011
20180726100500,334750.0,334354.0695309639
20180726100600,334875.0,334594.0051674843
20180726100700,334250.0,334719.10268068314
20180726100800,334375.0,334438.4382367134
20180726100900,333750.0,334218.9375758171
20180726101000,334125.0,333938.6745095253
20180726101100,335250.0,333854.3300628662
20180726101200,335125.0,334634.6347332001
20180726101300,334875.0,335084.42252874374
20180726101400,334250.0,334891.53188467026
20180726101500,334375.0,334438.4382367134
20180726101600,334750.0,334218.9375758171
20180726101700,335000.0,334479.10088300705
20180726101800,335375.0,334786.75907850266
20180726101900,335375.0,335104.8222184181
20180726102000,334875.0,335277.4013876915
20180726102100,334750.0,335006.50894641876
20180726102200,334875.0,334708.9248895645
20180726102300,334750.0,334719.10268068314
20180726102400,334375.0,334708.9248895645
20180726102500,334125.0,334448.6116170883
20180726102600,334500.0,334141.24232530594
20180726102700,334375.0,334229.07346487045
20180726102800,334375.0,334333.76467227936
20180726102900,334750.0,334276.34781599045
20180726103000,334375.0,334479.10088300705
20180726103100,334125.0,334448.6116170883
20180726103200,334125.0,334141.24232530594
20180726103300,334625.0,334026.4615416527
20180726103400,334625.0,334296.63944244385
20180726103500,334000.0,334526.3862609863
20180726103600,334125.0,334188.47918510437
20180726103700,334500.0,333969.0799713135
20180726103800,334625.0,334229.07346487045
20180726103900,334750.0,334468.94294023514
20180726104000,334250.0,334594.0051674843
20180726104100,333625.0,334381.01917505264
20180726104200,333500.0,333813.8284087181
20180726104300,333125.0,333459.7581624985
20180726104400,333875.0,333200.3204226494
20180726104500,333750.0,333432.7092766762
20180726104600,334125.0,333709.27172899246
20180726104700,333750.0,333854.3300628662
20180726104800,333625.0,333823.96429777145
20180726104900,333375.0,333584.4962000847
20180726105000,333625.0,333392.3553824425
20180726105100,333625.0,333412.5433564186
20180726105200,333750.0,333527.17196941376
20180726105300,333375.0,333594.60121393204
20180726105400,333500.0,333449.655354023
20180726105500,333750.0,333345.14939785004
20180726105600,333500.0,333537.27036714554
20180726105700,333625.0,333517.06916093826
20180726105800,333875.0,333469.8543548584
20180726105900,332875.0,333662.0414853096
20180726110000,333000.0,333237.39272356033
20180726110100,332875.0,332846.74859046936
20180726110200,332875.0,332836.6943001747
20180726110300,333500.0,332779.47372198105
20180726110400,334000.0,333115.99361896515
20180726110500,333875.0,333672.14208841324
20180726110600,333125.0,333834.0913653374
20180726110700,333750.0,333372.1497654915
20180726110800,334000.0,333365.31311273575
20180726110900,334250.0,333786.8523001671
20180726111000,333625.0,334036.59522533417
20180726111100,333375.0,333813.8284087181
20180726111200,332625.0,333392.3553824425
20180726111300,332625.0,332873.7842440605
20180726111400,333125.0,332530.5886864662
20180726111500,333625.0,332799.5690703392
20180726111600,333750.0,333297.93018102646
20180726111700,333500.0,333594.60121393204
20180726111800,333250.0,333517.06916093826
20180726111900,333375.0,333267.6857113838
20180726112000,333375.0,333220.48634290695
20180726112100,333500.0,333277.7686715126
20180726112200,334500.0,333345.14939785004
20180726112300,334750.0,333942.0443177223
20180726112400,334750.0,334536.5508198738
20180726112500,334500.0,334651.46392583847
20180726112600,334500.0,334516.2150859833
20180726112700,335000.0,334401.34608745575
20180726112800,334375.0,334671.80186510086
20180726112900,334000.0,334563.47620487213
20180726113000,333625.0,334073.7050175667
20180726113100,333625.0,333699.153482914
20180726113200,333750.0,333527.17196941376
20180726113300,334250.0,333594.60121393204
20180726113400,334250.0,333921.82326316833
20180726113500,334125.0,334151.38483047485
20180726113600,334250.0,334083.84972810745
20180726113700,334750.0,334093.9900279045
20180726113800,334500.0,334421.65315151215
20180726113900,334625.0,334516.2150859833
20180726114000,334375.0,334468.94294023514
20180726114100,334250.0,334391.185939312
20180726114200,334375.0,334208.7884545326
20180726114300,334250.0,334218.9375758171
20180726114400,334250.0,334208.7884545326
20180726114500,334750.0,334151.38483047485
20180726114600,334750.0,334421.65315151215
20180726114700,334250.0,334651.46392583847
20180726114800,334750.0,334381.01917505264
20180726114900,334625.0,334421.65315151215
20180726115000,334250.0,334583.83399248123
20180726115100,334125.0,334323.60231876373
20180726115200,334750.0,334083.84972810745
20180726115300,334500.0,334364.2120361328
20180726115400,334375.0,334516.2150859833
20180726115500,334250.0,334333.76467227936
20180726115600,334625.0,334208.7884545326
20180726115700,335000.0,334354.0695309639
20180726115800,334500.0,334729.2782664299
20180726115900,334500.0,334631.0995221138
20180726120000,335000.0,334401.34608745575
20180726120100,334875.0,334671.80186510086
20180726120200,334750.0,334834.05327796936
20180726120300,334750.0,334708.9248895645
20180726120400,333875.0,334651.46392583847
20180726120500,334250.0,334178.3190369606
20180726120600,334750.0,333979.20483350754
20180726120700,334125.0,334421.65315151215
20180726120800,334750.0,334313.4399652481
20180726120900,334500.0,334364.2120361328
20180726121000,333625.0,334516.2150859833
20180726121100,334375.0,333928.5297989845
20180726121200,334000.0,333931.93489313126
20180726121300,333750.0,334073.7050175667
20180726121400,334250.0,333766.6158080101
20180726121500,334750.0,333921.82326316833
20180726121600,334250.0,334421.65315151215
20180726121700,334375.0,334381.01917505264
20180726121800,334375.0,334218.9375758171
20180726121900,334250.0,334276.34781599045
20180726122000,334000.0,334208.7884545326
20180726122100,334375.0,334016.3278579712
20180726122200,333625.0,334104.1193008423
20180726122300,332875.0,333871.17689847946
20180726122400,333000.0,333122.8809952736
20180726122500,333500.0,332846.74859046936
20180726122600,334250.0,333173.27374219894
20180726122700,334000.0,333807.0667386055
20180726122800,333875.0,334016.3278579712
20180726122900,334250.0,333834.0913653374
20180726123000,334125.0,333979.20483350754
20180726123100,333875.0,334083.84972810745
20180726123200,333750.0,333891.45308732986
20180726123300,333750.0,333709.27172899246
20180726123400,334000.0,333651.9342660904
20180726123500,333500.0,333786.8523001671
20180726123600,333500.0,333631.704390049
20180726123700,333875.0,333402.4515748024
20180726123800,334250.0,333604.7018170357
20180726123900,334375.0,333979.20483350754
20180726124000,334125.0,334218.9375758171
20180726124100,334125.0,334141.24232530594
20180726124200,334000.0,334026.4615416527
20180726124300,334000.0,333958.946287632
20180726124400,334750.0,333901.57574415207
20180726124500,334250.0,334306.7753314972
20180726124600,333750.0,334381.01917505264
20180726124700,333375.0,333881.32160902023
20180726124800,333625.0,333449.655354023
20180726124900,334500.0,333412.5433564186
20180726125000,334000.0,333999.43912029266
20180726125100,333875.0,334131.0909986496
20180726125200,333875.0,333834.0913653374
20180726125300,334125.0,333776.7384648323
20180726125400,333875.0,333911.702811718
20180726125500,334125.0,333891.45308732986
20180726125600,334250.0,333911.702811718
20180726125700,334875.0,334093.9900279045
20180726125800,334625.0,334489.25441503525
20180726125900,334500.0,334641.28613471985
20180726130000,334625.0,334458.7805867195
20180726130100,333750.0,334468.94294023514
20180726130200,334250.0,334053.402364254
20180726130300,334625.0,333921.82326316833
20180726130400,334750.0,334354.0695309639
20180726130500,334250.0,334594.0051674843
20180726130600,334000.0,334381.01917505264
20180726130700,334750.0,334016.3278579712
20180726130800,334875.0,334306.7753314972
20180726130900,334375.0,334719.10268068314
20180726131000,334375.0,334506.04170560837
20180726131100,334375.0,334276.34781599045
20180726131200,335125.0,334276.34781599045
20180726131300,334625.0,334681.96642398834
20180726131400,334750.0,334756.1992406845
20180726131500,334875.0,334594.0051674843
20180726131600,334125.0,334719.10268068314
20180726131700,334500.0,334370.8480000496
20180726131800,334250.0,334229.07346487045
20180726131900,333875.0,334266.19428396225
20180726132000,334500.0,333948.8170146942
20180726132100,334250.0,334114.2507791519
20180726132200,334375.0,334266.19428396225
20180726132300,334375.0,334218.9375758171
20180726132400,334250.0,334276.34781599045
20180726132500,334500.0,334208.7884545326
20180726132600,334625.0,334286.4947319031
20180726132700,334375.0,334468.94294023514
20180726132800,334375.0,334391.185939312
20180726132900,334250.0,334276.34781599045
20180726133000,334375.0,334208.7884545326
20180726133100,334250.0,334218.9375758171
20180726133200,334125.0,334208.7884545326
20180726133300,334000.0,334083.84972810745
20180726133400,333750.0,333958.946287632
20180726133500,333875.0,333766.6158080101
20180726133600,334250.0,333719.38556432724
20180726133700,334125.0,333979.20483350754
20180726133800,334375.0,334083.84972810745
20180726133900,334250.0,334161.52292490005
20180726134000,334750.0,334208.7884545326
20180726134100,334625.0,334421.65315151215
20180726134200,334875.0,334583.83399248123
20180726134300,334875.0,334661.6373062134
20180726134400,334875.0,334776.5790820122
20180726134500,334500.0,334776.5790820122
20180726134600,334125.0,334573.65840673447
20180726134700,333625.0,334198.6349225044
20180726134800,333500.0,333756.4931511879
20180726134900,334500.0,333459.7581624985
20180726135000,335125.0,333942.0443177223
20180726135100,335000.0,334739.44503068924
20180726135200,334500.0,334959.21915769577
20180726135300,334375.0,334631.0995221138
20180726135400,334375.0,334333.76467227936
20180726135500,334750.0,334276.34781599045
20180726135600,334625.0,334479.10088300705
20180726135700,334250.0,334583.83399248123
20180726135800,334750.0,334323.60231876373
20180726135900,334625.0,334421.65315151215
20180726140000,334750.0,334583.83399248123
20180726140100,334875.0,334594.0051674843
20180726140200,334875.0,334719.10268068314
20180726140300,334625.0,334776.5790820122
20180726140400,334750.0,334641.28613471985
20180726140500,334875.0,334594.0051674843
20180726140600,334500.0,334719.10268068314
20180726140700,334750.0,334573.65840673447
20180726140800,334750.0,334536.5508198738
20180726140900,334750.0,334651.46392583847
20180726141000,335125.0,334651.46392583847
20180726141100,334750.0,334854.4242978096
20180726141200,335250.0,334823.8622546196
20180726141300,335250.0,334922.1027493477
20180726141400,335125.0,335152.1428823471
20180726141500,334750.0,335084.42252874374
20180726141600,334625.0,334823.8622546196
20180726141700,334750.0,334583.83399248123
20180726141800,334875.0,334594.0051674843
20180726141900,335375.0,334719.10268068314
20180726142000,334875.0,335047.30612039566
20180726142100,334875.0,335006.50894641876
20180726142200,335000.0,334776.5790820122
20180726142300,335625.0,334844.2443013191
20180726142400,334625.0,335240.27836322784
20180726142500,334750.0,334986.07617616653
20180726142600,335000.0,334594.0051674843
20180726142700,334875.0,334786.75907850266
20180726142800,334875.0,334834.05327796936
20180726142900,334750.0,334776.5790820122
20180726143000,335000.0,334708.9248895645
20180726143100,335125.0,334786.75907850266
20180726143200,335125.0,334969.4167971611
20180726143300,335000.0,335026.91745758057
20180726143400,335250.0,334959.21915769577
20180726143500,335125.0,335037.11730241776
20180726143600,335000.0,335084.42252874374
20180726143700,334750.0,334959.21915769577
20180726143800,335000.0,334766.3902640343
20180726143900,335250.0,334786.75907850266
20180726144000,334625.0,335037.11730241776
20180726144100,335125.0,334813.66461515427
20180726144200,335125.0,334796.93245887756
20180726144300,335625.0,335026.91745758057
20180726144400,335499.99999999994,335297.82313108444
20180726144500,335125.0,335460.24656295776
20180726144600,335375.0,335199.4414925575
20180726144700,335375.0,335162.347137928
20180726144800,335499.99999999994,335277.4013876915
20180726144900,335750.0,335345.1548218727
20180726145000,335375.0,335538.2593870163
20180726145100,335125.0,335450.01143217087
20180726145200,335375.0,335141.93201065063
20180726145300,335125.0,335162.347137928
20180726145400,335250.0,335141.93201065063
20180726145500,334875.0,335094.62237358093
20180726145600,334500.0,334949.0171074867
20180726145700,334250.0,334573.65840673447
20180726145800,334375.0,334266.19428396225
20180726145900,334375.0,334218.9375758171
20180726150000,334125.0,334276.34781599045
20180726150100,334375.0,334141.24232530594
20180726150200,334250.0,334161.52292490005
20180726150300,333625.0,334208.7884545326
20180726150400,333750.0,333813.8284087181
20180726150500,333750.0,333594.60121393204
20180726150600,333625.0,333651.9342660904
20180726150700,333250.0,333584.4962000847
20180726150800,333250.0,333324.9680399895
20180726150900,333500.0,333153.13428640366
20180726151000,333500.0,333287.8516316414
20180726151100,333375.0,333402.4515748024
20180726151200,333375.0,333335.0598216057
20180726151300,333250.0,333277.7686715126
20180726151400,333375.0,333210.4077935219
20180726151500,333250.0,333220.48634290695
20180726151600,333750.0,333210.4077935219
20180726151700,334125.0,333422.6263165474
20180726151800,333750.0,333854.3300628662
20180726151900,334125.0,333823.96429777145
20180726153000,334000.0,333854.3300628662
20180727090000,336250.00000000006,333958.946287632
20180727090100,336000.0,335118.4955239296
20180727090200,335499.99999999994,336019.4340348244
20180727090300,335000.0,335632.905125618
20180727090400,335000.0,335131.7145228386
20180727090500,334750.0,334901.7295241356
20180727090600,335000.0,334766.3902640343
20180727090700,335000.0,334786.75907850266
20180727090800,334750.0,334901.7295241356
20180727090900,335000.0,334766.3902640343
20180727091000,334500.0,334786.75907850266
20180727091100,334500.0,334631.0995221138
20180727091200,334250.0,334401.34608745575
20180727091300,332750.0,334266.19428396225
20180727091400,332750.0,333341.8016433716
20180727091500,333250.0,332655.0069451332
20180727091600,333250.0,332924.0931868553
20180727091700,334000.0,333153.13428640366
20180727091800,334000.0,333557.44951963425
20180727092000,334000.0,333901.57574415207
20180727092100,333500.0,333901.57574415207
20180727092200,333750.0,333631.704390049
20180727092300,334000.0,333537.27036714554
20180727092400,333750.0,333786.8523001671
20180727092500,333750.0,333766.6158080101
20180727092600,333500.0,333651.9342660904
20180727092700,333625.0,333517.06916093826
20180727092800,333500.0,333469.8543548584
20180727092900,334000.0,333459.7581624985
20180727093100,334000.0,333672.14208841324
20180727093200,333750.0,333901.57574415207
20180727093300,333500.0,333766.6158080101
20180727093400,333125.0,333517.06916093826
20180727093500,332500.0,333200.3204226494
20180727093600,332625.0,332692.10571050644
20180727093700,332250.0,332473.40339422226
20180727093800,332375.0,332328.99564504623
20180727093900,332500.0,332224.72566366196
20180727094000,332375.0,332349.04247522354
20180727094100,333000.0,332339.02126550674
20180727094200,333000.0,332617.8706884384
20180727094300,332500.0,332903.984606266
20180727094400,332375.0,332634.91600751877
20180727094500,332375.0,332339.02126550674
20180727094600,332500.0,332281.87346458435
20180727094700,332250.0,332349.04247522354
20180727094800,332250.0,332271.85225486755
20180727094900,332250.0,332157.5853228569
20180727095000,332000.00000000006,332157.5853228569
20180727095100,332500.0,332023.3355164528
20180727095200,332250.0,332177.5880455971
20180727095300,332500.0,332271.85225486755
20180727095400,332250.0,332291.8880581856
20180727095500,332375.0,332271.85225486755
20180727095600,332375.0,332224.72566366196
20180727095700,332875.0,332281.87346458435
20180727095800,332000.00000000006,332550.6421327591
20180727095900,332000.00000000006,332308.9289665222
20180727100000,332250.0,331909.1457724571
20180727100200,333000.0,332043.33823919296
20180727100300,332500.0,332560.66554784775
20180727100400,333000.0,332634.91600751877
20180727100500,333000.0,332675.0802397728
20180727100600,332875.0,332903.984606266
20180727100700,332750.0,332836.6943001747
20180727100800,332750.0,332712.209880352
20180727100900,332750.0,332655.0069451332
20180727101000,333250.0,332655.0069451332
20180727101100,333250.0,332924.0931868553
20180727101200,333375.0,333153.13428640366
20180727101300,333500.0,333220.48634290695
20180727101400,333375.0,333345.14939785004
20180727101500,333750.0,333335.0598216057
20180727101600,334250.0,333479.94834184647
20180727101700,334250.0,333921.82326316833
20180727101800,334250.0,334151.38483047485
20180727101900,334375.0,334151.38483047485
20180727102000,334500.0,334218.9375758171
20180727102100,334375.0,334343.9204096794
20180727102200,334375.0,334333.76467227936
20180727102300,334500.0,334276.34781599045
20180727102400,334875.0,334343.9204096794
20180727102500,335000.0,334604.16972637177
20180727102600,334875.0,334844.2443013191
20180727102700,334875.0,334834.05327796936
20180727102800,335000.0,334776.5790820122
20180727102900,334875.0,334844.2443013191
20180727103000,334625.0,334834.05327796936
20180727103100,335000.0,334641.28613471985
20180727103200,335499.99999999994,334729.2782664299
20180727103300,335250.0,335172.54477739334
20180727103400,335250.0,335267.1816945076
20180727103500,335499.99999999994,335152.1428823471
20180727103600,335625.0,335287.6144647598
20180727103700,335874.99999999994,335470.47287225723
20180727103800,336000.0,335663.6303663254
20180727103900,335874.99999999994,335846.6343283653
20180727104000,336000.0,335836.38375997543
20180727104100,335750.0,335846.6343283653
20180727104200,335750.0,335768.54652166367
20180727104300,335750.0,335653.3952355385
20180727104400,336000.0,335653.3952355385
20180727104500,335750.0,335789.0410423279
20180727104600,335874.99999999994,335768.54652166367
20180727104700,335625.0,335721.2148308754
20180727104800,335750.0,335643.153488636
20180727104900,335750.0,335595.82620859146
20180727105000,335874.99999999994,335653.3952355385
20180727105100,335874.99999999994,335721.2148308754
20180727105200,335625.0,335778.7948846817
20180727105300,335750.0,335643.153488636
20180727105400,335874.99999999994,335595.82620859146
20180727105500,335874.99999999994,335721.2148308754
20180727105600,335750.0,335778.7948846817
20180727105700,335625.0,335710.9686732292
20180727105800,335750.0,335585.59107780457
20180727105900,335874.99999999994,335595.82620859146
20180727110000,335750.0,335721.2148308754
20180727110100,335750.0,335710.9686732292
20180727110200,336000.0,335653.3952355385
20180727110300,335750.0,335789.0410423279
20180727110400,335750.0,335768.54652166367
20180727110500,335750.0,335653.3952355385
20180727110600,335750.0,335653.3952355385
20180727110700,335874.99999999994,335653.3952355385
20180727110800,335874.99999999994,335721.2148308754
20180727110900,335625.0,335778.7948846817
20180727111000,335375.0,335643.153488636
20180727111100,335125.0,335392.471075058
20180727111200,335250.0,335141.93201065063
20180727111300,335375.0,335094.62237358093
20180727111400,335250.0,335219.8720574379
20180727111500,335375.0,335209.6611857414
20180727111600,335125.0,335219.8720574379
20180727111700,335250.0,335141.93201065063
20180727111800,335125.0,335094.62237358093
20180727111900,335250.0,335084.42252874374
20180727112000,335375.0,335094.62237358093
20180727112100,335250.0,335219.8720574379
20180727112200,334750.0,335209.6611857414
20180727112300,334750.0,334881.3342452049
20180727112400,334750.0,334651.46392583847
20180727112500,334625.0,334651.46392583847
20180727112600,334375.0,334583.83399248123
20180727112700,334250.0,334391.185939312
20180727112800,334250.0,334208.7884545326
20180727112900,334500.0,334151.38483047485
20180727113000,334375.0,334286.4947319031
20180727113100,334375.0,334333.76467227936
20180727113200,334625.0,334276.34781599045
20180727113300,334875.0,334411.50403022766
20180727113400,335000.0,334661.6373062134
20180727113500,335375.0,334844.2443013191
20180727113600,335375.0,335104.8222184181
20180727113700,335250.0,335277.4013876915
20180727113800,335375.0,335209.6611857414
20180727113900,335250.0,335219.8720574379
20180727114000,335625.0,335209.6611857414
20180727114100,335874.99999999994,335355.3701043129
20180727114200,335874.99999999994,335663.6303663254
20180727114300,335750.0,335778.7948846817
20180727114400,335375.0,335710.9686732292
20180727114500,335250.0,335450.01143217087
20180727114600,335250.0,335209.6611857414
20180727114700,335250.0,335152.1428823471
20180727114800,334500.0,335152.1428823471
20180727114900,334250.0,334746.00380659103
20180727115000,334750.0,334266.19428396225
20180727115100,334875.0,334421.65315151215
20180727115200,334750.0,334719.10268068314
20180727115300,335375.0,334708.9248895645
20180727115400,335125.0,334989.7900223732
20180727115500,335375.0,335141.93201065063
20180727115600,335499.99999999994,335162.347137928
20180727115700,335375.0,335345.1548218727
20180727115800,335375.0,335334.9351286888
20180727115900,335250.0,335277.4013876915
20180727120000,335375.0,335209.6611857414
20180727120100,335375.0,335219.8720574379
20180727120200,335375.0,335277.4013876915
20180727120300,335375.0,335277.4013876915
20180727120400,335750.0,335277.4013876915
20180727120500,335750.0,335480.69256544113
20180727120600,335750.0,335653.3952355385
20180727120700,335874.99999999994,335653.3952355385
20180727120800,335874.99999999994,335721.2148308754
20180727120900,335750.0,335778.7948846817
20180727121000,335625.0,335710.9686732292
20180727121100,335250.0,335585.59107780457
20180727121200,335250.0,335324.7110247612
20180727121300,335375.0,335152.1428823471
20180727121400,335750.0,335219.8720574379
20180727121500,335750.0,335480.69256544113
20180727121600,335750.0,335653.3952355385
20180727121700,335874.99999999994,335653.3952355385
20180727121800,335499.99999999994,335721.2148308754
20180727121900,335874.99999999994,335575.3493309021
20180727122000,335750.0,335606.0547232628
20180727122100,335750.0,335710.9686732292
20180727122200,335750.0,335653.3952355385
20180727122300,335750.0,335653.3952355385
20180727122400,335874.99999999994,335653.3952355385
20180727122500,335874.99999999994,335721.2148308754
20180727122600,335750.0,335778.7948846817
20180727122700,335750.0,335710.9686732292
20180727122800,335750.0,335653.3952355385
20180727122900,335874.99999999994,335653.3952355385
20180727123000,335750.0,335721.2148308754
20180727123100,335750.0,335710.9686732292
20180727123200,335874.99999999994,335653.3952355385
20180727123300,335874.99999999994,335721.2148308754
20180727123400,335874.99999999994,335778.7948846817
20180727123500,335750.0,335778.7948846817
20180727123600,335874.99999999994,335710.9686732292
20180727123700,335874.99999999994,335721.2148308754
20180727123800,335874.99999999994,335778.7948846817
20180727123900,335874.99999999994,335778.7948846817
20180727124000,335874.99999999994,335778.7948846817
20180727124100,335625.0,335778.7948846817
20180727124200,335874.99999999994,335643.153488636
20180727124300,335750.0,335663.6303663254
20180727124400,336000.0,335710.9686732292
20180727124500,335750.0,335789.0410423279
20180727124600,335750.0,335768.54652166367
20180727124700,336000.0,335653.3952355385
20180727124800,335750.0,335789.0410423279
20180727124900,335874.99999999994,335768.54652166367
20180727125000,336000.0,335721.2148308754
20180727125100,336250.00000000006,335846.6343283653
20180727125200,336000.0,336039.9594306946
20180727125300,335874.99999999994,336019.4340348244
20180727125400,335874.99999999994,335836.38375997543
20180727125500,336000.0,335778.7948846817
20180727125600,335874.99999999994,335846.6343283653
20180727125700,335874.99999999994,335836.38375997543
20180727125800,335625.0,335778.7948846817
20180727125900,335750.0,335643.153488636
20180727130000,335874.99999999994,335595.82620859146
20180727130100,335874.99999999994,335721.2148308754
20180727130200,335874.99999999994,335778.7948846817
20180727130300,335625.0,335778.7948846817
20180727130400,335874.99999999994,335643.153488636
20180727130500,335750.0,335663.6303663254
20180727130600,335874.99999999994,335710.9686732292
20180727130700,335750.0,335721.2148308754
20180727130800,335750.0,335710.9686732292
20180727130900,335874.99999999994,335653.3952355385
20180727131000,335750.0,335721.2148308754
20180727131100,335874.99999999994,335710.9686732292
20180727131200,335750.0,335721.2148308754
20180727131300,335874.99999999994,335710.9686732292
20180727131400,335874.99999999994,335721.2148308754
20180727131500,335750.0,335778.7948846817
20180727131600,336000.0,335710.9686732292
20180727131700,335874.99999999994,335789.0410423279
20180727131800,335874.99999999994,335836.38375997543
20180727131900,336125.0,335778.7948846817
20180727132000,336250.00000000006,335914.4825935364
20180727132100,336125.0,336097.5791811943
20180727132200,336250.00000000006,336087.31096982956
20180727132300,336250.00000000006,336097.5791811943
20180727132400,336250.00000000006,336155.20334243774
20180727132500,336125.0,336155.20334243774
20180727132600,336250.00000000006,336087.31096982956
20180727132700,336250.00000000006,336097.5791811943
20180727132800,336250.00000000006,336155.20334243774
20180727132900,336375.0,336155.20334243774
20180727133000,336375.0,336223.10012578964
20180727133100,336500.0,336280.73531389236
20180727133200,336375.0,336348.65415096283
20180727133300,336375.0,336338.3705019951
20180727133400,336375.0,336280.73531389236
20180727133500,336375.0,336280.73531389236
20180727133600,336125.0,336280.73531389236
20180727133700,336375.0,336144.9241042137
20180727133800,335625.0,336165.46934843063
20180727133900,334875.0,335873.43841791153
20180727134000,334750.0,335121.4948296547
20180727134100,335375.0,334708.9248895645
20180727134200,335499.99999999994,334989.7900223732
20180727134300,335874.99999999994,335345.1548218727
20180727134400,335874.99999999994,335606.0547232628
20180727134500,335625.0,335778.7948846817
20180727134600,336000.0,335643.153488636
20180727134700,335874.99999999994,335731.4499616623
20180727134800,335874.99999999994,335836.38375997543
20180727134900,335375.0,335778.7948846817
20180727135000,335000.0,335507.5539946556
20180727135100,335125.0,335074.2116570473
20180727135200,335375.0,334969.4167971611
20180727135300,335375.0,335162.347137928
20180727135400,335750.0,335277.4013876915
20180727135500,335874.99999999994,335480.69256544113
20180727135600,336000.0,335721.2148308754
20180727135700,335499.99999999994,335846.6343283653
20180727135800,335750.0,335632.905125618
20180727135900,335750.0,335538.2593870163
20180727140000,335874.99999999994,335653.3952355385
20180727140100,336000.0,335721.2148308754
20180727140200,335750.0,335846.6343283653
20180727140300,335874.99999999994,335768.54652166367
20180727140400,336250.00000000006,335721.2148308754
20180727140500,336375.0,335982.33968019485
20180727140600,336375.0,336223.10012578964
20180727140700,336375.0,336280.73531389236
20180727140800,336250.00000000006,336280.73531389236
20180727140900,336250.00000000006,336212.82309293747
20180727141000,336250.00000000006,336155.20334243774
20180727141100,336250.00000000006,336155.20334243774
20180727141200,336125.0,336155.20334243774
20180727141300,336250.00000000006,336087.31096982956
20180727141400,336500.0,336097.5791811943
20180727141500,336375.0,336291.0145521164
20180727141600,336250.00000000006,336338.3705019951
20180727141700,336125.0,336212.82309293747
20180727141800,336125.0,336087.31096982956
20180727141900,335625.0,336029.70004081726
20180727142000,335499.99999999994,335758.29154253006
20180727142100,335250.0,335460.24656295776
20180727142200,335250.0,335267.1816945076
20180727142300,335250.0,335152.1428823471
20180727142400,335375.0,335152.1428823471
20180727142500,335250.0,335219.8720574379
20180727142600,335250.0,335209.6611857414
20180727142700,335000.0,335152.1428823471
20180727142800,334875.0,335016.71320199966
20180727142900,334875.0,334834.05327796936
20180727143000,334875.0,334776.5790820122
20180727143100,334625.0,334776.5790820122
20180727143200,334625.0,334641.28613471985
20180727143300,334750.0,334526.3862609863
20180727143400,334750.0,334594.0051674843
20180727143500,334875.0,334651.46392583847
20180727143600,334625.0,334719.10268068314
20180727143700,334750.0,334641.28613471985
20180727143800,334875.0,334594.0051674843
20180727143900,334750.0,334719.10268068314
20180727144000,334750.0,334708.9248895645
20180727144100,334875.0,334651.46392583847
20180727144200,334875.0,334719.10268068314
20180727144300,334875.0,334776.5790820122
20180727144400,334875.0,334776.5790820122
20180727144500,334750.0,334776.5790820122
20180727144600,334750.0,334708.9248895645
20180727144700,334625.0,334651.46392583847
20180727144800,334875.0,334583.83399248123
20180727144900,334625.0,334661.6373062134
20180727145000,334750.0,334641.28613471985
20180727145100,334750.0,334594.0051674843
20180727145200,334875.0,334651.46392583847
20180727145300,334875.0,334719.10268068314
20180727145400,334875.0,334776.5790820122
20180727145500,334875.0,334776.5790820122
20180727145600,334750.0,334776.5790820122
20180727145700,334750.0,334708.9248895645
20180727145800,334875.0,334651.46392583847
20180727145900,334875.0,334719.10268068314
20180727150000,334875.0,334776.5790820122
20180727150100,334750.0,334776.5790820122
20180727150200,334875.0,334708.9248895645
20180727150300,334875.0,334719.10268068314
20180727150400,334875.0,334776.5790820122
20180727150500,335000.0,334776.5790820122
20180727150600,335250.0,334844.2443013191
20180727150700,335250.0,335037.11730241776
20180727150800,334750.0,335152.1428823471
20180727150900,335250.0,334881.3342452049
20180727151000,335750.0,334922.1027493477
20180727151100,336000.0,335423.13235998154
20180727151200,336000.0,335789.0410423279
20180727151300,335874.99999999994,335904.2320251465
20180727151400,335750.0,335836.38375997543
20180727151500,335750.0,335710.9686732292
20180727151600,334750.0,335653.3952355385
20180727151700,335000.0,335111.26631498337
20180727151800,335000.0,334786.75907850266
20180727151900,334500.0,334901.7295241356
20180727153000,334500.0,334631.0995221138
20180730090000,333250.0,334401.34608745575
20180730090100,333500.0,333726.083278656
20180730090200,333375.0,333287.8516316414
20180730090400,333375.0,333335.0598216057
20180730090500,333375.0,333277.7686715126
20180730090600,333500.0,333277.7686715126
20180730090700,333500.0,333345.14939785004
20180730090800,333375.0,333402.4515748024
20180730090900,333500.0,333335.0598216057
20180730091000,333500.0,333345.14939785004
20180730091100,333125.0,333402.4515748024
20180730091200,333000.0,333200.3204226494
20180730091300,333250.0,332961.22282743454
20180730091400,333375.0,333038.60050439835
20180730091500,333125.0,333220.48634290695
20180730091600,333250.0,333143.0557370186
20180730091700,333375.0,333095.86519002914
20180730091800,332750.0,333220.48634290695
20180730091900,332625.0,332941.0767555237
20180730092000,332875.0,332587.7717733383
20180730092100,332750.0,332665.04579782486
20180730092200,332750.0,332712.209880352
20180730092300,332500.0,332655.0069451332
20180730092400,332375.0,332520.5476284027
20180730092500,332375.0,332339.02126550674
20180730092600,332500.0,332281.87346458435
20180730092700,332250.0,332349.04247522354
20180730092800,332375.0,332271.85225486755
20180730092900,332125.0,332224.72566366196
20180730093000,332250.0,332147.5751399994
20180730093100,332375.0,332100.4573702812
20180730093200,332250.0,332224.72566366196
20180730093300,332250.0,332214.71548080444
20180730093400,332250.0,332157.5853228569
20180730093500,332375.0,332157.5853228569
20180730093600,332500.0,332224.72566366196
20180730093700,332875.0,332349.04247522354
20180730093800,332750.0,332607.84286260605
20180730093900,332750.0,332712.209880352
20180730094000,332750.0,332655.0069451332
20180730094100,332750.0,332655.0069451332
20180730094200,332750.0,332655.0069451332
20180730094300,332375.0,332655.0069451332
20180730094400,332125.0,332453.3389210701
20180730094500,332375.0,332147.5751399994
20180730094600,332250.0,332167.58888959885
20180730094700,332375.0,332214.71548080444
20180730094800,332375.0,332224.72566366196
20180730094900,332125.0,332281.87346458435
20180730095000,332250.0,332147.5751399994
20180730095100,333500.0,332100.4573702812
20180730095200,334875.0,332829.6679854393
20180730095300,334875.0,334144.60331201553
20180730095400,334750.0,334776.5790820122
20180730095500,334000.0,334708.9248895645
20180730095600,333750.0,334245.87178230286
20180730095700,333875.0,333766.6158080101
20180730095800,334000.0,333719.38556432724
20180730095900,333625.0,333844.20961141586
20180730100000,334000.0,333699.153482914
20180730100100,333875.0,333729.4905781746
20180730100200,333875.0,333834.0913653374
20180730100300,333750.0,333776.7384648323
20180730100400,334000.0,333709.27172899246
20180730100500,333750.0,333786.8523001671
20180730100600,334000.0,333766.6158080101
20180730100700,334000.0,333786.8523001671
20180730100800,333750.0,333901.57574415207
20180730100900,334000.0,333766.6158080101
20180730101000,334250.0,333786.8523001671
20180730101100,334250.0,334036.59522533417
20180730101200,334500.0,334151.38483047485
20180730101300,334500.0,334286.4947319031
20180730101400,334250.0,334401.34608745575
20180730101500,334500.0,334266.19428396225
20180730101600,334500.0,334286.4947319031
20180730101700,334250.0,334401.34608745575
20180730101800,334500.0,334266.19428396225
20180730101900,335000.0,334286.4947319031
20180730102000,334500.0,334671.80186510086
20180730102100,335000.0,334631.0995221138
20180730102200,335000.0,334671.80186510086
20180730102300,334500.0,334901.7295241356
20180730102400,334875.0,334631.0995221138
20180730102500,334750.0,334604.16972637177
20180730102600,334750.0,334708.9248895645
20180730102700,334625.0,334651.46392583847
20180730102800,334750.0,334583.83399248123
20180730102900,334500.0,334594.0051674843
20180730103000,334750.0,334516.2150859833
20180730103100,334750.0,334536.5508198738
20180730103200,334500.0,334651.46392583847
20180730103300,334750.0,334516.2150859833
20180730103400,335000.0,334536.5508198738
20180730103500,334500.0,334786.75907850266
20180730103600,334625.0,334631.0995221138
20180730103700,334875.0,334468.94294023514
20180730103800,334500.0,334661.6373062134
20180730103900,334750.0,334573.65840673447
20180730104000,335000.0,334536.5508198738
20180730104100,334750.0,334786.75907850266
20180730104200,334750.0,334766.3902640343
20180730104300,334875.0,334651.46392583847
20180730104400,334750.0,334719.10268068314
20180730104500,334625.0,334708.9248895645
20180730104600,334125.0,334583.83399248123
20180730104700,334500.0,334256.0341358185
20180730104800,334500.0,334229.07346487045
20180730104900,334125.0,334401.34608745575
20180730105000,334125.0,334198.6349225044
20180730105100,334500.0,334026.4615416527
20180730105200,334250.0,334229.07346487045
20180730105300,334250.0,334266.19428396225
20180730105400,334500.0,334151.38483047485
20180730105500,334875.0,334286.4947319031
20180730105600,335000.0,334604.16972637177
20180730105700,335000.0,334844.2443013191
20180730105800,334875.0,334901.7295241356
20180730105900,334750.0,334834.05327796936
20180730110000,334875.0,334708.9248895645
20180730110100,334875.0,334719.10268068314
20180730110200,334875.0,334776.5790820122
20180730110300,335000.0,334776.5790820122
20180730110400,334875.0,334844.2443013191
20180730110500,334750.0,334834.05327796936
20180730110600,335000.0,334708.9248895645
20180730110700,334750.0,334786.75907850266
20180730110800,334875.0,334766.3902640343
20180730110900,334875.0,334719.10268068314
20180730111000,334750.0,334776.5790820122
20180730111100,334750.0,334708.9248895645
20180730111200,334875.0,334651.46392583847
20180730111300,334625.0,334719.10268068314
20180730111400,334750.0,334641.28613471985
20180730111500,334750.0,334594.0051674843
20180730111600,334750.0,334651.46392583847
20180730111700,334875.0,334651.46392583847
20180730111800,334875.0,334719.10268068314
20180730111900,334625.0,334776.5790820122
20180730112000,335000.0,334641.28613471985
20180730112100,334875.0,334729.2782664299
20180730112200,334750.0,334834.05327796936
20180730112300,334875.0,334708.9248895645
20180730112400,334750.0,334719.10268068314
20180730112500,334500.0,334708.9248895645
20180730112600,334750.0,334516.2150859833
20180730112700,334750.0,334536.5508198738
20180730112800,334625.0,334651.46392583847
20180730112900,334500.0,334583.83399248123
20180730113000,334250.0,334458.7805867195
20180730113100,334250.0,334266.19428396225
20180730113200,334250.0,334151.38483047485
20180730113300,334250.0,334151.38483047485
20180730113400,334250.0,334151.38483047485
20180730113500,334250.0,334151.38483047485
20180730113600,334250.0,334151.38483047485
20180730113700,334375.0,334151.38483047485
20180730113800,334250.0,334218.9375758171
20180730113900,334250.0,334208.7884545326
20180730114000,334375.0,334151.38483047485
20180730114100,334250.0,334218.9375758171
20180730114200,334250.0,334208.7884545326
20180730114300,334375.0,334151.38483047485
20180730114400,334500.0,334218.9375758171
20180730114500,334125.0,334343.9204096794
20180730114600,334250.0,334198.6349225044
20180730114700,334375.0,334093.9900279045
20180730114800,334125.0,334218.9375758171
20180730114900,334250.0,334141.24232530594
20180730115000,334500.0,334093.9900279045
20180730115100,334125.0,334286.4947319031
20180730115200,334250.0,334198.6349225044
20180730115300,333875.0,334093.9900279045
20180730115400,334000.0,333948.8170146942
20180730115500,333750.0,333844.20961141586
20180730115600,333750.0,333766.6158080101
20180730115700,333750.0,333651.9342660904
20180730115800,333500.0,333651.9342660904
20180730115900,333875.0,333517.06916093826
20180730120000,333750.0,333604.7018170357
20180730120100,333750.0,333709.27172899246
20180730120200,333500.0,333651.9342660904
20180730120300,333250.0,333517.06916093826
20180730120400,333000.0,333267.6857113838
20180730120500,333500.0,333018.4654593468
20180730120600,333250.0,333173.27374219894
20180730120700,333125.0,333267.6857113838
20180730120800,333250.0,333085.7910513878
20180730120900,333250.0,333095.86519002914
20180730121000,333125.0,333153.13428640366
20180730121100,333250.0,333085.7910513878
20180730121200,333250.0,333095.86519002914
20180730121300,333250.0,333153.13428640366
20180730121400,333375.0,333153.13428640366
20180730121500,333250.0,333220.48634290695
20180730121600,333125.0,333210.4077935219
20180730121700,332750.0,333085.7910513878
20180730121800,333000.0,332826.6333937645
20180730121900,332500.0,332789.523601532
20180730122000,332750.0,332634.91600751877
20180730122100,333000.0,332540.61871767044
20180730122200,332875.0,332789.523601532
20180730122300,332750.0,332836.6943001747
20180730122400,332875.0,332712.209880352
20180730122500,332750.0,332722.25534915924
20180730122600,332875.0,332712.209880352
20180730122700,332875.0,332722.25534915924
20180730122800,332500.0,332779.47372198105
20180730122900,332750.0,332577.7263045311
20180730123000,332750.0,332540.61871767044
20180730123100,332500.0,332655.0069451332
20180730123200,332625.0,332520.5476284027
20180730123300,332250.0,332473.40339422226
20180730123400,332250.0,332328.99564504623
20180730123500,332125.0,332157.5853228569
20180730123600,332500.0,332090.4538035393
20180730123700,332375.0,332234.73584651947
20180730123800,332125.0,332339.02126550674
20180730123900,332500.0,332147.5751399994
20180730124000,332250.0,332234.73584651947
20180730124100,332375.0,332271.85225486755
20180730124200,332500.0,332224.72566366196
20180730124300,332375.0,332349.04247522354
20180730124400,332250.0,332339.02126550674
20180730124500,332250.0,332214.71548080444
20180730124600,332250.0,332157.5853228569
20180730124700,332500.0,332157.5853228569
20180730124800,332250.0,332291.8880581856
20180730124900,332250.0,332271.85225486755
20180730125000,332375.0,332157.5853228569
20180730125100,332250.0,332224.72566366196
20180730125200,332250.0,332214.71548080444
20180730125300,332250.0,332157.5853228569
20180730125400,332750.0,332157.5853228569
20180730125500,333000.0,332426.2481331825
20180730125600,332750.0,332789.523601532
20180730125700,332750.0,332769.42163705826
20180730125800,332625.0,332655.0069451332
20180730125900,332750.0,332587.7717733383
20180730130000,332750.0,332597.8084206581
20180730130100,332875.0,332655.0069451332
20180730130200,332750.0,332722.25534915924
20180730130300,332750.0,332712.209880352
20180730130400,332750.0,332655.0069451332
20180730130500,333000.0,332655.0069451332
20180730130600,332750.0,332789.523601532
20180730130700,332875.0,332769.42163705826
20180730130800,333000.0,332722.25534915924
20180730130900,332500.0,332846.74859046936
20180730131000,332750.0,332634.91600751877
20180730131100,332875.0,332540.61871767044
20180730131200,332625.0,332722.25534915924
20180730131300,333000.0,332644.95927095413
20180730131400,333125.0,332732.30081796646
20180730131500,333250.0,332971.2859392166
20180730131600,333250.0,333095.86519002914
20180730131700,333250.0,333153.13428640366
20180730131800,333625.0,333153.13428640366
20180730131900,333750.0,333355.2345633507
20180730132000,334000.0,333594.60121393204
20180730132100,333750.0,333786.8523001671
20180730132200,333875.0,333766.6158080101
20180730132300,334000.0,333719.38556432724
20180730132400,333750.0,333844.20961141586
20180730132500,333625.0,333766.6158080101
20180730132600,334000.0,333584.4962000847
20180730132700,333875.0,333729.4905781746
20180730132800,334000.0,333834.0913653374
20180730132900,333875.0,333844.20961141586
20180730133000,333750.0,333834.0913653374
20180730133100,334000.0,333709.27172899246
20180730133200,333875.0,333786.8523001671
20180730133300,333750.0,333834.0913653374
20180730133400,334000.0,333709.27172899246
20180730133500,333875.0,333786.8523001671
20180730133600,333875.0,333834.0913653374
20180730133700,333750.0,333776.7384648323
20180730133800,333875.0,333709.27172899246
20180730133900,333875.0,333719.38556432724
20180730134000,333875.0,333776.7384648323
20180730134100,333875.0,333776.7384648323
20180730134200,333875.0,333776.7384648323
20180730134300,333875.0,333776.7384648323
20180730134400,333875.0,333776.7384648323
20180730134500,333875.0,333776.7384648323
20180730134600,334000.0,333776.7384648323
20180730134700,333875.0,333844.20961141586
20180730134800,333750.0,333834.0913653374
20180730134900,333750.0,333709.27172899246
20180730135000,334125.0,333651.9342660904
20180730135100,334125.0,333854.3300628662
20180730135200,334375.0,334026.4615416527
20180730135300,334750.0,334161.52292490005
20180730135400,335625.0,334479.10088300705
20180730135500,336625.00000000006,335125.20426511765
20180730135600,336875.0,336070.70672512054
20180730135700,336750.0,336667.8310036659
20180730135800,336625.00000000006,336715.20459651947
20180730135900,336625.00000000006,336589.562356472
20180730140000,336750.0,336531.900703907
20180730140100,336625.00000000006,336599.86144304276
20180730140200,336250.00000000006,336589.562356472
20180730140300,336375.0,336328.0846476555
20180730140400,336000.0,336223.10012578964
20180730140500,335750.0,336077.0383477211
20180730140600,335750.0,335768.54652166367
20180730140700,335750.0,335653.3952355385
20180730140800,335750.0,335653.3952355385
20180730140900,335750.0,335653.3952355385
20180730141000,335874.99999999994,335653.3952355385
20180730141100,335874.99999999994,335721.2148308754
20180730141200,335750.0,335778.7948846817
20180730141300,335750.0,335710.9686732292
20180730141400,335874.99999999994,335653.3952355385
20180730141500,335750.0,335721.2148308754
20180730141600,335625.0,335710.9686732292
20180730141700,335750.0,335585.59107780457
20180730141800,335874.99999999994,335595.82620859146
20180730141900,335750.0,335721.2148308754
20180730142000,335625.0,335710.9686732292
20180730142100,335874.99999999994,335585.59107780457
20180730142200,335375.0,335663.6303663254
20180730142300,334250.0,335507.5539946556
20180730142400,333750.0,334668.1541800499
20180730142500,333625.0,333881.32160902023
20180730142600,333375.0,333584.4962000847
20180730142700,333125.0,333392.3553824425
20180730142800,333125.0,333143.0557370186
20180730142900,333125.0,333028.5351872444
20180730143000,333250.0,333028.5351872444
20180730143100,333125.0,333095.86519002914
20180730143200,333500.0,333085.7910513878
20180730143300,333625.0,333230.5604815483
20180730143400,333625.0,333469.8543548584
20180730143500,333750.0,333527.17196941376
20180730143600,333625.0,333594.60121393204
20180730143700,333875.0,333584.4962000847
20180730143800,334125.0,333662.0414853096
20180730143900,334000.0,333911.702811718
20180730144000,333875.0,333958.946287632
20180730144100,333875.0,333834.0913653374
20180730144200,333875.0,333776.7384648323
20180730144300,333750.0,333776.7384648323
20180730144400,333750.0,333709.27172899246
20180730144500,333875.0,333651.9342660904
20180730144600,334375.0,333719.38556432724
20180730144700,334500.0,334046.7222929001
20180730144800,334625.0,334343.9204096794
20180730144900,334750.0,334468.94294023514
20180730145000,334500.0,334594.0051674843
20180730145100,333875.0,334516.2150859833
20180730145200,333875.0,334063.5603070259
20180730145300,334125.0,333776.7384648323
20180730145400,334000.0,333911.702811718
20180730145500,334375.0,333958.946287632
20180730145600,334375.0,334104.1193008423
20180730145700,334250.0,334276.34781599045
20180730145800,334250.0,334208.7884545326
20180730145900,334125.0,334151.38483047485
20180730150000,334250.0,334083.84972810745
20180730150100,334375.0,334093.9900279045
20180730150200,334250.0,334218.9375758171
20180730150300,334125.0,334208.7884545326
20180730150400,334625.0,334083.84972810745
20180730150500,334500.0,334296.63944244385
20180730150600,334250.0,334458.7805867195
20180730150700,334375.0,334266.19428396225
20180730150800,334250.0,334218.9375758171
20180730150900,334375.0,334208.7884545326
20180730151000,334375.0,334218.9375758171
20180730151100,334375.0,334276.34781599045
20180730151200,334250.0,334276.34781599045
20180730151300,334375.0,334208.7884545326
20180730151400,334500.0,334218.9375758171
20180730151500,334625.0,334343.9204096794
20180730151600,334875.0,334468.94294023514
20180730151700,334875.0,334661.6373062134
20180730151800,334250.0,334776.5790820122
20180730151900,333875.0,334438.4382367134
20180730153000,334500.0,333948.8170146942
20180731090000,335000.0,334114.2507791519
20180731090100,336000.0,334671.80186510086
20180731090200,335499.99999999994,335443.54969263077
20180731090300,335000.0,335632.905125618
20180731090400,335000.0,335131.7145228386
20180731090500,336000.0,334901.7295241356
20180731090600,335250.0,335443.54969263077
20180731090700,334875.0,335497.31224775314
20180731090800,334625.0,334949.0171074867
20180731090900,334500.0,334641.28613471985
20180731091000,334500.0,334458.7805867195
20180731091100,334625.0,334401.34608745575
20180731091200,335000.0,334468.94294023514
20180731091300,334750.0,334729.2782664299
20180731091400,334750.0,334766.3902640343
20180731091500,334625.0,334651.46392583847
20180731091600,334750.0,334583.83399248123
20180731091700,334875.0,334594.0051674843
20180731091900,335000.0,334719.10268068314
20180731092000,335000.0,334844.2443013191
20180731092100,335000.0,334901.7295241356
20180731092200,334875.0,334901.7295241356
20180731092300,335000.0,334834.05327796936
20180731092400,334750.0,334844.2443013191
20180731092500,334500.0,334766.3902640343
20180731092600,334625.0,334516.2150859833
20180731092700,334750.0,334468.94294023514
20180731092800,334750.0,334594.0051674843
20180731093000,335000.0,334651.46392583847
20180731093100,334750.0,334786.75907850266
20180731093200,334875.0,334766.3902640343
20180731093300,334750.0,334719.10268068314
20180731093400,334875.0,334708.9248895645
20180731093500,334500.0,334719.10268068314
20180731093600,334875.0,334573.65840673447
20180731093700,334625.0,334604.16972637177
20180731093800,334750.0,334641.28613471985
20180731093900,335000.0,334594.0051674843
20180731094000,334750.0,334786.75907850266
20180731094100,335250.0,334766.3902640343
20180731094200,336000.0,334922.1027493477
20180731094300,335499.99999999994,335558.70097875595
20180731094400,335750.0,335632.905125618
20180731094500,336000.0,335538.2593870163
20180731094600,335750.0,335789.0410423279
20180731094700,335625.0,335768.54652166367
20180731094800,335000.0,335585.59107780457
20180731094900,335250.0,335189.22621011734
20180731095000,335750.0,335037.11730241776
20180731095100,335750.0,335423.13235998154
20180731095200,335750.0,335653.3952355385
20180731095300,335499.99999999994,335653.3952355385
20180731095400,335499.99999999994,335517.7957415581
20180731095500,335000.0,335402.70179510117
20180731095600,335250.0,335131.7145228386
20180731095700,335000.0,335037.11730241776
20180731095800,335250.0,335016.71320199966
20180731095900,335375.0,335037.11730241776
20180731100000,335250.0,335219.8720574379
20180731100100,335499.99999999994,335209.6611857414
20180731100200,335250.0,335287.6144647598
20180731100300,335499.99999999994,335267.1816945076
20180731100400,335750.0,335287.6144647598
20180731100500,335750.0,335538.2593870163
20180731100600,336000.0,335653.3952355385
20180731100700,336000.0,335789.0410423279
20180731100800,335750.0,335904.2320251465
20180731100900,335750.0,335768.54652166367
20180731101000,335750.0,335653.3952355385
20180731101100,336000.0,335653.3952355385
20180731101200,335874.99999999994,335789.0410423279
20180731101300,335625.0,335836.38375997543
20180731101400,336000.0,335643.153488636
20180731101500,336250.00000000006,335731.4499616623
20180731101600,336375.0,336039.9594306946
20180731101700,336250.00000000006,336223.10012578964
20180731101800,336250.00000000006,336212.82309293747
20180731101900,336375.0,336155.20334243774
20180731102000,336000.0,336223.10012578964
20180731102100,336250.00000000006,336077.0383477211
20180731102200,336500.0,336039.9594306946
20180731102300,336250.00000000006,336291.0145521164
20180731102400,336000.0,336270.4516649246
20180731102500,336000.0,336019.4340348244
20180731102600,335750.0,335904.2320251465
20180731102700,335874.99999999994,335768.54652166367
20180731102800,335750.0,335721.2148308754
20180731102900,336250.00000000006,335710.9686732292
20180731103000,336750.0,335924.7265458107
20180731103100,337500.0,336426.86545848846
20180731103200,337375.0,337065.56099653244
20180731103300,337250.0,337343.87451410294
20180731103400,337000.0,337218.08010339737
20180731103500,337125.0,337024.2830514908
20180731103600,337375.0,336976.9050478935
20180731103700,337500.0,337170.6910729408
20180731103800,337625.0,337354.2177081108
20180731103900,337750.0,337480.0474047661
20180731104000,337500.0,337605.91238737106
20180731104100,337875.0,337527.4430513382
20180731104200,337875.0,337616.26440286636
20180731104300,338000.0,337789.57134485245
20180731104400,337875.0,337857.71733522415
20180731104500,337750.0,337847.3410606384
20180731104600,337750.0,337721.43417596817
20180731104700,337750.0,337663.67107629776
20180731104800,337750.0,337663.67107629776
20180731104900,337625.0,337663.67107629776
20180731105000,337625.0,337595.55155038834
20180731105100,337750.0,337537.7994775772
20180731105200,337625.0,337605.91238737106
20180731105300,337625.0,337595.55155038834
20180731105400,337625.0,337537.7994775772
20180731105500,337500.0,337537.7994775772
20180731105600,337500.0,337469.69759464264
20180731105700,337625.0,337411.9565486908
20180731105800,337500.0,337480.0474047661
20180731105900,337500.0,337469.69759464264
20180731110000,337375.0,337411.9565486908
20180731110100,337375.0,337343.87451410294
20180731110200,337375.0,337286.1422896385
20180731110300,337000.0,337286.1422896385
20180731110400,336750.0,337081.98219537735
20180731110500,337000.0,336772.8794813156
20180731110600,336875.0,336793.49970817566
20180731110700,336750.0,336840.8777117729
20180731110800,336875.0,336715.20459651947
20180731110900,336750.0,336725.5102992058
20180731111000,336875.0,336715.20459651947
20180731111100,337000.0,336725.5102992058
20180731111200,336500.0,336851.1900305748
20180731111300,336750.0,336636.91169023514
20180731111400,336750.0,336542.1931743622
20180731111500,336875.0,336657.5319170952
20180731111600,336625.00000000006,336725.5102992058
20180731111700,336750.0,336647.2262144089
20180731111800,336750.0,336599.86144304276
20180731111900,336875.0,336657.5319170952
20180731112000,336750.0,336725.5102992058
20180731112100,336750.0,336715.20459651947
20180731112200,336625.00000000006,336657.5319170952
20180731112300,336750.0,336589.562356472
20180731112400,336875.0,336599.86144304276
20180731112500,336875.0,336725.5102992058
20180731112600,336875.0,336783.19400548935
20180731112700,336875.0,336783.19400548935
20180731112800,336625.00000000006,336783.19400548935
20180731112900,336875.0,336647.2262144089
20180731113000,337250.0,336667.8310036659
20180731113100,337375.0,336987.2173666954
20180731113200,337500.0,337228.41888666153
20180731113300,337750.0,337354.2177081108
20180731113400,337625.0,337548.15369844437
20180731113500,337750.0,337595.55155038834
20180731113600,337875.0,337605.91238737106
20180731113700,337750.0,337731.80162906647
20180731113800,337750.0,337721.43417596817
20180731113900,337750.0,337663.67107629776
20180731114000,337875.0,337663.67107629776
20180731114100,337375.0,337731.80162906647
20180731114200,337500.0,337517.0755982399
20180731114300,337125.0,337354.2177081108
20180731114400,336750.0,337207.7369093895
20180731114500,337250.0,336830.55877685547
20180731114600,337250.0,336929.5138120651
20180731114700,337625.0,337160.3611111641
20180731114800,337875.0,337364.5609021187
20180731114900,337750.0,337674.02970790863
20180731115000,337750.0,337721.43417596817
20180731115100,337625.0,337663.67107629776
20180731115200,337875.0,337595.55155038834
20180731115300,337875.0,337674.02970790863
20180731115400,337625.0,337789.57134485245
20180731115500,337875.0,337653.3058285713
20180731115600,337875.0,337674.02970790863
20180731115700,337875.0,337789.57134485245
20180731115800,337875.0,337789.57134485245
20180731115900,337500.0,337789.57134485245
20180731120000,337625.0,337585.1863026619
20180731120100,337375.0,337480.0474047661
20180731120200,337250.0,337401.60673856735
20180731120300,337500.0,337218.08010339737
20180731120400,337125.0,337296.4854836464
20180731120500,337375.0,337207.7369093895
20180731120600,337000.0,337170.6910729408
20180731120700,337125.0,337081.98219537735
20180731120800,337250.0,336976.9050478935
20180731120900,336750.0,337102.64652967453
20180731121000,337125.0,336888.23586702347
20180731121100,337250.0,336861.5001440048
20180731121200,337500.0,337102.64652967453
20180731121300,337250.0,337296.4854836464
20180731121400,337500.0,337275.80350637436
20180731121500,337875.0,337296.4854836464
20180731121600,338000.0,337616.26440286636
20180731121700,337750.0,337857.71733522415
20180731121800,337875.0,337779.19286489487
20180731121900,338000.0,337731.80162906647
20180731122000,338125.0,337857.71733522415
20180731122100,338250.0,337983.661711216
20180731122200,338250.0,338109.62814092636
20180731122300,338250.0,338167.4309372902
20180731122400,338250.0,338167.4309372902
20180731122500,338125.0,338167.4309372902
20180731122600,337875.0,338099.24083948135
20180731122700,337750.0,337905.1151871681
20180731122800,338000.0,337721.43417596817
20180731122900,337875.0,337799.93438720703
20180731123000,338250.0,337847.3410606384
20180731123100,338250.0,337994.04019117355
20180731123200,338250.0,338167.4309372902
20180731123300,338375.0,338167.4309372902
20180731123400,338125.0,338235.6276512146
20180731123500,338375.0,338157.03040361404
20180731123600,338250.0,338177.8182387352
20180731123700,338500.0,338225.2293229103
20180731123800,338375.0,338303.83759737015
20180731123900,338250.0,338351.2508869171
20180731124000,338250.0,338225.2293229103
20180731124100,338375.0,338167.4309372902
20180731124200,338250.0,338235.6276512146
20180731124300,338500.0,338225.2293229103
20180731124400,338625.0,338303.83759737015
20180731124500,338875.0,338487.70385980606
20180731124600,339000.0,338682.03461170197
20180731124700,338625.0,338866.00893735886
20180731124800,338250.0,338719.01869773865
20180731124900,338250.0,338340.8371210098
20180731125000,338375.0,338167.4309372902
20180731125100,338375.0,338235.6276512146
20180731125200,338375.0,338293.437063694
20180731125300,338250.0,338293.437063694
20180731125400,338125.0,338225.2293229103
20180731125500,338250.0,338099.24083948135
20180731125600,338375.0,338109.62814092636
20180731125700,338125.0,338235.6276512146
20180731125800,338375.0,338157.03040361404
20180731125900,338375.0,338177.8182387352
20180731130000,338250.0,338293.437063694
20180731130100,338250.0,338225.2293229103
20180731130200,338500.0,338167.4309372902
20180731130300,338500.0,338303.83759737015
20180731130400,338875.0,338419.4696545601
20180731130500,338750.0,338624.1943240166
20180731130600,338750.0,338729.45231199265
20180731130700,338750.0,338671.6142296791
20180731130800,338875.0,338671.6142296791
20180731130900,338875.0,338739.88151550293
20180731131000,338875.0,338797.73062467575
20180731131100,339000.0,338797.73062467575
20180731131200,338625.0,338866.00893735886
20180731131300,338250.0,338719.01869773865
20180731131400,338500.0,338340.8371210098
20180731131500,338375.0,338303.83759737015
20180731131600,338375.0,338351.2508869171
20180731131700,338500.0,338293.437063694
20180731131800,338875.0,338361.6536259651
20180731131900,338750.0,338624.1943240166
20180731132000,339000.0,338729.45231199265
20180731132100,338750.0,338808.1576228142
20180731132200,338875.0,338787.2948050499
20180731132300,339000.0,338739.88151550293
20180731132400,338750.0,338866.00893735886
20180731132500,338625.0,338787.2948050499
20180731132600,339000.0,338603.35797071457
20180731132700,339000.0,338750.3063082695
20180731132800,338750.0,338923.86025190353
20180731132900,338750.0,338787.2948050499
20180731133000,339000.0,338671.6142296791
20180731133100,338625.0,338808.1576228142
20180731133200,338875.0,338719.01869773865
20180731133300,338750.0,338682.03461170197
20180731133400,338750.0,338729.45231199265
20180731133500,338750.0,338671.6142296791
20180731133600,338750.0,338671.6142296791
20180731133700,338875.0,338671.6142296791
20180731133800,338750.0,338739.88151550293
20180731133900,338875.0,338729.45231199265
20180731134000,338750.0,338739.88151550293
20180731134100,338625.0,338729.45231199265
20180731134200,338250.0,338603.35797071457
20180731134300,338375.0,338340.8371210098
20180731134400,338125.0,338235.6276512146
20180731134500,338250.0,338157.03040361404
20180731134600,338250.0,338109.62814092636
20180731134700,338500.0,338167.4309372902
20180731134800,338375.0,338303.83759737015
20180731134900,338250.0,338351.2508869171
20180731135000,338500.0,338225.2293229103
20180731135100,338625.0,338303.83759737015
20180731135200,338875.0,338487.70385980606
20180731135300,338750.0,338682.03461170197
20180731135400,338875.0,338729.45231199265
20180731135500,338875.0,338739.88151550293
20180731135600,338750.0,338797.73062467575
20180731135700,338750.0,338729.45231199265
20180731135800,338750.0,338671.6142296791
20180731135900,338750.0,338671.6142296791
20180731140000,338750.0,338671.6142296791
20180731140100,338750.0,338671.6142296791
20180731140200,338750.0,338671.6142296791
20180731140300,338750.0,338671.6142296791
20180731140400,339000.0,338671.6142296791
20180731140500,338750.0,338808.1576228142
20180731140600,338875.0,338787.2948050499
20180731140700,338875.0,338739.88151550293
20180731140800,339000.0,338797.73062467575
20180731140900,339250.0,338866.00893735886
20180731141000,339250.0,339060.4609847069
20180731141100,339250.0,339176.20331048965
20180731141200,339500.0,339176.20331048965
20180731141300,339375.0,339312.8702044487
20180731141400,339250.0,339360.2879047394
20180731141500,339375.0,339234.0766787529
20180731141600,339375.0,339244.5345520973
20180731141700,339375.0,339302.40792036057
20180731141800,339250.0,339302.40792036057
20180731141900,339500.0,339234.0766787529
20180731142000,339250.0,339312.8702044487
20180731142100,339375.0,339291.95004701614
20180731142200,339250.0,339244.5345520973
20180731142300,339375.0,339234.0766787529
20180731142400,339250.0,339244.5345520973
20180731142500,339250.0,339234.0766787529
20180731142600,339375.0,339176.20331048965
20180731142700,339000.0,339244.5345520973
20180731142800,338500.0,339097.4274277687
20180731142900,338375.0,338650.75582265854
20180731143000,338250.0,338351.2508869171
20180731143100,338750.0,338225.2293229103
20180731143200,338750.0,338440.2795433998
20180731143300,338750.0,338671.6142296791
20180731143400,338750.0,338671.6142296791
20180731143500,338750.0,338671.6142296791
20180731143600,338875.0,338671.6142296791
20180731143700,338750.0,338739.88151550293
20180731143800,338875.0,338729.45231199265
20180731143900,338750.0,338739.88151550293
20180731144000,338750.0,338729.45231199265
20180731144100,338875.0,338671.6142296791
20180731144200,338750.0,338739.88151550293
20180731144300,338750.0,338729.45231199265
20180731144400,338875.0,338671.6142296791
20180731144500,338875.0,338739.88151550293
20180731144600,338875.0,338797.73062467575
20180731144700,338750.0,338797.73062467575
20180731144800,339000.0,338729.45231199265
20180731144900,339250.0,338808.1576228142
20180731145000,339000.0,339060.4609847069
20180731145100,337875.0,339039.5717024803
20180731145200,337875.0,338309.5627427101
20180731145300,337750.0,337789.57134485245
20180731145400,338000.0,337721.43417596817
20180731145500,338500.0,337799.93438720703
20180731145600,338250.0,338188.2055401802
20180731145700,338625.0,338283.03653001785
20180731145800,338875.0,338372.05415964127
20180731145900,338875.0,338682.03461170197
20180731150000,338875.0,338797.73062467575
20180731150100,338875.0,338797.73062467575
20180731150200,338875.0,338797.73062467575
20180731150300,339250.0,338797.73062467575
20180731150400,338875.0,339002.5942325592
20180731150500,338875.0,338971.27133607864
20180731150600,338875.0,338797.73062467575
20180731150700,339250.0,338797.73062467575
20180731150800,339375.0,339002.5942325592
20180731150900,339375.0,339244.5345520973
20180731151000,338500.0,339302.40792036057
20180731151100,337500.0,338824.23037290573
20180731151200,337000.0,337873.93122911453
20180731151300,337250.0,337139.6835446358
20180731151400,337250.0,337044.93194818497
20180731151500,337250.0,337160.3611111641
20180731151600,337125.0,337160.3611111641
20180731151700,337125.0,337092.3165678978
20180731151800,337125.0,337034.60639715195
20180731151900,337250.0,337034.60639715195
20180731153000,338000.0,337102.64652967453
20180731153500,338000.0,337568.84229183197
20180801090000,338625.0,337915.4936671257
20180801090100,338500.0,338256.4044594765
20180801090200,339000.0,338477.29229927063
20180801090300,338750.0,338692.4549937248
20180801090400,339500.0,338787.2948050499
20180801090500,339875.0,339081.3326239586
20180801090600,339750.0,339633.74078273773
20180801090700,340124.99999999994,339739.07375335693
20180801090800,340750.0,339886.3573074341
20180801090900,340250.0,340402.3547768593
20180801091000,340250.0,340418.209195137
20180801091100,340124.99999999994,340186.4885687828
20180801091200,339875.0,340118.051469326
20180801091300,339875.0,339923.28625917435
20180801091400,339875.0,339807.46454000473
20180801091500,339750.0,339807.46454000473
20180801091600,339750.0,339739.07375335693
20180801091700,339750.0,339681.17171525955
20180801091800,340499.99999999994,339681.17171525955
20180801091900,340875.00000000006,340091.613471508
20180801092000,341500.0,340644.70970630646
20180801092100,342250.0,341161.2188220024
20180801092200,342500.0,341862.69026994705
20180801092300,342750.0,342348.0926156044
20180801092400,342875.0,342601.46337747574
20180801092500,342750.0,342786.2073779106
20180801092600,342750.0,342775.55322647095
20180801092700,342625.0,342717.52548217773
20180801092800,342875.0,342648.84799718857
20180801092900,342625.0,342728.17301750183
20180801093000,342750.0,342706.8735361099
20180801093100,342750.0,342659.49112176895
20180801093200,342375.0,342717.52548217773
20180801093300,342500.0,342511.5150809288
20180801093400,342625.0,342406.1159491539
20180801093500,342500.0,342532.80133008957
20180801093600,342375.0,342522.1626162529
20180801093700,342750.0,342395.4838514328
20180801093800,342500.0,342543.4268116951
20180801093900,342375.0,342580.1815390587
20180801094000,342250.0,342395.4838514328
20180801094100,342250.0,342268.82272958755
20180801094200,342250.0,342210.80380678177
20180801094300,342000.0,342210.80380678177
20180801094400,341375.0,342073.5436677933
20180801094500,340750.0,341614.5241856575
20180801094600,340750.0,340981.9088578224
20180801094700,341000.0,340692.13622808456
20180801094800,341375.0,340829.1405439377
20180801094900,341500.0,341150.66832304
20180801095000,341625.0,341393.179833889
20180801095100,341625.0,341519.74391937256
20180801095200,342250.0,341577.7341723442
20180801095300,342000.0,341920.71360349655
20180801095400,342375.0,342073.5436677933
20180801095500,341750.0,342163.4015440941
20180801095600,341125.0,341994.295835495
20180801095700,340750.0,341361.4268898964
20180801095800,340625.0,340866.00333452225
20180801095900,340750.0,340623.6461997032
20180801100000,340375.0,340634.1812610626
20180801100100,340250.0,340486.67937517166
20180801100200,340250.0,340244.4192767143
20180801100300,340375.0,340186.4885687828
20180801100400,341125.0,340254.9300789833
20180801100500,339875.0,340723.7237691879
20180801100600,338625.0,340386.56651973724
20180801100700,338750.0,339123.8566040993
20180801100800,338625.0,338613.7805581093
20180801100900,338750.0,338603.35797071457
20180801101000,338750.0,338613.7805581093
20180801101100,339500.0,338671.6142296791
20180801101200,339500.0,339081.3326239586
20180801101300,338750.0,339428.6412000656
20180801101400,339250.0,339018.6559557915
20180801101500,339625.0,338944.72748041153
20180801101600,339000.0,339381.2146782875
20180801101700,338750.0,339213.14549446106
20180801101800,338875.0,338787.2948050499
20180801101900,338875.0,338739.88151550293
20180801102000,339000.0,338797.73062467575
20180801102100,339250.0,338866.00893735886
20180801102200,338750.0,339060.4609847069
20180801102300,338750.0,338902.970969677
20180801102400,338750.0,338671.6142296791
20180801102500,339125.0,338671.6142296791
20180801102600,339250.0,338876.4359354973
20180801102700,339250.0,339118.3343529701
20180801102800,339125.0,339176.20331048965
20180801102900,338750.0,339107.8853011131
20180801103000,338750.0,338845.13288736343
20180801103100,338750.0,338671.6142296791
20180801103200,338750.0,338671.6142296791
20180801103300,339750.0,338671.6142296791
20180801103400,339875.0,339217.96864271164
20180801103500,340375.0,339749.5558857918
20180801103600,340875.00000000006,340081.12251758575
20180801103700,341000.0,340586.7415070534
20180801103800,340499.99999999994,340887.10874319077
20180801103900,339375.0,340671.04625701904
20180801104000,340375.0,339823.34101200104
20180801104100,340875.00000000006,339849.3732213974
20180801104200,340750.0,340586.7415070534
20180801104300,341250.00000000006,340750.0911951065
20180801104400,341250.00000000006,340966.1691188812
20180801104500,341000.0,341198.08822870255
20180801104600,340875.00000000006,341061.0089302063
20180801104700,340750.0,340876.55383348465
20180801104800,340750.0,340750.0911951065
20180801104900,340750.0,340692.13622808456
20180801105000,340625.0,340692.13622808456
20180801105100,340625.0,340623.6461997032
20180801105200,340750.0,340565.695643425
20180801105300,340750.0,340634.1812610626
20180801105400,341250.00000000006,340692.13622808456
20180801105500,341750.0,340966.1691188812
20180801105600,341875.0,341472.3196029663
20180801105700,341500.0,341772.91399240494
20180801105800,341250.00000000006,341625.1320242882
20180801105900,341375.0,341314.04227018356
20180801110000,341625.0,341266.63559675217
20180801110100,341750.0,341461.7492556572
20180801110200,341375.0,341646.32123708725
20180801110300,341250.00000000006,341498.56573343277
20180801110400,341250.00000000006,341256.0674548149
20180801110500,341125.0,341198.08822870255
20180801110600,341250.00000000006,341129.5474767685
20180801110700,341625.0,341140.1090025902
20180801110800,341625.0,341403.75238657
20180801110900,341375.0,341577.7341723442
20180801111000,341250.00000000006,341440.5865073204
20180801111100,341125.0,341256.0674548149
20180801111200,341250.00000000006,341129.5474767685
20180801111300,341750.0,341140.1090025902
20180801111400,341875.0,341472.3196029663
20180801111500,341875.0,341772.91399240494
20180801111600,341875.0,341830.9174776077
20180801111700,341750.0,341830.9174776077
20180801111800,341750.0,341762.3149752617
20180801111900,341750.0,341704.3203115463
20180801112000,341875.0,341704.3203115463
20180801112100,341750.0,341772.91399240494
20180801112200,341875.0,341762.3149752617
20180801112300,341875.0,341772.91399240494
20180801112400,341625.0,341830.9174776077
20180801112500,341625.0,341693.7190890312
20180801112600,341750.0,341577.7341723442
20180801112700,341500.0,341646.32123708725
20180801112800,341875.0,341567.1439766884
20180801112900,341750.0,341656.90702199936
20180801113000,341750.0,341762.3149752617
20180801113100,342000.0,341704.3203115463
20180801113200,342125.0,341841.516494751
20180801113300,341875.0,342026.1524319649
20180801113400,341750.0,341946.9244480133
20180801113500,342000.0,341762.3149752617
20180801113600,342250.0,341841.516494751
20180801113700,342250.0,342094.77257728577
20180801113800,342250.0,342210.80380678177
20180801113900,342125.0,342210.80380678177
20180801114000,342250.0,342142.1726346016
20180801114100,342125.0,342152.7892947197
20180801114200,342125.0,342142.1726346016
20180801114300,342250.0,342084.16253328323
20180801114400,342250.0,342152.7892947197
20180801114500,342250.0,342210.80380678177
20180801114600,342125.0,342210.80380678177
20180801114700,342250.0,342142.1726346016
20180801114800,342250.0,342152.7892947197
20180801114900,342750.0,342210.80380678177
20180801115000,342625.0,342485.39686203003
20180801115100,342625.0,342648.84799718857
20180801115200,342750.0,342590.82466363907
20180801115300,342750.0,342659.49112176895
20180801115400,342750.0,342717.52548217773
20180801115500,343000.0,342717.52548217773
20180801115600,343125.0,342854.89147901535
20180801115700,343250.0,343039.6663546562
20180801115800,343125.0,343166.4178967476
20180801115900,343125.0,343155.7438969612
20180801120000,342875.0,343097.7051258087
20180801120100,342750.0,342960.2972269058
20180801120200,342625.0,342775.55322647095
20180801120300,342750.0,342648.84799718857
20180801120400,342625.0,342659.49112176895
20180801120500,343000.0,342648.84799718857
20180801120600,342750.0,342796.8549132347
20180801120700,342625.0,342833.58097076416
20180801120800,342875.0,342648.84799718857
20180801120900,342750.0,342728.17301750183
20180801121000,342750.0,342775.55322647095
20180801121100,342750.0,342717.52548217773
20180801121200,342750.0,342717.52548217773
20180801121300,342750.0,342717.52548217773
20180801121400,342750.0,342717.52548217773
20180801121500,342750.0,342717.52548217773
20180801121600,342750.0,342717.52548217773
20180801121700,342750.0,342717.52548217773
20180801121800,342625.0,342717.52548217773
20180801121900,342750.0,342648.84799718857
20180801122000,342750.0,342659.49112176895
20180801122100,342625.0,342717.52548217773
20180801122200,342750.0,342648.84799718857
20180801122300,342875.0,342659.49112176895
20180801122400,343125.0,342786.2073779106
20180801122500,343375.0,342981.62537813187
20180801122600,343375.0,343235.1240515709
20180801122700,343250.0,343351.2104153633
20180801122800,343125.0,343282.49102830887
20180801122900,343250.0,343155.7438969612
20180801123000,343250.0,343166.4178967476
20180801123100,343250.0,343224.4544625282
20180801123200,343375.0,343224.4544625282
20180801123300,343250.0,343293.1760549545
20180801123400,343375.0,343282.49102830887
20180801123500,343375.0,343293.1760549545
20180801123600,343375.0,343351.2104153633
20180801123700,343375.0,343351.2104153633
20180801123800,343250.0,343351.2104153633
20180801123900,343250.0,343282.49102830887
20180801124000,343250.0,343224.4544625282
20180801124100,343250.0,343224.4544625282
20180801124200,343375.0,343224.4544625282
20180801124300,343375.0,343293.1760549545
20180801124400,343375.0,343351.2104153633
20180801124500,343250.0,343351.2104153633
20180801124600,343375.0,343282.49102830887
20180801124700,343375.0,343293.1760549545
20180801124800,343000.0,343351.2104153633
20180801124900,342250.0,343145.0610756874
20180801125000,342375.0,342558.86882543564
20180801125100,342375.0,342279.4438004494
20180801125200,342250.0,342337.46713399887
20180801125300,342250.0,342268.82272958755
20180801125400,342250.0,342210.80380678177
20180801125500,342375.0,342210.80380678177
20180801125600,342375.0,342279.4438004494
20180801125700,342250.0,342337.46713399887
20180801125800,342250.0,342268.82272958755
20180801125900,342125.0,342210.80380678177
20180801130000,342250.0,342142.1726346016
20180801130100,342250.0,342152.7892947197
20180801130200,342250.0,342210.80380678177
20180801130300,342125.0,342210.80380678177
20180801130400,342125.0,342142.1726346016
20180801130500,342250.0,342084.16253328323
20180801130600,342250.0,342152.7892947197
20180801130700,342375.0,342210.80380678177
20180801130800,342250.0,342279.4438004494
20180801130900,342250.0,342268.82272958755
20180801131000,342125.0,342210.80380678177
20180801131100,342250.0,342142.1726346016
20180801131200,342375.0,342152.7892947197
20180801131300,342250.0,342279.4438004494
20180801131400,342375.0,342268.82272958755
20180801131500,342375.0,342279.4438004494
20180801131600,342375.0,342337.46713399887
20180801131700,342500.0,342337.46713399887
20180801131800,342750.0,342406.1159491539
20180801131900,342375.0,342601.46337747574
20180801132000,342000.0,342511.5150809288
20180801132100,341750.0,342131.54715299606
20180801132200,341750.0,341820.3118443489
20180801132300,341750.0,341704.3203115463
20180801132400,341875.0,341704.3203115463
20180801132500,341750.0,341772.91399240494
20180801132600,341750.0,341762.3149752617
20180801132700,341750.0,341704.3203115463
20180801132800,341625.0,341704.3203115463
20180801132900,341750.0,341635.7310414314
20180801133000,341750.0,341646.32123708725
20180801133100,341750.0,341704.3203115463
20180801133200,341625.0,341704.3203115463
20180801133300,341750.0,341635.7310414314
20180801133400,342000.0,341646.32123708725
20180801133500,342375.0,341841.516494751
20180801133600,342250.0,342163.4015440941
20180801133700,342250.0,342268.82272958755
20180801133800,342250.0,342210.80380678177
20180801133900,342375.0,342210.80380678177
20180801134000,342250.0,342279.4438004494
20180801134100,342375.0,342268.82272958755
20180801134200,342125.0,342279.4438004494
20180801134300,342250.0,342200.18273591995
20180801134400,342375.0,342152.7892947197
20180801134500,342125.0,342279.4438004494
20180801134600,341875.0,342200.18273591995
20180801134700,341375.0,341946.9244480133
20180801134800,341375.0,341556.54937028885
20180801134900,341250.00000000006,341324.61923360825
20180801135000,341250.00000000006,341256.0674548149
20180801135100,341500.0,341198.08822870255
20180801135200,341125.0,341335.1873755455
20180801135300,341375.0,341245.4860806465
20180801135400,341125.0,341208.6563706398
20180801135500,341125.0,341187.5156760216
20180801135600,341250.00000000006,341071.570456028
20180801135700,341250.00000000006,341140.1090025902
20180801135800,341125.0,341198.08822870255
20180801135900,341250.00000000006,341129.5474767685
20180801140000,341250.00000000006,341140.1090025902
20180801140100,341250.00000000006,341198.08822870255
20180801140200,341250.00000000006,341198.08822870255
20180801140300,341250.00000000006,341198.08822870255
20180801140400,341375.0,341198.08822870255
20180801140500,341250.00000000006,341266.63559675217
20180801140600,341250.00000000006,341256.0674548149
20180801140700,341375.0,341198.08822870255
20180801140800,341375.0,341266.63559675217
20180801140900,341250.00000000006,341324.61923360825
20180801141000,341375.0,341256.0674548149
20180801141100,341375.0,341266.63559675217
20180801141200,341250.00000000006,341324.61923360825
20180801141300,341250.00000000006,341256.0674548149
20180801141400,341250.00000000006,341198.08822870255
20180801141500,341125.0,341198.08822870255
20180801141600,341250.00000000006,341129.5474767685
20180801141700,341500.0,341140.1090025902
20180801141800,341375.0,341335.1873755455
20180801141900,341250.00000000006,341382.6028704643
20180801142000,341125.0,341256.0674548149
20180801142100,341250.00000000006,341129.5474767685
20180801142200,341250.00000000006,341140.1090025902
20180801142300,341375.0,341198.08822870255
20180801142400,341375.0,341266.63559675217
20180801142500,341250.00000000006,341324.61923360825
20180801142600,341250.00000000006,341256.0674548149
20180801142700,341375.0,341198.08822870255
20180801142800,341375.0,341266.63559675217
20180801142900,341125.0,341324.61923360825
20180801143000,341375.0,341187.5156760216
20180801143100,341250.00000000006,341208.6563706398
20180801143200,341125.0,341256.0674548149
20180801143300,341250.00000000006,341129.5474767685
20180801143400,341250.00000000006,341140.1090025902
20180801143500,341250.00000000006,341198.08822870255
20180801143600,341250.00000000006,341198.08822870255
20180801143700,341250.00000000006,341198.08822870255
20180801143800,341375.0,341198.08822870255
20180801143900,341250.00000000006,341266.63559675217
20180801144000,341250.00000000006,341256.0674548149
20180801144100,341375.0,341198.08822870255
20180801144200,341250.00000000006,341266.63559675217
20180801144300,341375.0,341256.0674548149
20180801144400,341250.00000000006,341266.63559675217
20180801144500,341125.0,341256.0674548149
20180801144600,341250.00000000006,341129.5474767685
20180801144700,341375.0,341140.1090025902
20180801144800,341250.00000000006,341266.63559675217
20180801144900,341250.00000000006,341256.0674548149
20180801145000,341125.0,341198.08822870255
20180801145100,341125.0,341129.5474767685
20180801145200,341750.0,341071.570456028
20180801145300,341750.0,341414.31391239166
20180801145400,341750.0,341704.3203115463
20180801145500,340875.00000000006,341704.3203115463
20180801145600,340124.99999999994,341224.3145108223
20180801145700,340124.99999999994,340407.66751766205
20180801145800,340250.0,340060.1251721382
20180801145900,340499.99999999994,340128.56006622314
20180801150000,340750.0,340323.3870267868
20180801150100,341000.0,340576.2240886688
20180801150200,341250.00000000006,340829.1405439377
20180801150300,341750.0,341082.13198184967
20180801150400,341875.0,341472.3196029663
20180801150500,341875.0,341772.91399240494
20180801150600,341875.0,341830.9174776077
20180801150700,341750.0,341830.9174776077
20180801150800,342125.0,341762.3149752617
20180801150900,342250.0,341910.1234078407
20180801151000,342250.0,342152.7892947197
20180801151100,342375.0,342210.80380678177
20180801151200,342375.0,342279.4438004494
20180801151300,342250.0,342337.46713399887
20180801151400,342750.0,342268.82272958755
20180801151500,342500.0,342485.39686203003
20180801151600,342000.0,342580.1815390587
20180801151700,341750.0,342189.548432827
20180801151800,341875.0,341820.3118443489
20180801151900,341875.0,341772.91399240494
20180801153000,342500.0,341830.9174776077
20180801153500,342500.0,342174.00938272476
20180802090000,340750.0,342464.1392827034
20180802090100,340250.0,341503.4528374672
20180802090200,340499.99999999994,340418.209195137
20180802090300,340375.0,340323.3870267868
20180802090400,341500.0,340370.80693244934
20180802090500,340625.0,340929.24016714096
20180802090600,340499.99999999994,340971.33189439774
20180802090700,340625.0,340497.2166419029
20180802090800,340499.99999999994,340507.74508714676
20180802090900,340750.0,340497.2166419029
20180802091000,340750.0,340576.2240886688
20180802091100,340625.0,340692.13622808456
20180802091200,340499.99999999994,340623.6461997032
20180802091300,340750.0,340497.2166419029
20180802091400,340499.99999999994,340576.2240886688
20180802091500,340750.0,340555.16278743744
20180802091600,341250.00000000006,340576.2240886688
20180802091700,341250.00000000006,340966.1691188812
20180802091800,341250.00000000006,341198.08822870255
20180802091900,341250.00000000006,341198.08822870255
20180802092000,341500.0,341198.08822870255
20180802092100,341500.0,341335.1873755455
20180802092200,341750.0,341451.1678814888
20180802092300,341500.0,341588.3199572563
20180802092400,342000.0,341567.1439766884
20180802092500,341750.0,341725.4940867424
20180802092600,341750.0,341820.3118443489
20180802092700,341750.0,341704.3203115463
20180802092800,342125.0,341704.3203115463
20180802093000,342250.0,341910.1234078407
20180802093100,342375.0,342152.7892947197
20180802093200,342250.0,342279.4438004494
20180802093300,342250.0,342268.82272958755
20180802093400,342125.0,342210.80380678177
20180802093500,342000.0,342142.1726346016
20180802093600,342000.0,342015.5357718468
20180802093700,342250.0,341957.532286644
20180802093800,342250.0,342094.77257728577
20180802093900,342375.0,342210.80380678177
20180802094000,342000.0,342279.4438004494
20180802094100,341750.0,342131.54715299606
20180802094200,341875.0,341820.3118443489
20180802094300,342500.0,341772.91399240494
20180802094400,342250.0,342174.00938272476
20180802094500,342750.0,342326.8328309059
20180802094600,342500.0,342485.39686203003
20180802094700,341750.0,342580.1815390587
20180802094800,341750.0,342052.28167772293
20180802094900,342250.0,341704.3203115463
20180802095000,342250.0,341978.73693704605
20180802095100,342250.0,342210.80380678177
20180802095200,342500.0,342210.80380678177
20180802095300,342750.0,342348.0926156044
20180802095400,342750.0,342601.46337747574
20180802095500,342750.0,342717.52548217773
20180802095600,342375.0,342717.52548217773
20180802095700,342375.0,342511.5150809288
20180802095800,342500.0,342337.46713399887
20180802095900,342000.0,342406.1159491539
20180802100000,342125.0,342189.548432827
20180802100100,342250.0,342026.1524319649
20180802100200,342250.0,342152.7892947197
20180802100300,342750.0,342210.80380678177
20180802100400,343000.0,342485.39686203003
20180802100500,342750.0,342854.89147901535
20180802100600,342750.0,342833.58097076416
20180802100700,342750.0,342717.52548217773
20180802100800,343000.0,342717.52548217773
20180802100900,342750.0,342854.89147901535
20180802101000,343125.0,342833.58097076416
20180802101100,343375.0,342923.5844016075
20180802101200,343250.0,343235.1240515709
20180802101300,343250.0,343282.49102830887
20180802101400,343000.0,343224.4544625282
20180802101500,343125.0,343087.0333313942
20180802101600,343250.0,343039.6663546562
20180802101700,343250.0,343166.4178967476
20180802101800,343250.0,343224.4544625282
20180802101900,343125.0,343224.4544625282
20180802102000,343250.0,343155.7438969612
20180802102100,343125.0,343166.4178967476
20180802102200,343250.0,343155.7438969612
20180802102300,343375.0,343166.4178967476
20180802102400,343250.0,343293.1760549545
20180802102500,343375.0,343282.49102830887
20180802102600,343500.0,343293.1760549545
20180802102700,343375.0,343419.9430346489
20180802102800,343875.0,343409.25800800323
20180802102900,343250.0,343626.1497139931
20180802103000,343250.0,343514.6240592003
20180802103100,343500.0,343224.4544625282
20180802103200,343250.0,343361.8932366371
20180802103300,343125.0,343340.52979946136
20180802103400,343250.0,343155.7438969612
20180802103500,342750.0,343166.4178967476
20180802103600,342250.0,342949.6254324913
20180802103700,342375.0,342442.85303354263
20180802103800,343250.0,342279.4438004494
20180802103900,343250.0,342818.12131404877
20180802104000,342875.0,343224.4544625282
20180802104100,342250.0,343018.3271765709
20180802104200,342375.0,342500.8587241173
20180802104300,342750.0,342279.4438004494
20180802104400,343250.0,342543.4268116951
20180802104500,343500.0,342992.2751188278
20180802104600,343750.0,343361.8932366371
20180802104700,343625.0,343615.46248197556
20180802104800,343500.0,343662.8162264824
20180802104900,343250.0,343536.0316038132
20180802105000,343250.0,343340.52979946136
20180802105100,343500.0,343224.4544625282
20180802105200,343375.0,343361.8932366371
20180802105300,343500.0,343409.25800800323
20180802105400,343250.0,343419.9430346489
20180802105500,343250.0,343340.52979946136
20180802105600,343375.0,343224.4544625282
20180802105700,342750.0,343293.1760549545
20180802105800,342500.0,343007.6443552971
20180802105900,342375.0,342580.1815390587
20180802110000,342625.0,342395.4838514328
20180802110100,342250.0,342474.76917505264
20180802110200,342250.0,342384.8429322243
20180802110300,342125.0,342210.80380678177
20180802110400,342250.0,342142.1726346016
20180802110500,342375.0,342152.7892947197
20180802110600,342250.0,342279.4438004494
20180802110700,342250.0,342268.82272958755
20180802110800,342500.0,342210.80380678177
20180802110900,342625.0,342348.0926156044
20180802111000,342750.0,342532.80133008957
20180802111100,342875.0,342659.49112176895
20180802111200,342750.0,342786.2073779106
20180802111300,342875.0,342775.55322647095
20180802111400,342750.0,342786.2073779106
20180802111500,342750.0,342775.55322647095
20180802111600,342875.0,342717.52548217773
20180802111700,342875.0,342786.2073779106
20180802111800,343125.0,342844.23953294754
20180802111900,343125.0,342981.62537813187
20180802112000,343375.0,343097.7051258087
20180802112100,343250.0,343235.1240515709
20180802112200,343125.0,343282.49102830887
20180802112300,343250.0,343155.7438969612
20180802112400,343250.0,343166.4178967476
20180802112500,343250.0,343224.4544625282
20180802112600,342875.0,343224.4544625282
20180802112700,342625.0,343018.3271765709
20180802112800,342625.0,342706.8735361099
20180802112900,342750.0,342590.82466363907
20180802113000,342750.0,342659.49112176895
20180802113100,343125.0,342717.52548217773
20180802113200,343250.0,342923.5844016075
20180802113300,343625.0,343166.4178967476
20180802113400,343250.0,343430.6192398071
20180802113500,343125.0,343398.56415987015
20180802113600,343250.0,343155.7438969612
20180802113700,343125.0,343166.4178967476
20180802113800,343250.0,343155.7438969612
20180802113900,343250.0,343166.4178967476
20180802114000,343125.0,343224.4544625282
20180802114100,343250.0,343155.7438969612
20180802114200,343250.0,343166.4178967476
20180802114300,343250.0,343224.4544625282
20180802114400,343000.0,343224.4544625282
20180802114500,342750.0,343087.0333313942
20180802114600,342750.0,342833.58097076416
20180802114700,342875.0,342717.52548217773
20180802114800,342750.0,342786.2073779106
20180802114900,342625.0,342775.55322647095
20180802115000,342750.0,342648.84799718857
20180802115100,342750.0,342659.49112176895
20180802115200,342750.0,342717.52548217773
20180802115300,342625.0,342717.52548217773
20180802115400,342625.0,342648.84799718857
20180802115500,342750.0,342590.82466363907
20180802115600,342750.0,342659.49112176895
20180802115700,342750.0,342717.52548217773
20180802115800,342750.0,342717.52548217773
20180802115900,342750.0,342717.52548217773
20180802120000,342625.0,342717.52548217773
20180802120100,342750.0,342648.84799718857
20180802120200,342750.0,342659.49112176895
20180802120300,342750.0,342717.52548217773
20180802120400,342625.0,342717.52548217773
20180802120500,342750.0,342648.84799718857
20180802120600,342750.0,342659.49112176895
20180802120700,342750.0,342717.52548217773
20180802120800,342750.0,342717.52548217773
20180802120900,342750.0,342717.52548217773
20180802121000,342625.0,342717.52548217773
20180802121100,342750.0,342648.84799718857
20180802121200,342750.0,342659.49112176895
20180802121300,342750.0,342717.52548217773
20180802121400,342625.0,342717.52548217773
20180802121500,342375.0,342648.84799718857
20180802121600,342375.0,342453.50056886673
20180802121700,342250.0,342337.46713399887
20180802121800,342125.0,342268.82272958755
20180802121900,342250.0,342142.1726346016
20180802122000,342250.0,342152.7892947197
20180802122100,342250.0,342210.80380678177
20180802122200,342250.0,342210.80380678177
20180802122300,342250.0,342210.80380678177
20180802122400,342500.0,342210.80380678177
20180802122500,342625.0,342348.0926156044
20180802122600,342750.0,342532.80133008957
20180802122700,342750.0,342659.49112176895
20180802122800,342750.0,342717.52548217773
20180802122900,342750.0,342717.52548217773
20180802123000,342750.0,342717.52548217773
20180802123100,342750.0,342717.52548217773
20180802123200,342750.0,342717.52548217773
20180802123300,343000.0,342717.52548217773
20180802123400,342750.0,342854.89147901535
20180802123500,342750.0,342833.58097076416
20180802123600,342750.0,342717.52548217773
20180802123700,342875.0,342717.52548217773
20180802123800,342875.0,342786.2073779106
20180802123900,342875.0,342844.23953294754
20180802124000,342875.0,342844.23953294754
20180802124100,342750.0,342844.23953294754
20180802124200,342625.0,342775.55322647095
20180802124300,342750.0,342648.84799718857
20180802124400,342750.0,342659.49112176895
20180802124500,342625.0,342717.52548217773
20180802124600,342750.0,342648.84799718857
20180802124700,342875.0,342659.49112176895
20180802124800,342625.0,342786.2073779106
20180802124900,342125.0,342706.8735361099
20180802125000,341625.0,342316.19411706924
20180802125100,341250.00000000006,341809.69738960266
20180802125200,341375.0,341372.0170855522
20180802125300,341375.0,341266.63559675217
20180802125400,341375.0,341324.61923360825
20180802125500,341250.00000000006,341324.61923360825
20180802125600,341375.0,341256.0674548149
20180802125700,341250.00000000006,341266.63559675217
20180802125800,341375.0,341256.0674548149
20180802125900,341250.00000000006,341266.63559675217
20180802130000,341250.00000000006,341256.0674548149
20180802130100,341125.0,341198.08822870255
20180802130200,341125.0,341129.5474767685
20180802130300,341250.00000000006,341071.570456028
20180802130400,341125.0,341140.1090025902
20180802130500,341125.0,341129.5474767685
20180802130600,341250.00000000006,341071.570456028
20180802130700,340875.00000000006,341140.1090025902
20180802130800,340750.0,340992.4769997597
20180802130900,340625.0,340750.0911951065
20180802131000,340875.00000000006,340623.6461997032
20180802131100,340750.0,340702.6734948158
20180802131200,340250.0,340750.0911951065
20180802131300,340375.0,340418.209195137
20180802131400,340250.0,340254.9300789833
20180802131500,340124.99999999994,340244.4192767143
20180802131600,340250.0,340118.051469326
20180802131700,340250.0,340128.56006622314
20180802131800,340250.0,340186.4885687828
20180802131900,340250.0,340186.4885687828
20180802132000,339625.0,340186.4885687828
20180802132100,339125.0,339844.3736433983
20180802132200,339250.0,339281.4789414406
20180802132300,339250.0,339118.3343529701
20180802132400,339125.0,339176.20331048965
20180802132500,339125.0,339107.8853011131
20180802132600,339250.0,339050.02295970917
20180802132700,339375.0,339118.3343529701
20180802132800,339375.0,339244.5345520973
20180802132900,340000.0,339302.40792036057
20180802133000,340250.0,339644.2052721977
20180802133100,339625.0,340070.6293582916
20180802133200,340000.0,339844.3736433983
20180802133300,340499.99999999994,339760.0402235985
20180802133400,340875.00000000006,340207.4991464615
20180802133500,341000.0,340644.70970630646
20180802133600,340375.0,340887.10874319077
20180802133700,340250.0,340602.5496125221
20180802133800,340250.0,340244.4192767143
20180802133900,340250.0,340186.4885687828
20180802134000,340625.0,340186.4885687828
20180802134100,340875.00000000006,340391.848385334
20180802134200,340750.0,340702.6734948158
20180802134300,340625.0,340750.0911951065
20180802134400,340625.0,340623.6461997032
20180802134500,340750.0,340565.695643425
20180802134600,340875.00000000006,340634.1812610626
20180802134700,341000.0,340760.6328725815
20180802134800,340875.00000000006,340887.10874319077
20180802134900,340750.0,340876.55383348465
20180802135000,341375.0,340750.0911951065
20180802135100,341000.0,341034.6944332123
20180802135200,340750.0,341118.97271871567
20180802135300,340625.0,340808.04616212845
20180802135400,341125.0,340623.6461997032
20180802135500,341250.00000000006,340839.6756052971
20180802135600,341125.0,341140.1090025902
20180802135700,341250.00000000006,341129.5474767685
20180802135800,341250.00000000006,341140.1090025902
20180802135900,340875.00000000006,341198.08822870255
20180802140000,340625.0,340992.4769997597
20180802140100,340875.00000000006,340681.5901398659
20180802140200,340625.0,340702.6734948158
20180802140300,340625.0,340681.5901398659
20180802140400,340750.0,340565.695643425
20180802140500,340625.0,340634.1812610626
20180802140600,340750.0,340623.6461997032
20180802140700,340750.0,340634.1812610626
20180802140800,340750.0,340692.13622808456
20180802140900,340750.0,340692.13622808456
20180802141000,340750.0,340692.13622808456
20180802141100,340750.0,340692.13622808456
20180802141200,340750.0,340692.13622808456
20180802141300,340750.0,340692.13622808456
20180802141400,340875.00000000006,340692.13622808456
20180802141500,340625.0,340760.6328725815
20180802141600,340625.0,340681.5901398659
20180802141700,340750.0,340565.695643425
20180802141800,340875.00000000006,340634.1812610626
20180802141900,340625.0,340760.6328725815
20180802142000,340750.0,340681.5901398659
20180802142100,340250.0,340634.1812610626
20180802142200,340375.0,340418.209195137
20180802142300,340250.0,340254.9300789833
20180802142400,340375.0,340244.4192767143
20180802142500,340124.99999999994,340254.9300789833
20180802142600,340124.99999999994,340175.97115039825
20180802142700,340250.0,340060.1251721382
20180802142800,340250.0,340128.56006622314
20180802142900,339875.0,340186.4885687828
20180802143000,339750.0,339981.1949133873
20180802143100,339750.0,339739.07375335693
20180802143200,339875.0,339681.17171525955
20180802143300,339625.0,339749.5558857918
20180802143400,339875.0,339670.685172081
20180802143500,339750.0,339691.65164232254
20180802143600,339875.0,339739.07375335693
20180802143700,339750.0,339749.5558857918
20180802143800,339750.0,339739.07375335693
20180802143900,339750.0,339681.17171525955
20180802144000,340250.0,339681.17171525955
20180802144100,340124.99999999994,339954.7679424286
20180802144200,340375.0,340118.051469326
20180802144300,340124.99999999994,340196.99716567993
20180802144400,340124.99999999994,340175.97115039825
20180802144500,340750.0,340060.1251721382
20180802144600,340750.0,340402.3547768593
20180802144700,340625.0,340692.13622808456
20180802144800,340750.0,340623.6461997032
20180802144900,340250.0,340634.1812610626
20180802145000,340000.0,340418.209195137
20180802145100,340375.0,340049.61878061295
20180802145200,340750.0,340139.05984163284
20180802145300,340750.0,340518.266916275
20180802145400,340750.0,340692.13622808456
20180802145500,340750.0,340692.13622808456
20180802145600,340875.00000000006,340692.13622808456
20180802145700,340750.0,340760.6328725815
20180802145800,340875.00000000006,340750.0911951065
20180802145900,340875.00000000006,340760.6328725815
20180802150000,340499.99999999994,340818.59666109085
20180802150100,339750.0,340613.0979061127
20180802150200,339875.0,340028.58394384384
20180802150300,339750.0,339749.5558857918
20180802150400,339625.0,339739.07375335693
20180802150500,339875.0,339612.79195547104
20180802150600,339750.0,339691.65164232254
20180802150700,339875.0,339739.07375335693
20180802150800,339750.0,339749.5558857918
20180802150900,340124.99999999994,339739.07375335693
20180802151000,340000.0,339886.3573074341
20180802151100,340499.99999999994,339991.7035102844
20180802151200,340499.99999999994,340207.4991464615
20180802151300,340750.0,340439.27270174026
20180802151400,340875.00000000006,340576.2240886688
20180802151500,340750.0,340760.6328725815
20180802151600,340750.0,340750.0911951065
20180802151700,340875.00000000006,340692.13622808456
20180802151800,340875.00000000006,340760.6328725815
20180802151900,340625.0,340818.59666109085
20180802153000,339500.0,340681.5901398659
20180803090000,340124.99999999994,339949.6360421181
20180803090100,340000.0,339770.5135345459
20180803090200,339375.0,339991.7035102844
20180803090300,337625.0,339591.8144583702
20180803090400,337750.0,338346.4586138725
20180803090500,336750.0,337605.91238737106
20180803090600,336500.0,337118.9839243889
20180803090700,337250.0,336521.6016173363
20180803090800,337000.0,336814.100086689
20180803090900,336875.0,337024.2830514908
20180803091000,337500.0,336840.8777117729
20180803091100,337250.0,337123.28881025314
20180803091200,337250.0,337275.80350637436
20180803091300,337500.0,337160.3611111641
20180803091400,338500.0,337296.4854836464
20180803091500,340499.99999999994,337956.9634795189
20180803091600,342000.0,339512.1873021126
20180803091700,342250.0,341261.37578487396
20180803091800,341500.0,342094.77257728577
20180803091900,341750.0,341799.0785241127
20180803092000,341875.0,341588.3199572563
20180803092100,342375.0,341772.91399240494
20180803092200,342625.0,342105.3782105446
20180803092300,342000.0,342474.76917505264
20180803092400,342125.0,342247.5497126579
20180803092500,342750.0,342026.1524319649
20180803092600,343125.0,342427.35809087753
20180803092700,343375.0,342923.5844016075
20180803092800,343375.0,343235.1240515709
20180803092900,343375.0,343351.2104153633
20180803093000,343375.0,343351.2104153633
20180803093100,343375.0,343351.2104153633
20180803093200,343500.0,343351.2104153633
20180803093300,342500.0,343419.9430346489
20180803093400,342375.0,342928.2597899437
20180803093500,342875.0,342395.4838514328
20180803093600,343000.0,342612.0976805687
20180803093700,343250.0,342912.928044796
20180803093800,343500.0,343108.3680987358
20180803093900,343750.0,343361.8932366371
20180803094000,344250.0,343615.46248197556
20180803094100,344375.0,344006.59841299057
20180803094200,344500.0,344307.62284994125
20180803094300,344749.99999999994,344434.46481227875
20180803094400,344625.0,344630.1231980324
20180803094500,345000.0,344677.4372458458
20180803094600,344749.99999999994,344825.80584287643
20180803094700,345124.99999999994,344862.3576760292
20180803094800,345375.0,344952.6897072792
20180803094900,345375.0,345264.54252004623
20180803095000,345500.00000000006,345380.66416978836
20180803095100,345124.99999999994,345449.5070576668
20180803095200,345375.0,345301.04142427444
20180803095300,345750.0,345264.54252004623
20180803095400,345875.00000000006,345587.20165491104
20180803095500,345750.0,345830.2446603775
20180803095600,345875.00000000006,345819.4383382797
20180803095700,345375.0,345830.2446603775
20180803095800,345250.0,345612.8677725792
20180803095900,345500.00000000006,345311.83010339737
20180803100000,345875.00000000006,345391.4484381676
20180803100100,345625.0,345714.1208052635
20180803100200,345750.0,345750.58221817017
20180803100300,345750.0,345703.32330465317
20180803100400,345875.00000000006,345761.38854026794
20180803100500,345875.00000000006,345830.2446603775
20180803100600,345750.0,345888.3032798767
20180803100700,346000.0,345819.4383382797
20180803100800,345875.00000000006,345899.1051912308
20180803100900,346125.0,345946.3574886322
20180803101000,346250.0,346026.02875232697
20180803101100,346250.0,346211.0197544098
20180803101200,346375.0,346269.0739631653
20180803101300,346375.0,346337.943315506
20180803101400,346375.0,346395.99311351776
20180803101500,346750.0,346395.99311351776
20180803101600,346750.0,346602.6408672333
20180803101700,346375.0,346776.7946720123
20180803101800,346000.0,346570.12486457825
20180803101900,345625.0,346189.3630027771
20180803102000,346250.0,345808.62760543823
20180803102100,346375.0,345978.7632226944
20180803102200,346250.0,346337.943315506
20180803102300,346250.0,346327.11493968964
20180803102400,346250.0,346269.0739631653
20180803102500,346250.0,346269.0739631653
20180803102600,346250.0,346269.0739631653
20180803102700,346000.0,346269.0739631653
20180803102800,345625.0,346131.32202625275
20180803102900,345875.00000000006,345808.62760543823
20180803103000,345875.00000000006,345772.1860408783
20180803103100,345750.0,345888.3032798767
20180803103200,346125.0,345819.4383382797
20180803103300,346375.0,345967.96572208405
20180803103400,346500.0,346279.8891067505
20180803103500,346750.0,346464.8756980896
20180803103600,346750.0,346660.69507598877
20180803103700,346625.0,346776.7946720123
20180803103800,346625.0,346707.90326595306
20180803103900,346750.0,346649.857878685
20180803104000,346375.0,346718.74928474426
20180803104100,346250.0,346570.12486457825
20180803104200,346375.0,346327.11493968964
20180803104300,346625.0,346337.943315506
20180803104400,346625.0,346533.75828266144
20180803104500,346750.0,346649.857878685
20180803104600,346375.0,346718.74928474426
20180803104700,346250.0,346570.12486457825
20180803104800,346375.0,346327.11493968964
20180803104900,346750.0,346337.943315506
20180803105000,346875.0,346602.6408672333
20180803105100,346750.0,346845.6904888153
20180803105200,346875.0,346834.83123779297
20180803105300,346875.0,346845.6904888153
20180803105400,346750.0,346903.72705459595
20180803105500,346875.0,346834.83123779297
20180803105600,346750.0,346845.6904888153
20180803105700,346125.0,346834.83123779297
20180803105800,346500.0,346432.35087394714
20180803105900,346625.0,346348.7672805786
20180803110000,346750.0,346591.8080806732
20180803110100,346750.0,346718.74928474426
20180803110200,346250.0,346776.7946720123
20180803110300,346375.0,346501.233458519
20180803110400,346875.0,346337.943315506
20180803110500,346875.0,346671.5278625488
20180803110600,346875.0,346903.72705459595
20180803110700,346875.0,346903.72705459595
20180803110800,346750.0,346903.72705459595
20180803110900,347000.0,346834.83123779297
20180803111000,346750.0,346914.5863056183
20180803111100,347000.0,346892.8678035736
20180803111200,346875.0,346914.5863056183
20180803111300,347250.0,346961.7680311203
20180803111400,347250.0,347110.4233264923
20180803111500,347125.0,347284.54184532166
20180803111600,347000.0,347215.63720703125
20180803111700,346750.0,347088.7004137039
20180803111800,346875.0,346892.8678035736
20180803111900,347250.0,346845.6904888153
20180803112000,347375.0,347110.4233264923
20180803112100,347250.0,347353.44648361206
20180803112200,347250.0,347342.56958961487
20180803112300,347125.0,347284.54184532166
20180803112400,346625.0,347215.63720703125
20180803112500,346500.0,346882.00414180756
20180803112600,346500.0,346580.97088336945
20180803112700,346875.0,346522.9299068451
20180803112800,346875.0,346729.58648204803
20180803112900,347250.0,346903.72705459595
20180803113000,347375.0,347110.4233264923
20180803113100,347375.0,347353.44648361206
20180803113200,347375.0,347411.4830493927
20180803113300,347375.0,347411.4830493927
20180803113400,347375.0,347411.4830493927
20180803113500,347000.0,347411.4830493927
20180803113600,347000.0,347204.76031303406
20180803113700,346875.0,347030.668258667
20180803113800,347000.0,346961.7680311203
20180803113900,346625.0,346972.62728214264
20180803114000,347000.0,346823.97198677063
20180803114100,347250.0,346856.5320968628
20180803114200,347250.0,347168.4687137604
20180803114300,347375.0,347284.54184532166
20180803114400,347375.0,347353.44648361206
20180803114500,347250.0,347411.4830493927
20180803114600,347250.0,347342.56958961487
20180803114700,347250.0,347284.54184532166
20180803114800,347250.0,347284.54184532166
20180803114900,347250.0,347284.54184532166
20180803115000,347375.0,347284.54184532166
20180803115100,347375.0,347353.44648361206
20180803115200,347375.0,347411.4830493927
20180803115300,347375.0,347411.4830493927
20180803115400,347375.0,347411.4830493927
20180803115500,347375.0,347411.4830493927
20180803115600,347375.0,347411.4830493927
20180803115700,347500.0,347411.4830493927
20180803115800,347375.0,347480.3876876831
20180803115900,347375.0,347469.5063829422
20180803120000,347500.0,347411.4830493927
20180803120100,347375.0,347480.3876876831
20180803120200,347375.0,347469.5063829422
20180803120300,347500.0,347411.4830493927
20180803120400,347500.0,347480.3876876831
20180803120500,347500.0,347538.4154319763
20180803120600,347500.0,347538.4154319763
20180803120700,347500.0,347538.4154319763
20180803120800,347500.0,347538.4154319763
20180803120900,347500.0,347538.4154319763
20180803121000,347625.0,347538.4154319763
20180803121100,347875.0,347607.32448101044
20180803121200,347750.0,347803.1791448593
20180803121300,348000.0,347850.30794143677
20180803121400,347875.0,347930.11593818665
20180803121500,347875.0,347977.2359132767
20180803121600,348000.0,347919.2214012146
20180803121700,347875.0,347988.13927173615
20180803121800,347875.0,347977.2359132767
20180803121900,348000.0,347919.2214012146
20180803122000,347750.0,347988.13927173615
20180803122100,347750.0,347908.3180427551
20180803122200,347750.0,347792.289018631
20180803122300,347875.0,347792.289018631
20180803122400,347750.0,347861.2024784088
20180803122500,347375.0,347850.30794143677
20180803122600,347375.0,347585.5442285538
20180803122700,347250.0,347411.4830493927
20180803122800,346875.0,347342.56958961487
20180803122900,346875.0,347077.82793045044
20180803123000,347000.0,346903.72705459595
20180803123100,346875.0,346972.62728214264
20180803123200,346875.0,346961.7680311203
20180803123300,347250.0,346903.72705459595
20180803123400,347500.0,347110.4233264923
20180803123500,347500.0,347422.35112190247
20180803123600,347625.0,347538.4154319763
20180803123700,347375.0,347607.32448101044
20180803123800,347625.0,347527.5297164917
20180803123900,347750.0,347549.2967367172
20180803124000,347875.0,347734.2656850815
20180803124100,347750.0,347861.2024784088
20180803124200,347750.0,347850.30794143677
20180803124300,348000.0,347792.289018631
20180803124400,347875.0,347930.11593818665
20180803124500,348000.0,347977.2359132767
20180803124600,347625.0,347988.13927173615
20180803124700,347625.0,347839.39576148987
20180803124800,347750.0,347665.34781455994
20180803124900,347375.0,347734.2656850815
20180803125000,347250.0,347585.5442285538
20180803125100,346750.0,347342.56958961487
20180803125200,347000.0,347008.92770290375
20180803125300,347000.0,346914.5863056183
20180803125400,347000.0,347030.668258667
20180803125500,347250.0,347030.668258667
20180803125600,347250.0,347168.4687137604
20180803125700,347375.0,347284.54184532166
20180803125800,347125.0,347353.44648361206
20180803125900,347250.0,347273.66495132446
20180803130000,347750.0,347226.5096902847
20180803130100,347875.0,347560.1692199707
20180803130200,347750.0,347861.2024784088
20180803130300,347750.0,347850.30794143677
20180803130400,347875.0,347792.289018631
20180803130500,347750.0,347861.2024784088
20180803130600,347625.0,347850.30794143677
20180803130700,347750.0,347723.37114810944
20180803130800,347875.0,347734.2656850815
20180803130900,347750.0,347861.2024784088
20180803131000,347750.0,347850.30794143677
20180803131100,347875.0,347792.289018631
20180803131200,347875.0,347861.2024784088
20180803131300,347875.0,347919.2214012146
20180803131400,347875.0,347919.2214012146
20180803131500,347750.0,347919.2214012146
20180803131600,347250.0,347850.30794143677
20180803131700,347250.0,347516.63517951965
20180803131800,347000.0,347284.54184532166
20180803131900,346750.0,347146.73256874084
20180803132000,346375.0,346892.8678035736
20180803132100,346500.0,346570.12486457825
20180803132200,346875.0,346464.8756980896
20180803132300,346750.0,346729.58648204803
20180803132400,347250.0,346834.83123779297
20180803132500,347500.0,347052.37352848053
20180803132600,347375.0,347422.35112190247
20180803132700,347375.0,347469.5063829422
20180803132800,347500.0,347411.4830493927
20180803132900,347500.0,347480.3876876831
20180803133000,347375.0,347538.4154319763
20180803133100,347375.0,347469.5063829422
20180803133200,347250.0,347411.4830493927
20180803133300,347500.0,347342.56958961487
20180803133400,347250.0,347422.35112190247
20180803133500,346750.0,347400.5973339081
20180803133600,347250.0,347008.92770290375
20180803133700,347375.0,347052.37352848053
20180803133800,347250.0,347353.44648361206
20180803133900,347125.0,347342.56958961487
20180803134000,346875.0,347215.63720703125
20180803134100,346875.0,347019.7957754135
20180803134200,347125.0,346903.72705459595
20180803134300,346875.0,347041.5230989456
20180803134400,346500.0,347019.7957754135
20180803134500,346875.0,346697.04842567444
20180803134600,347000.0,346729.58648204803
20180803134700,347250.0,346972.62728214264
20180803134800,347000.0,347168.4687137604
20180803134900,347000.0,347146.73256874084
20180803135000,346625.0,347030.668258667
20180803135100,346375.0,346823.97198677063
20180803135200,346625.0,346512.0838880539
20180803135300,345875.00000000006,346533.75828266144
20180803135400,345625.0,346236.55796051025
20180803135500,345625.0,345750.58221817017
20180803135600,346125.0,345634.4715952873
20180803135700,345875.00000000006,345909.9026918411
20180803135800,345875.00000000006,346004.40287590027
20180803135900,346125.0,345888.3032798767
20180803140000,345500.00000000006,346026.02875232697
20180803140100,345375.0,345797.8080511093
20180803140200,345750.0,345438.72278928757
20180803140300,345750.0,345587.20165491104
20180803140400,345625.0,345761.38854026794
20180803140500,346000.0,345692.53021478653
20180803140600,345750.0,345841.04657173157
20180803140700,345500.00000000006,345877.4881362915
20180803140800,345124.99999999994,345623.674094677
20180803140900,344500.0,345301.04142427444
20180803141000,344500.0,344782.76801109314
20180803141100,344375.0,344492.5256371498
20180803141200,344749.99999999994,344423.73567819595
20180803141300,345000.0,344572.0623731613
20180803141400,345000.0,344883.87328386307
20180803141500,344875.0,344999.9949336052
20180803141600,344875.0,344931.17851018906
20180803141700,344875.0,344873.117685318
20180803141800,344875.0,344873.117685318
20180803141900,344875.0,344873.117685318
20180803142000,344875.0,344873.117685318
20180803142100,344875.0,344873.117685318
20180803142200,344875.0,344873.117685318
20180803142300,344749.99999999994,344873.117685318
20180803142400,344375.0,344804.30567264557
20180803142500,344125.0,344539.8308634758
20180803142600,344125.0,344228.10596227646
20180803142700,343875.0,344112.00857162476
20180803142800,343875.0,343974.4661450386
20180803142900,343875.0,343858.36654901505
20180803143000,343750.0,343858.36654901505
20180803143100,343750.0,343789.6118760109
20180803143200,343875.0,343731.5664887428
20180803143300,344000.0,343800.3189563751
20180803143400,344250.0,343927.1300435066
20180803143500,343875.0,344122.72226810455
20180803143600,343875.0,344032.50712156296
20180803143700,343750.0,343858.36654901505
20180803143800,343875.0,343789.6118760109
20180803143900,343875.0,343800.3189563751
20180803144000,344375.0,343858.36654901505
20180803144100,344375.0,344133.4293484688
20180803144200,344375.0,344365.67705869675
20180803144300,344375.0,344365.67705869675
20180803144400,344375.0,344365.67705869675
20180803144500,344375.0,344365.67705869675
20180803144600,344125.0,344365.67705869675
20180803144700,344375.0,344228.10596227646
20180803144800,344375.0,344249.55981969833
20180803144900,344625.0,344365.67705869675
20180803145000,344749.99999999994,344503.2613873482
20180803145100,344875.0,344688.190639019
20180803145200,344875.0,344815.0590658188
20180803145300,344875.0,344873.117685318
20180803145400,344875.0,344873.117685318
20180803145500,345000.0,344873.117685318
20180803145600,345750.0,344941.936314106
20180803145700,345875.00000000006,345412.9816889763
20180803145800,345500.00000000006,345830.2446603775
20180803145900,344875.0,345681.71948194504
20180803150000,344875.0,345163.36447000504
20180803150100,344875.0,344873.117685318
20180803150200,344875.0,344873.117685318
20180803150300,345000.0,344873.117685318
20180803150400,344875.0,344941.936314106
20180803150500,344749.99999999994,344931.17851018906
20180803150600,344875.0,344804.30567264557
20180803150700,344875.0,344815.0590658188
20180803150800,344875.0,344873.117685318
20180803150900,344875.0,344873.117685318
20180803151000,344875.0,344873.117685318
20180803151100,344875.0,344873.117685318
20180803151200,344875.0,344873.117685318
20180803151300,345000.0,344873.117685318
20180803151400,344875.0,344941.936314106
20180803151500,344875.0,344931.17851018906
20180803151600,344875.0,344873.117685318
20180803151700,344749.99999999994,344873.117685318
20180803151800,344375.0,344804.30567264557
20180803151900,344625.0,344539.8308634758
20180803153000,344000.0,344503.2613873482
20180806090000,342750.0,344275.40677785873
20180806090100,344500.0,343297.7147102356
20180806090200,344500.0,343679.46457862854
20180806090300,345000.0,344492.5256371498
20180806090400,344500.0,344767.7384018898
20180806090500,345000.0,344724.72923994064
20180806090600,346125.0,344767.7384018898
20180806090700,346750.0,345619.51035261154
20180806090900,346750.0,346486.51921749115
20180806091000,345750.0,346776.7946720123
20180806091100,345625.0,346225.6987094879
20180806091200,346000.0,345692.53021478653
20180806091300,346000.0,345841.04657173157
20180806091400,346000.0,346015.2224302292
20180806091500,346000.0,346015.2224302292
20180806091600,345750.0,346015.2224302292
20180806091700,346000.0,345877.4881362915
20180806091800,346875.0,345899.1051912308
20180806091900,347000.0,346497.33877182007
20180806092000,346875.0,346972.62728214264
20180806092100,346750.0,346961.7680311203
20180806092200,347000.0,346834.83123779297
20180806092300,347000.0,346914.5863056183
20180806092400,347000.0,347030.668258667
20180806092500,347000.0,347030.668258667
20180806092600,347000.0,347030.668258667
20180806092800,347000.0,347030.668258667
20180806092900,346750.0,347030.668258667
20180806093000,346750.0,346892.8678035736
20180806093100,346500.0,346776.7946720123
20180806093200,346000.0,346639.0030384064
20180806093300,345500.00000000006,346247.39956855774
20180806093400,345500.00000000006,345739.7648692131
20180806093500,346000.0,345507.565677166
20180806093600,346000.0,345782.9747200012
20180806093700,346000.0,346015.2224302292
20180806093800,346000.0,346015.2224302292
20180806093900,346000.0,346015.2224302292
20180806094000,346000.0,346015.2224302292
20180806094100,346250.0,346015.2224302292
20180806094200,346500.0,346152.95672416687
20180806094300,346250.0,346406.8259000778
20180806094400,346000.0,346385.155916214
20180806094500,346125.0,346131.32202625275
20180806094600,346500.0,346084.0873718262
20180806094700,346250.0,346348.7672805786
20180806094800,346250.0,346385.155916214
20180806094900,346250.0,346269.0739631653
20180806095000,346750.0,346269.0739631653
20180806095100,346750.0,346544.5866584778
20180806095200,347000.0,346776.7946720123
20180806095300,346750.0,346914.5863056183
20180806095400,346875.0,346892.8678035736
20180806095500,347000.0,346845.6904888153
20180806095600,346875.0,346972.62728214264
20180806095700,346500.0,346961.7680311203
20180806095800,346500.0,346697.04842567444
20180806095900,346375.0,346522.9299068451
20180806100000,346750.0,346454.04291152954
20180806100100,347000.0,346602.6408672333
20180806100200,346875.0,346914.5863056183
20180806100300,346750.0,346961.7680311203
20180806100400,346750.0,346834.83123779297
20180806100500,347000.0,346776.7946720123
20180806100600,347250.0,346914.5863056183
20180806100700,347000.0,347168.4687137604
20180806100800,347125.0,347146.73256874084
20180806100900,347375.0,347099.5684862137
20180806101000,347125.0,347295.4099178314
20180806101100,347250.0,347273.66495132446
20180806101200,347500.0,347226.5096902847
20180806101300,347250.0,347422.35112190247
20180806101400,347250.0,347400.5973339081
20180806101500,347500.0,347284.54184532166
20180806101600,347375.0,347422.35112190247
20180806101700,347375.0,347469.5063829422
20180806101800,347375.0,347411.4830493927
20180806101900,347125.0,347411.4830493927
20180806102000,347125.0,347273.66495132446
20180806102100,347375.0,347157.6006412506
20180806102200,347375.0,347295.4099178314
20180806102300,347250.0,347411.4830493927
20180806102400,347500.0,347342.56958961487
20180806102500,347375.0,347422.35112190247
20180806102600,347250.0,347469.5063829422
20180806102700,347500.0,347342.56958961487
20180806102800,347250.0,347422.35112190247
20180806102900,347375.0,347400.5973339081
20180806103000,347500.0,347353.44648361206
20180806103100,347375.0,347480.3876876831
20180806103200,347375.0,347469.5063829422
20180806103300,347625.0,347411.4830493927
20180806103400,347875.0,347549.2967367172
20180806103500,347625.0,347803.1791448593
20180806103600,347375.0,347781.3856601715
20180806103700,347375.0,347527.5297164917
20180806103800,347250.0,347411.4830493927
20180806103900,347625.0,347342.56958961487
20180806104000,347750.0,347491.2601709366
20180806104100,347875.0,347734.2656850815
20180806104200,347375.0,347861.2024784088
20180806104300,347375.0,347643.55874061584
20180806104400,347625.0,347411.4830493927
20180806104500,347625.0,347549.2967367172
20180806104600,347750.0,347665.34781455994
20180806104700,347750.0,347734.2656850815
20180806104800,347750.0,347792.289018631
20180806104900,347750.0,347792.289018631
20180806105000,347750.0,347792.289018631
20180806105100,347750.0,347792.289018631
20180806105200,347625.0,347792.289018631
20180806105300,347750.0,347723.37114810944
20180806105400,347500.0,347734.2656850815
20180806105500,347875.0,347654.4532775879
20180806105600,347750.0,347745.1469898224
20180806105700,347750.0,347850.30794143677
20180806105800,347875.0,347792.289018631
20180806105900,347500.0,347861.2024784088
20180806110000,347125.0,347712.46778964996
20180806110100,347375.0,347331.68828487396
20180806110200,347375.0,347295.4099178314
20180806110300,347250.0,347411.4830493927
20180806110400,347250.0,347342.56958961487
20180806110500,347250.0,347284.54184532166
20180806110600,347250.0,347284.54184532166
20180806110700,347500.0,347284.54184532166
20180806110800,347500.0,347422.35112190247
20180806110900,347375.0,347538.4154319763
20180806111000,347625.0,347469.5063829422
20180806111100,347375.0,347549.2967367172
20180806111200,347250.0,347527.5297164917
20180806111300,347375.0,347342.56958961487
20180806111400,347000.0,347353.44648361206
20180806111500,346875.0,347204.76031303406
20180806111600,346750.0,346961.7680311203
20180806111700,347375.0,346834.83123779297
20180806111800,347125.0,347121.2737560272
20180806111900,347375.0,347273.66495132446
20180806112000,347250.0,347295.4099178314
20180806112100,347000.0,347342.56958961487
20180806112200,346750.0,347146.73256874084
20180806112300,347000.0,346892.8678035736
20180806112400,347125.0,346914.5863056183
20180806112500,346500.0,347099.5684862137
20180806112600,346250.0,346813.10391426086
20180806112700,346125.0,346385.155916214
20180806112800,346375.0,346200.19578933716
20180806112900,346875.0,346279.8891067505
20180806113000,346750.0,346671.5278625488
20180806113100,346125.0,346834.83123779297
20180806113200,345875.00000000006,346432.35087394714
20180806113300,345750.0,346004.40287590027
20180806113400,345875.00000000006,345819.4383382797
20180806113500,346000.0,345830.2446603775
20180806113600,345750.0,345957.16381073
20180806113700,345875.00000000006,345877.4881362915
20180806113800,346250.0,345830.2446603775
20180806113900,346875.0,346094.9025154114
20180806114000,346875.0,346613.4692430496
20180806114100,346875.0,346903.72705459595
20180806114200,346500.0,346903.72705459595
20180806114300,346625.0,346697.04842567444
20180806114400,347125.0,346591.8080806732
20180806114500,346750.0,346925.42350292206
20180806114600,346750.0,346950.89995861053
20180806114700,346875.0,346776.7946720123
20180806114800,346250.0,346845.6904888153
20180806114900,345750.0,346559.2656135559
20180806115000,345750.0,345993.57891082764
20180806115100,345750.0,345761.38854026794
20180806115200,345750.0,345761.38854026794
20180806115300,345750.0,345761.38854026794
20180806115400,345750.0,345761.38854026794
20180806115500,346750.0,345761.38854026794
20180806115600,346875.0,346312.31248378754
20180806115700,346750.0,346845.6904888153
20180806115800,346625.0,346834.83123779297
20180806115900,346125.0,346707.90326595306
20180806120000,346625.0,346374.3143081665
20180806120100,346625.0,346417.64545440674
20180806120200,346625.0,346649.857878685
20180806120300,346250.0,346649.857878685
20180806120400,346500.0,346443.20130348206
20180806120500,346875.0,346406.8259000778
20180806120600,346875.0,346729.58648204803
20180806120700,346625.0,346903.72705459595
20180806120800,346750.0,346765.9442424774
20180806120900,347375.0,346718.74928474426
20180806121000,347375.0,347121.2737560272
20180806121100,347250.0,347411.4830493927
20180806121200,347375.0,347342.56958961487
20180806121300,347125.0,347353.44648361206
20180806121400,346875.0,347273.66495132446
20180806121500,347125.0,347019.7957754135
20180806121600,347250.0,347041.5230989456
20180806121700,347375.0,347226.5096902847
20180806121800,346500.0,347353.44648361206
20180806121900,346250.0,346929.14175987244
20180806122000,346125.0,346385.155916214
20180806122100,346250.0,346200.19578933716
20180806122200,346250.0,346211.0197544098
20180806122300,346125.0,346269.0739631653
20180806122400,346750.0,346200.19578933716
20180806122500,347000.0,346486.51921749115
20180806122600,346500.0,346914.5863056183
20180806122700,346250.0,346755.07616996765
20180806122800,346250.0,346385.155916214
20180806122900,346000.0,346269.0739631653
20180806123000,345875.00000000006,346131.32202625275
20180806123100,346250.0,345946.3574886322
20180806123200,346500.0,346094.9025154114
20180806123300,346375.0,346406.8259000778
20180806123400,346375.0,346454.04291152954
20180806123500,345875.00000000006,346395.99311351776
20180806123600,345875.00000000006,346120.484828949
20180806123700,345875.00000000006,345888.3032798767
20180806123800,346000.0,345888.3032798767
20180806123900,346500.0,345957.16381073
20180806124000,346375.0,346290.7042503357
20180806124100,346125.0,346454.04291152954
20180806124200,346250.0,346258.2367658615
20180806124300,346875.0,346211.0197544098
20180806124400,347375.0,346613.4692430496
20180806124500,346875.0,347179.323554039
20180806124600,346625.0,347135.85126399994
20180806124700,346625.0,346765.9442424774
20180806124800,346875.0,346649.857878685
20180806124900,347125.0,346787.6362800598
20180806125000,347250.0,347041.5230989456
20180806125100,347250.0,347226.5096902847
20180806125200,347125.0,347284.54184532166
20180806125300,347250.0,347215.63720703125
20180806125400,347125.0,347226.5096902847
20180806125500,347375.0,347215.63720703125
20180806125600,347250.0,347295.4099178314
20180806125700,347375.0,347342.56958961487
20180806125800,347375.0,347353.44648361206
20180806125900,347250.0,347411.4830493927
20180806130000,347125.0,347342.56958961487
20180806130100,346375.0,347215.63720703125
20180806130200,346250.0,346744.2080974579
20180806130300,346500.0,346327.11493968964
20180806130400,346125.0,346406.8259000778
20180806130500,345750.0,346316.27774238586
20180806130600,346125.0,345935.5379343033
20180806130700,346375.0,345967.96572208405
20180806130800,346750.0,346279.8891067505
20180806130900,347000.0,346602.6408672333
20180806131000,346750.0,346914.5863056183
20180806131100,346250.0,346892.8678035736
20180806131200,345875.00000000006,346501.233458519
20180806131300,345875.00000000006,346062.44826316833
20180806131400,345875.00000000006,345888.3032798767
20180806131500,345875.00000000006,345888.3032798767
20180806131600,346125.0,345888.3032798767
20180806131700,346000.0,346026.02875232697
20180806131800,345750.0,346073.27222824097
20180806131900,345875.00000000006,345877.4881362915
20180806132000,345750.0,345830.2446603775
20180806132100,345750.0,345819.4383382797
20180806132200,345875.00000000006,345761.38854026794
20180806132300,345750.0,345830.2446603775
20180806132400,345750.0,345819.4383382797
20180806132500,345875.00000000006,345761.38854026794
20180806132600,345750.0,345830.2446603775
20180806132700,345750.0,345819.4383382797
20180806132800,345625.0,345761.38854026794
20180806132900,345625.0,345692.53021478653
20180806133000,346125.0,345634.4715952873
20180806133100,346125.0,345909.9026918411
20180806133200,346500.0,346142.14158058167
20180806133300,346750.0,346348.7672805786
20180806133400,346750.0,346660.69507598877
20180806133500,346750.0,346776.7946720123
20180806133600,346750.0,346776.7946720123
20180806133700,346625.0,346776.7946720123
20180806133800,345875.00000000006,346707.90326595306
20180806133900,345875.00000000006,346236.55796051025
20180806134000,346375.0,345888.3032798767
20180806134100,347000.0,346163.76304626465
20180806134200,347125.0,346740.4192686081
20180806134300,347125.0,347099.5684862137
20180806134400,347375.0,347157.6006412506
20180806134500,347375.0,347295.4099178314
20180806134600,347250.0,347411.4830493927
20180806134700,347125.0,347342.56958961487
20180806134800,346500.0,347215.63720703125
20180806134900,345625.0,346813.10391426086
20180806135000,345750.0,346040.7694578171
20180806135100,345625.0,345703.32330465317
20180806135200,345875.00000000006,345692.53021478653
20180806135300,345875.00000000006,345772.1860408783
20180806135400,345500.00000000006,345888.3032798767
20180806135500,345625.0,345681.71948194504
20180806135600,345625.0,345576.41738653183
20180806135700,345250.0,345634.4715952873
20180806135800,345625.0,345427.9296994209
20180806135900,346125.0,345460.2869153023
20180806140000,346000.0,345909.9026918411
20180806140100,345750.0,346073.27222824097
20180806140200,346250.0,345877.4881362915
20180806140300,346375.0,346036.83066368103
20180806140400,346125.0,346337.943315506
20180806140500,345625.0,346258.2367658615
20180806140600,345250.0,345866.6729927063
20180806140700,345500.00000000006,345427.9296994209
20180806140800,345375.0,345391.4484381676
20180806140900,345625.0,345438.72278928757
20180806141000,345375.0,345518.3543562889
20180806141100,344875.0,345496.77699804306
20180806141200,344375.0,345105.3279042244
20180806141300,344250.0,344597.8784561157
20180806141400,344250.0,344296.88930511475
20180806141500,344250.0,344238.83950710297
20180806141600,344250.0,344238.83950710297
20180806141700,344250.0,344238.83950710297
20180806141800,344250.0,344238.83950710297
20180806141900,344125.0,344238.83950710297
20180806142000,344625.0,344170.0561642647
20180806142100,345124.99999999994,344387.1309161186
20180806142200,345500.00000000006,344894.6222662926
20180806142300,345250.0,345333.3765864372
20180806142400,345250.0,345369.87549066544
20180806142500,345250.0,345253.77148389816
20180806142600,345124.99999999994,345253.77148389816
20180806142700,345500.00000000006,345184.9374175072
20180806142800,345750.0,345333.3765864372
20180806142900,345750.0,345645.2690958977
20180806143000,345750.0,345761.38854026794
20180806143100,345875.00000000006,345761.38854026794
20180806143200,345750.0,345830.2446603775
20180806143300,345875.00000000006,345819.4383382797
20180806143400,345750.0,345830.2446603775
20180806143500,345750.0,345819.4383382797
20180806143600,345500.00000000006,345761.38854026794
20180806143700,345375.0,345623.674094677
20180806143800,345124.99999999994,345438.72278928757
20180806143900,345375.0,345242.99162626266
20180806144000,345375.0,345264.54252004623
20180806144100,345250.0,345380.66416978836
20180806144200,345500.00000000006,345311.83010339737
20180806144300,346000.0,345391.4484381676
20180806144400,345500.00000000006,345782.9747200012
20180806144500,345124.99999999994,345739.7648692131
20180806144600,345375.0,345301.04142427444
20180806144700,345750.0,345264.54252004623
20180806144800,345625.0,345587.20165491104
20180806144900,345875.00000000006,345692.53021478653
20180806145000,346125.0,345772.1860408783
20180806145100,345875.00000000006,346026.02875232697
20180806145200,345750.0,346004.40287590027
20180806145300,346375.0,345819.4383382797
20180806145400,346375.0,346105.695605278
20180806145500,346750.0,346395.99311351776
20180806145600,346625.0,346602.6408672333
20180806145700,346750.0,346707.90326595306
20180806145800,346625.0,346718.74928474426
20180806145900,346375.0,346707.90326595306
20180806150000,346250.0,346512.0838880539
20180806150100,346875.0,346327.11493968964
20180806150200,347125.0,346613.4692430496
20180806150300,347375.0,347041.5230989456
20180806150400,347375.0,347295.4099178314
20180806150500,347250.0,347411.4830493927
20180806150600,346875.0,347342.56958961487
20180806150700,346625.0,347077.82793045044
20180806150800,346375.0,346765.9442424774
20180806150900,346250.0,346512.0838880539
20180806151000,346250.0,346327.11493968964
20180806151100,346250.0,346269.0739631653
20180806151200,346375.0,346269.0739631653
20180806151300,346500.0,346337.943315506
20180806151400,346875.0,346464.8756980896
20180806151500,346750.0,346729.58648204803
20180806151600,346750.0,346834.83123779297
20180806151700,346875.0,346776.7946720123
20180806151800,347000.0,346845.6904888153
20180806151900,346500.0,346972.62728214264
20180806153000,347000.0,346755.07616996765
20180806153500,347000.0,346798.4778881073
20180807090000,344500.0,347030.668258667
20180807090100,344625.0,345652.9878973961
20180807090200,344250.0,344561.3244175911
20180807090300,344125.0,344412.993311882
20180807090400,344375.0,344170.0561642647
20180807090500,344250.0,344249.55981969833
20180807090600,344500.0,344296.88930511475
20180807090700,344500.0,344376.4083981514
20180807090800,344375.0,344492.5256371498
20180807090900,344500.0,344423.73567819595
20180807091000,344500.0,344434.46481227875
20180807091100,344500.0,344492.5256371498
20180807091200,344375.0,344492.5256371498
20180807091300,345375.0,344423.73567819595
20180807091400,345375.0,344916.09597206116
20180807091500,345500.00000000006,345380.66416978836
20180807091600,345250.0,345449.5070576668
20180807091700,344875.0,345369.87549066544
20180807091800,344749.99999999994,345047.2781062126
20180807091900,344749.99999999994,344804.30567264557
20180807092000,344250.0,344746.24705314636
20180807092100,344250.0,344471.0364937782
20180807092200,343750.0,344238.83950710297
20180807092300,343625.0,343963.73921632767
20180807092400,343500.0,343662.8162264824
20180807092500,343750.0,343536.0316038132
20180807092600,343875.0,343615.46248197556
20180807092700,343750.0,343800.3189563751
20180807092800,343625.0,343789.6118760109
20180807092900,343625.0,343662.8162264824
20180807093000,343250.0,343604.7730445862
20180807093100,343250.0,343398.56415987015
20180807093200,343250.0,343224.4544625282
20180807093300,343125.0,343224.4544625282
20180807093400,343250.0,343155.7438969612
20180807093500,343375.0,343166.4178967476
20180807093600,343250.0,343293.1760549545
20180807093700,343375.0,343282.49102830887
20180807093800,343250.0,343293.1760549545
20180807093900,343125.0,343282.49102830887
20180807094000,343125.0,343155.7438969612
20180807094100,342875.0,343097.7051258087
20180807094200,342750.0,342960.2972269058
20180807094300,342750.0,342775.55322647095
20180807094400,342625.0,342717.52548217773
20180807094500,342875.0,342648.84799718857
20180807094600,342875.0,342728.17301750183
20180807094700,343000.0,342844.23953294754
20180807094800,342875.0,342912.928044796
20180807094900,342750.0,342902.27168798447
20180807095000,343500.0,342775.55322647095
20180807095100,344125.0,343129.68081235886
20180807095200,342750.0,343821.7066526413
20180807095300,343000.0,343355.72481155396
20180807095400,342750.0,342854.89147901535
20180807095500,342875.0,342833.58097076416
20180807095600,342750.0,342786.2073779106
20180807095700,342375.0,342775.55322647095
20180807095800,342250.0,342511.5150809288
20180807095900,342000.0,342268.82272958755
20180807100000,341875.0,342073.5436677933
20180807100100,341750.0,341888.9165520668
20180807100200,341750.0,341762.3149752617
20180807100300,341875.0,341704.3203115463
20180807100400,341750.0,341772.91399240494
20180807100500,341500.0,341762.3149752617
20180807100600,341250.00000000006,341567.1439766884
20180807100700,340875.00000000006,341314.04227018356
20180807100800,340875.00000000006,340992.4769997597
20180807100900,340750.0,340818.59666109085
20180807101000,340875.00000000006,340750.0911951065
20180807101100,340750.0,340760.6328725815
20180807101200,340875.00000000006,340750.0911951065
20180807101300,342000.0,340760.6328725815
20180807101400,343750.0,341435.42593717575
20180807101500,343875.0,342918.65760087967
20180807101600,342625.0,343800.3189563751
20180807101700,341750.0,343170.98301649094
20180807101800,341625.0,342110.27413606644
20180807101900,341875.0,341635.7310414314
20180807102000,341875.0,341714.912712574
20180807102100,342125.0,341830.9174776077
20180807102200,342250.0,341968.1379199028
20180807102300,342625.0,342152.7892947197
20180807102400,342750.0,342416.7436361313
20180807102500,342750.0,342659.49112176895
20180807102600,342750.0,342717.52548217773
20180807102700,342875.0,342717.52548217773
20180807102800,343250.0,342786.2073779106
20180807102900,343375.0,343050.32271146774
20180807103000,343375.0,343293.1760549545
20180807103100,343375.0,343351.2104153633
20180807103200,343875.0,343351.2104153633
20180807103300,343750.0,343626.1497139931
20180807103400,343750.0,343789.6118760109
20180807103500,343875.0,343731.5664887428
20180807103600,343750.0,343800.3189563751
20180807103700,343750.0,343789.6118760109
20180807103800,343750.0,343731.5664887428
20180807103900,343875.0,343731.5664887428
20180807104000,343875.0,343800.3189563751
20180807104100,343875.0,343858.36654901505
20180807104200,343625.0,343858.36654901505
20180807104300,343250.0,343720.85720300674
20180807104400,343375.0,343398.56415987015
20180807104500,343000.0,343293.1760549545
20180807104600,342625.0,343145.0610756874
20180807104700,342250.0,342764.89466428757
20180807104800,342250.0,342384.8429322243
20180807104900,342125.0,342210.80380678177
20180807105000,342000.0,342142.1726346016
20180807105100,341875.0,342015.5357718468
20180807105200,341750.0,341888.9165520668
20180807105300,341750.0,341762.3149752617
20180807105400,341750.0,341704.3203115463
20180807105500,341875.0,341704.3203115463
20180807105600,341875.0,341772.91399240494
20180807105700,341875.0,341830.9174776077
20180807105800,341875.0,341830.9174776077
20180807105900,341875.0,341830.9174776077
20180807110000,341750.0,341830.9174776077
20180807110100,341875.0,341762.3149752617
20180807110200,341750.0,341772.91399240494
20180807110300,341875.0,341762.3149752617
20180807110400,342125.0,341772.91399240494
20180807110500,341875.0,341968.1379199028
20180807110600,341625.0,341946.9244480133
20180807110700,342250.0,341693.7190890312
20180807110800,342250.0,341920.71360349655
20180807110900,342250.0,342210.80380678177
20180807111000,342625.0,342210.80380678177
20180807111100,342750.0,342416.7436361313
20180807111200,342500.0,342659.49112176895
20180807111300,342625.0,342580.1815390587
20180807111400,342500.0,342532.80133008957
20180807111500,342250.0,342522.1626162529
20180807111600,342250.0,342326.8328309059
20180807111700,342375.0,342210.80380678177
20180807111800,342250.0,342279.4438004494
20180807111900,342250.0,342268.82272958755
20180807112000,342125.0,342210.80380678177
20180807112100,341875.0,342142.1726346016
20180807112200,342625.0,341946.9244480133
20180807112300,342500.0,342242.6427602768
20180807112400,341875.0,342522.1626162529
20180807112500,343000.0,342120.9172606468
20180807112600,343375.0,342448.57597351074
20180807112700,343250.0,343177.0786643028
20180807112800,343250.0,343282.49102830887
20180807112900,343875.0,343224.4544625282
20180807113000,344375.0,343568.08668375015
20180807113100,344375.0,344133.4293484688
20180807113200,343125.0,344365.67705869675
20180807113300,343250.0,343677.96713113785
20180807113400,342875.0,343166.4178967476
20180807113500,342750.0,343018.3271765709
20180807113600,342875.0,342775.55322647095
20180807113700,342875.0,342786.2073779106
20180807113800,342750.0,342844.23953294754
20180807113900,342500.0,342775.55322647095
20180807114000,342750.0,342580.1815390587
20180807114100,343750.0,342601.46337747574
20180807114200,344500.0,343267.0975327492
20180807114300,344125.0,344144.13422346115
20180807114400,344250.0,344286.1513495445
20180807114500,344125.0,344180.7830929756
20180807114600,343750.0,344170.0561642647
20180807114700,343250.0,343905.6982398033
20180807114800,343250.0,343456.5963149071
20180807114900,343375.0,343224.4544625282
20180807115000,343125.0,343293.1760549545
20180807115100,343125.0,343213.77605199814
20180807115200,342875.0,343097.7051258087
20180807115300,342875.0,342960.2972269058
20180807115400,343250.0,342844.23953294754
20180807115500,343000.0,343050.32271146774
20180807115600,342750.0,343087.0333313942
20180807115700,342500.0,342833.58097076416
20180807115800,342750.0,342580.1815390587
20180807115900,343375.0,342601.46337747574
20180807120000,343000.0,343060.9768629074
20180807120100,343250.0,343145.0610756874
20180807120200,344500.0,343108.3680987358
20180807120300,344749.99999999994,343911.8203520775
20180807120400,344500.0,344630.1231980324
20180807120500,344375.0,344608.6340546608
20180807120600,343625.0,344423.73567819595
20180807120700,343750.0,343953.0034661293
20180807120800,343250.0,343673.51669073105
20180807120900,343250.0,343456.5963149071
20180807121000,343500.0,343224.4544625282
20180807121100,344000.0,343361.8932366371
20180807121200,344250.0,343752.95197963715
20180807121300,344250.0,344122.72226810455
20180807121400,344125.0,344238.83950710297
20180807121500,343250.0,344170.0561642647
20180807121600,342750.0,343630.67734241486
20180807121700,342750.0,342949.6254324913
20180807121800,343125.0,342717.52548217773
20180807121900,343000.0,342923.5844016075
20180807122000,342750.0,343028.9989709854
20180807122100,343000.0,342833.58097076416
20180807122200,343375.0,342854.89147901535
20180807122300,343250.0,343177.0786643028
20180807122400,343250.0,343282.49102830887
20180807122500,343875.0,343224.4544625282
20180807122600,343500.0,343568.08668375015
20180807122700,343875.0,343652.11135149
20180807122800,344000.0,343684.2061281204
20180807122900,344000.0,343927.1300435066
20180807123000,343625.0,343985.1842522621
20180807123100,344125.0,343778.9025902748
20180807123200,344749.99999999994,343879.7718882561
20180807123300,343625.0,344455.9208750725
20180807123400,344250.0,344127.08669900894
20180807123500,344625.0,343948.5265612602
20180807123600,345124.99999999994,344445.1961517334
20180807123700,345000.0,344894.6222662926
20180807123800,344875.0,345058.0535531044
20180807123900,344375.0,344931.17851018906
20180807124000,343750.0,344597.8784561157
20180807124100,343375.0,344021.7757821083
20180807124200,343125.0,343525.3355503082
20180807124300,343125.0,343213.77605199814
20180807124400,343125.0,343097.7051258087
20180807124500,343375.0,343097.7051258087
20180807124600,343250.0,343235.1240515709
20180807124700,343250.0,343282.49102830887
20180807124800,343250.0,343224.4544625282
20180807124900,343125.0,343224.4544625282
20180807125000,343250.0,343155.7438969612
20180807125100,343500.0,343166.4178967476
20180807125200,343375.0,343361.8932366371
20180807125300,343250.0,343409.25800800323
20180807125400,343500.0,343282.49102830887
20180807125500,343500.0,343361.8932366371
20180807125600,343250.0,343477.98842191696
20180807125700,343375.0,343340.52979946136
20180807125800,343375.0,343293.1760549545
20180807125900,343250.0,343351.2104153633
20180807130000,343250.0,343282.49102830887
20180807130100,343125.0,343224.4544625282
20180807130200,343000.0,343155.7438969612
20180807130300,343500.0,343028.9989709854
20180807130400,343125.0,343245.79364061356
20180807130500,343375.0,343271.8104124069
20180807130600,343375.0,343235.1240515709
20180807130700,343250.0,343351.2104153633
20180807130800,343000.0,343282.49102830887
20180807130900,342875.0,343087.0333313942
20180807131000,342625.0,342902.27168798447
20180807131100,342875.0,342706.8735361099
20180807131200,343000.0,342728.17301750183
20180807131300,343250.0,342912.928044796
20180807131400,343375.0,343108.3680987358
20180807131500,343250.0,343293.1760549545
20180807131600,343000.0,343282.49102830887
20180807131700,343250.0,343087.0333313942
20180807131800,343250.0,343108.3680987358
20180807131900,343125.0,343224.4544625282
20180807132000,342875.0,343155.7438969612
20180807132100,343125.0,342960.2972269058
20180807132200,342750.0,342981.62537813187
20180807132300,342875.0,342891.6065096855
20180807132400,343375.0,342786.2073779106
20180807132500,343500.0,343119.02886629105
20180807132600,343125.0,343419.9430346489
20180807132700,343375.0,343271.8104124069
20180807132800,343250.0,343235.1240515709
20180807132900,343500.0,343282.49102830887
20180807133000,343250.0,343361.8932366371
20180807133100,343250.0,343340.52979946136
20180807133200,343625.0,343224.4544625282
20180807133300,343125.0,343430.6192398071
20180807133400,343125.0,343329.8337459564
20180807133500,343250.0,343097.7051258087
20180807133600,343250.0,343166.4178967476
20180807133700,343625.0,343224.4544625282
20180807133800,343750.0,343430.6192398071
20180807133900,343625.0,343673.51669073105
20180807134000,342875.0,343662.8162264824
20180807134100,342750.0,343192.3971772194
20180807134200,342750.0,342775.55322647095
20180807134300,343250.0,342717.52548217773
20180807134400,343250.0,342992.2751188278
20180807134500,343000.0,343224.4544625282
20180807134600,342750.0,343087.0333313942
20180807134700,343375.0,342833.58097076416
20180807134800,342875.0,343060.9768629074
20180807134900,343125.0,343076.3505101204
20180807135000,343375.0,342981.62537813187
20180807135100,343625.0,343235.1240515709
20180807135200,343375.0,343488.67124319077
20180807135300,343250.0,343467.292368412
20180807135400,343125.0,343282.49102830887
20180807135500,343250.0,343155.7438969612
20180807135600,343375.0,343166.4178967476
20180807135700,343125.0,343293.1760549545
20180807135800,343625.0,343213.77605199814
20180807135900,343625.0,343372.56503105164
20180807140000,343750.0,343604.7730445862
20180807140100,343750.0,343673.51669073105
20180807140200,344000.0,343731.5664887428
20180807140300,343750.0,343869.0736293793
20180807140400,343750.0,343847.6594686508
20180807140500,343750.0,343731.5664887428
20180807140600,343625.0,343731.5664887428
20180807140700,343750.0,343662.8162264824
20180807140800,343875.0,343673.51669073105
20180807140900,344000.0,343800.3189563751
20180807141000,343875.0,343927.1300435066
20180807141100,344125.0,343916.4163470268
20180807141200,344000.0,343995.89574337006
20180807141300,343875.0,344043.2340502739
20180807141400,343750.0,343916.4163470268
20180807141500,343875.0,343789.6118760109
20180807141600,343875.0,343800.3189563751
20180807141700,344000.0,343858.36654901505
20180807141800,344125.0,343927.1300435066
20180807141900,344375.0,344053.9521574974
20180807142000,344375.0,344249.55981969833
20180807142100,344250.0,344365.67705869675
20180807142200,344250.0,344296.88930511475
20180807142300,343750.0,344238.83950710297
20180807142400,343625.0,343963.73921632767
20180807142500,343750.0,343662.8162264824
20180807142600,343875.0,343673.51669073105
20180807142700,344375.0,343800.3189563751
20180807142800,344375.0,344133.4293484688
20180807142900,344625.0,344365.67705869675
20180807143000,344500.0,344503.2613873482
20180807143100,344125.0,344550.584256649
20180807143200,343875.0,344286.1513495445
20180807143300,343875.0,343974.4661450386
20180807143400,343625.0,343858.36654901505
20180807143500,343750.0,343720.85720300674
20180807143600,343500.0,343673.51669073105
20180807143700,344000.0,343594.07037496567
20180807143800,344125.0,343752.95197963715
20180807143900,344125.0,344053.9521574974
20180807144000,344375.0,344112.00857162476
20180807144100,343875.0,344249.55981969833
20180807144200,343375.0,344090.5480980873
20180807144300,343125.0,343583.36770534515
20180807144400,343250.0,343213.77605199814
20180807144500,343375.0,343166.4178967476
20180807144600,343125.0,343293.1760549545
20180807144700,342875.0,343213.77605199814
20180807144800,342750.0,342960.2972269058
20180807144900,342250.0,342775.55322647095
20180807145000,342500.0,342442.85303354263
20180807145100,343125.0,342348.0926156044
20180807145200,342875.0,342807.4936270714
20180807145300,343000.0,342960.2972269058
20180807145400,343000.0,342912.928044796
20180807145500,343250.0,342970.9624052048
20180807145600,343250.0,343108.3680987358
20180807145700,342875.0,343224.4544625282
20180807145800,342625.0,343018.3271765709
20180807145900,342500.0,342706.8735361099
20180807150000,342625.0,342522.1626162529
20180807150100,343125.0,342532.80133008957
20180807150200,343375.0,342865.53901433945
20180807150300,343375.0,343235.1240515709
20180807150400,343250.0,343351.2104153633
20180807150500,343250.0,343282.49102830887
20180807150600,343250.0,343224.4544625282
20180807150700,343250.0,343224.4544625282
20180807150800,343250.0,343224.4544625282
20180807150900,343375.0,343224.4544625282
20180807151000,343250.0,343293.1760549545
20180807151100,343375.0,343282.49102830887
20180807151200,343375.0,343293.1760549545
20180807151300,343375.0,343351.2104153633
20180807151400,343500.0,343351.2104153633
20180807151500,343250.0,343419.9430346489
20180807151600,343375.0,343340.52979946136
20180807151700,343625.0,343293.1760549545
20180807151800,343625.0,343488.67124319077
20180807151900,343625.0,343604.7730445862
20180807153000,343500.0,343604.7730445862
20180807153500,343500.0,343536.0316038132
20180808090000,342625.0,343477.98842191696
20180808090100,342125.0,342996.9593286514
20180808090200,341750.0,342316.19411706924
20180808090300,341625.0,341878.3087134361
20180808090400,341750.0,341635.7310414314
20180808090500,341500.0,341646.32123708725
20180808090600,341250.00000000006,341567.1439766884
20180808090700,341375.0,341314.04227018356
20180808090800,341375.0,341266.63559675217
20180808090900,341500.0,341324.61923360825
20180808091000,341375.0,341393.179833889
20180808091100,341875.0,341382.6028704643
20180808091200,342750.0,341598.89912605286
20180808091300,342250.0,342311.28054857254
20180808091400,342250.0,342442.85303354263
20180808091500,342500.0,342210.80380678177
20180808091600,343000.0,342348.0926156044
20180808091700,343000.0,342738.81393671036
20180808091800,343000.0,342970.9624052048
20180808091900,342500.0,342970.9624052048
20180808092000,342750.0,342696.21938467026
20180808092100,343000.0,342601.46337747574
20180808092200,342750.0,342854.89147901535
20180808092300,341875.0,342833.58097076416
20180808092400,342250.0,342236.90217733383
20180808092500,342375.0,342036.75585985184
20180808092600,342125.0,342279.4438004494
20180808092700,342000.0,342200.18273591995
20180808092800,341875.0,342015.5357718468
20180808092900,342125.0,341888.9165520668
20180808093000,342250.0,341968.1379199028
20180808093100,342500.0,342152.7892947197
20180808093200,342375.0,342348.0926156044
20180808093300,342625.0,342395.4838514328
20180808093400,342750.0,342474.76917505264
20180808093500,342875.0,342659.49112176895
20180808093600,342875.0,342786.2073779106
20180808093700,343250.0,342844.23953294754
20180808093800,343625.0,343050.32271146774
20180808093900,343375.0,343430.6192398071
20180808094000,343125.0,343467.292368412
20180808094100,343250.0,343213.77605199814
20180808094200,343500.0,343166.4178967476
20180808094300,343500.0,343361.8932366371
20180808094400,343375.0,343477.98842191696
20180808094500,343250.0,343409.25800800323
20180808094600,343500.0,343282.49102830887
20180808094700,343500.0,343361.8932366371
20180808094800,343500.0,343477.98842191696
20180808094900,343500.0,343477.98842191696
20180808095000,343750.0,343477.98842191696
20180808095100,343250.0,343615.46248197556
20180808095200,343500.0,343456.5963149071
20180808095300,343250.0,343361.8932366371
20180808095400,343500.0,343340.52979946136
20180808095500,343500.0,343361.8932366371
20180808095600,343250.0,343477.98842191696
20180808095700,343375.0,343340.52979946136
20180808095800,343000.0,343293.1760549545
20180808095900,342875.0,343145.0610756874
20180808100000,342875.0,342902.27168798447
20180808100100,343000.0,342844.23953294754
20180808100200,342750.0,342912.928044796
20180808100300,342750.0,342833.58097076416
20180808100400,342750.0,342717.52548217773
20180808100500,342500.0,342717.52548217773
20180808100600,342875.0,342580.1815390587
20180808100700,343250.0,342670.13424634933
20180808100800,343000.0,343050.32271146774
20180808100900,343500.0,343087.0333313942
20180808101000,343000.0,343245.79364061356
20180808101100,342625.0,343203.0910253525
20180808101200,342250.0,342764.89466428757
20180808101300,342500.0,342384.8429322243
20180808101400,342500.0,342348.0926156044
20180808101500,342500.0,342464.1392827034
20180808101600,342500.0,342464.1392827034
20180808101700,342750.0,342464.1392827034
20180808101800,342500.0,342601.46337747574
20180808101900,342750.0,342580.1815390587
20180808102000,342250.0,342601.46337747574
20180808102100,342250.0,342442.85303354263
20180808102200,342375.0,342210.80380678177
20180808102300,342500.0,342279.4438004494
20180808102400,342250.0,342406.1159491539
20180808102500,342375.0,342326.8328309059
20180808102600,342500.0,342279.4438004494
20180808102700,342250.0,342406.1159491539
20180808102800,342375.0,342326.8328309059
20180808102900,342250.0,342279.4438004494
20180808103000,342375.0,342268.82272958755
20180808103100,342250.0,342279.4438004494
20180808103200,341625.0,342268.82272958755
20180808103300,341750.0,341867.6876425743
20180808103400,341625.0,341646.32123708725
20180808103500,341750.0,341635.7310414314
20180808103600,341750.0,341646.32123708725
20180808103700,341875.0,341704.3203115463
20180808103800,342125.0,341772.91399240494
20180808103900,342000.0,341968.1379199028
20180808104000,341625.0,342015.5357718468
20180808104100,341750.0,341751.7115473747
20180808104200,341625.0,341646.32123708725
20180808104300,341875.0,341635.7310414314
20180808104400,341500.0,341714.912712574
20180808104500,341750.0,341625.1320242882
20180808104600,341875.0,341588.3199572563
20180808104700,342250.0,341772.91399240494
20180808104800,342375.0,342036.75585985184
20180808104900,342125.0,342279.4438004494
20180808105000,342375.0,342200.18273591995
20180808105100,342000.0,342221.42708301544
20180808105200,341750.0,342131.54715299606
20180808105300,341875.0,341820.3118443489
20180808105400,341750.0,341772.91399240494
20180808105500,341750.0,341762.3149752617
20180808105600,341875.0,341704.3203115463
20180808105700,341750.0,341772.91399240494
20180808105800,342125.0,341762.3149752617
20180808105900,342125.0,341910.1234078407
20180808110000,342125.0,342084.16253328323
20180808110100,341875.0,342084.16253328323
20180808110200,341875.0,341946.9244480133
20180808110300,341750.0,341830.9174776077
20180808110400,341875.0,341762.3149752617
20180808110500,341750.0,341772.91399240494
20180808110600,341625.0,341762.3149752617
20180808110700,341875.0,341635.7310414314
20180808110800,341750.0,341714.912712574
20180808110900,341500.0,341762.3149752617
20180808111000,341250.00000000006,341567.1439766884
20180808111100,341250.00000000006,341314.04227018356
20180808111200,341250.00000000006,341198.08822870255
20180808111300,341375.0,341198.08822870255
20180808111400,341250.00000000006,341266.63559675217
20180808111500,341250.00000000006,341256.0674548149
20180808111600,341125.0,341198.08822870255
20180808111700,341125.0,341129.5474767685
20180808111800,341000.0,341071.570456028
20180808111900,340750.0,341003.0407309532
20180808112000,340750.0,340808.04616212845
20180808112100,340625.0,340692.13622808456
20180808112200,340750.0,340623.6461997032
20180808112300,340750.0,340634.1812610626
20180808112400,340750.0,340692.13622808456
20180808112500,340625.0,340692.13622808456
20180808112600,340625.0,340623.6461997032
20180808112700,340750.0,340565.695643425
20180808112800,340625.0,340634.1812610626
20180808112900,340750.0,340623.6461997032
20180808113000,340625.0,340634.1812610626
20180808113100,340750.0,340623.6461997032
20180808113200,340250.0,340634.1812610626
20180808113300,340250.0,340418.209195137
20180808113400,340250.0,340186.4885687828
20180808113500,340250.0,340186.4885687828
20180808113600,340124.99999999994,340186.4885687828
20180808113700,340250.0,340118.051469326
20180808113800,340124.99999999994,340128.56006622314
20180808113900,340250.0,340118.051469326
20180808114000,340250.0,340128.56006622314
20180808114100,340124.99999999994,340186.4885687828
20180808114200,340375.0,340118.051469326
20180808114300,340250.0,340196.99716567993
20180808114400,340375.0,340244.4192767143
20180808114500,340250.0,340254.9300789833
20180808114600,340000.0,340244.4192767143
20180808114700,339625.0,340049.61878061295
20180808114800,339750.0,339728.58279943466
20180808114900,339750.0,339623.26967716217
20180808115000,339875.0,339681.17171525955
20180808115100,339750.0,339749.5558857918
20180808115200,339750.0,339739.07375335693
20180808115300,339750.0,339681.17171525955
20180808115400,339750.0,339681.17171525955
20180808115500,339750.0,339681.17171525955
20180808115600,339625.0,339681.17171525955
20180808115700,339625.0,339612.79195547104
20180808115800,339500.0,339554.8965334892
20180808115900,339750.0,339486.53000593185
20180808120000,339875.0,339565.3676390648
20180808120100,339625.0,339749.5558857918
20180808120200,339375.0,339670.685172081
20180808120300,339250.0,339418.1722998619
20180808120400,339375.0,339234.0766787529
20180808120500,339375.0,339244.5345520973
20180808120600,339250.0,339302.40792036057
20180808120700,339000.0,339234.0766787529
20180808120800,338875.0,339039.5717024803
20180808120900,338875.0,338855.573117733
20180808121000,338750.0,338797.73062467575
20180808121100,338750.0,338729.45231199265
20180808121200,339250.0,338671.6142296791
20180808121300,339000.0,338944.72748041153
20180808121400,339250.0,339039.5717024803
20180808121500,339125.0,339060.4609847069
20180808121600,339250.0,339107.8853011131
20180808121700,339375.0,339118.3343529701
20180808121800,339625.0,339244.5345520973
20180808121900,339500.0,339439.1056895256
20180808122000,339250.0,339486.53000593185
20180808122100,339625.0,339291.95004701614
20180808122200,339750.0,339381.2146782875
20180808122300,339875.0,339623.26967716217
20180808122400,339750.0,339749.5558857918
20180808122500,339625.0,339739.07375335693
20180808122600,339250.0,339612.79195547104
20180808122700,339125.0,339349.82120990753
20180808122800,339125.0,339107.8853011131
20180808122900,339250.0,339050.02295970917
20180808123000,339250.0,339118.3343529701
20180808123100,339250.0,339176.20331048965
20180808123200,339250.0,339176.20331048965
20180808123300,339375.0,339176.20331048965
20180808123400,339125.0,339244.5345520973
20180808123500,339375.0,339165.74543714523
20180808123600,339250.0,339186.6545677185
20180808123700,339250.0,339234.0766787529
20180808123800,339125.0,339176.20331048965
20180808123900,339125.0,339107.8853011131
20180808124000,339125.0,339050.02295970917
20180808124100,339125.0,339050.02295970917
20180808124200,339125.0,339050.02295970917
20180808124300,339250.0,339050.02295970917
20180808124400,339125.0,339118.3343529701
20180808124500,339250.0,339107.8853011131
20180808124600,339375.0,339118.3343529701
20180808124700,339375.0,339244.5345520973
20180808124800,339125.0,339302.40792036057
20180808124900,339125.0,339165.74543714523
20180808125000,339375.0,339050.02295970917
20180808125100,339250.0,339186.6545677185
20180808125200,339250.0,339234.0766787529
20180808125300,339250.0,339176.20331048965
20180808125400,339250.0,339176.20331048965
20180808125500,339125.0,339176.20331048965
20180808125600,339250.0,339107.8853011131
20180808125700,339250.0,339118.3343529701
20180808125800,339125.0,339176.20331048965
20180808125900,339000.0,339107.8853011131
20180808130000,338750.0,338981.7159771919
20180808130100,338875.0,338787.2948050499
20180808130200,338625.0,338739.88151550293
20180808130300,338750.0,338661.1872315407
20180808130400,338500.0,338613.7805581093
20180808130500,338750.0,338535.11494398117
20180808130600,338875.0,338555.94688653946
20180808130700,338750.0,338739.88151550293
20180808130800,338750.0,338729.45231199265
20180808130900,338625.0,338671.6142296791
20180808131000,338500.0,338603.35797071457
20180808131100,338125.0,338477.29229927063
20180808131200,338375.0,338214.8265838623
20180808131300,338375.0,338177.8182387352
20180808131400,338125.0,338293.437063694
20180808131500,338000.0,338157.03040361404
20180808131600,338250.0,337973.2766151428
20180808131700,338125.0,338051.83416604996
20180808131800,338250.0,338099.24083948135
20180808131900,338250.0,338109.62814092636
20180808132000,338250.0,338167.4309372902
20180808132100,338375.0,338167.4309372902
20180808132200,338375.0,338235.6276512146
20180808132300,338375.0,338293.437063694
20180808132400,338375.0,338293.437063694
20180808132500,338375.0,338293.437063694
20180808132600,338250.0,338293.437063694
20180808132700,338125.0,338225.2293229103
20180808132800,338000.0,338099.24083948135
20180808132900,338250.0,337973.2766151428
20180808133000,338375.0,338051.83416604996
20180808133100,338250.0,338235.6276512146
20180808133200,338375.0,338225.2293229103
20180808133300,338250.0,338235.6276512146
20180808133400,338375.0,338225.2293229103
20180808133500,338250.0,338235.6276512146
20180808133600,338375.0,338225.2293229103
20180808133700,338375.0,338235.6276512146
20180808133800,338250.0,338293.437063694
20180808133900,338125.0,338225.2293229103
20180808134000,338375.0,338099.24083948135
20180808134100,338375.0,338177.8182387352
20180808134200,338750.0,338293.437063694
20180808134300,338500.0,338498.1110095978
20180808134400,338875.0,338535.11494398117
20180808134500,338750.0,338624.1943240166
20180808134600,338750.0,338729.45231199265
20180808134700,339000.0,338671.6142296791
20180808134800,339500.0,338808.1576228142
20180808134900,338875.0,339197.10141420364
20180808135000,338750.0,339086.9651436806
20180808135100,338875.0,338729.45231199265
20180808135200,338625.0,338739.88151550293
20180808135300,338750.0,338661.1872315407
20180808135400,338625.0,338613.7805581093
20180808135500,338750.0,338603.35797071457
20180808135600,338625.0,338613.7805581093
20180808135700,338625.0,338603.35797071457
20180808135800,338750.0,338545.52870988846
20180808135900,338750.0,338613.7805581093
20180808140000,338750.0,338671.6142296791
20180808140100,339000.0,338671.6142296791
20180808140200,339125.0,338808.1576228142
20180808140300,339375.0,338992.1562075615
20180808140400,339625.0,339186.6545677185
20180808140500,339625.0,339439.1056895256
20180808140600,339750.0,339554.8965334892
20180808140700,339750.0,339623.26967716217
20180808140800,339750.0,339681.17171525955
20180808140900,339250.0,339681.17171525955
20180808141000,339500.0,339407.6923727989
20180808141100,339250.0,339312.8702044487
20180808141200,339250.0,339291.95004701614
20180808141300,339500.0,339176.20331048965
20180808141400,339375.0,339312.8702044487
20180808141500,339375.0,339360.2879047394
20180808141600,339375.0,339302.40792036057
20180808141700,339250.0,339302.40792036057
20180808141800,339375.0,339234.0766787529
20180808141900,339250.0,339244.5345520973
20180808142000,339250.0,339234.0766787529
20180808142100,339250.0,339176.20331048965
20180808142200,339250.0,339176.20331048965
20180808142300,339375.0,339176.20331048965
20180808142400,339250.0,339244.5345520973
20180808142500,339125.0,339234.0766787529
20180808142600,339250.0,339107.8853011131
20180808142700,339125.0,339118.3343529701
20180808142800,339125.0,339107.8853011131
20180808142900,339250.0,339050.02295970917
20180808143000,339375.0,339118.3343529701
20180808143100,339375.0,339244.5345520973
20180808143200,339375.0,339302.40792036057
20180808143300,339375.0,339302.40792036057
20180808143400,339250.0,339302.40792036057
20180808143500,339125.0,339234.0766787529
20180808143600,339375.0,339107.8853011131
20180808143700,339375.0,339186.6545677185
20180808143800,339250.0,339302.40792036057
20180808143900,339375.0,339234.0766787529
20180808144000,339125.0,339244.5345520973
20180808144100,339250.0,339165.74543714523
20180808144200,339125.0,339118.3343529701
20180808144300,339000.0,339107.8853011131
20180808144400,339125.0,338981.7159771919
20180808144500,339125.0,338992.1562075615
20180808144600,339125.0,339050.02295970917
20180808144700,339250.0,339050.02295970917
20180808144800,339375.0,339118.3343529701
20180808144900,339250.0,339244.5345520973
20180808145000,339000.0,339234.0766787529
20180808145100,339250.0,339039.5717024803
20180808145200,338875.0,339060.4609847069
20180808145300,339125.0,338971.27133607864
20180808145400,339125.0,338934.2960715294
20180808145500,338750.0,339050.02295970917
20180808145600,339125.0,338845.13288736343
20180808145700,339000.0,338876.4359354973
20180808145800,338750.0,338981.7159771919
20180808145900,339125.0,338787.2948050499
20180808150000,338750.0,338876.4359354973
20180808150100,338750.0,338845.13288736343
20180808150200,338750.0,338671.6142296791
20180808150300,338750.0,338671.6142296791
20180808150400,338875.0,338671.6142296791
20180808150500,338625.0,338739.88151550293
20180808150600,338625.0,338661.1872315407
20180808150700,338500.0,338545.52870988846
20180808150800,338375.0,338477.29229927063
20180808150900,338250.0,338351.2508869171
20180808151000,338750.0,338225.2293229103
20180808151100,338375.0,338440.2795433998
20180808151200,338625.0,338466.8719172478
20180808151300,339250.0,338429.87900972366
20180808151400,339125.0,338886.858522892
20180808151500,339000.0,339107.8853011131
20180808151600,338875.0,338981.7159771919
20180808151700,339000.0,338855.573117733
20180808151800,339000.0,338866.00893735886
20180808151900,339250.0,338923.86025190353
20180808153000,339500.0,339060.4609847069
20180808153500,339500.0,339312.8702044487
20180809090000,344625.0,339428.6412000656
20180809090100,344250.0,342236.9551062584
20180809090200,343250.0,344412.993311882
20180809090300,343000.0,343688.6984705925
20180809090400,342125.0,343087.0333313942
20180809090500,342500.0,342490.20236730576
20180809090600,343000.0,342290.06707668304
20180809090700,342875.0,342738.81393671036
20180809090800,342375.0,342902.27168798447
20180809090900,342375.0,342569.52518224716
20180809091000,342625.0,342337.46713399887
20180809091100,342250.0,342474.76917505264
20180809091200,342250.0,342384.8429322243
20180809091300,342250.0,342210.80380678177
20180809091400,341750.0,342210.80380678177
20180809091500,341625.0,341936.30117177963
20180809091600,341250.00000000006,341635.7310414314
20180809091700,341250.00000000006,341372.0170855522
20180809091800,341250.00000000006,341198.08822870255
20180809091900,341250.00000000006,341198.08822870255
20180809092000,340875.00000000006,341198.08822870255
20180809092100,340625.0,340992.4769997597
20180809092200,340750.0,340681.5901398659
20180809092300,340750.0,340634.1812610626
20180809092400,340625.0,340692.13622808456
20180809092500,340499.99999999994,340623.6461997032
20180809092600,340625.0,340497.2166419029
20180809092700,340625.0,340507.74508714676
20180809092800,340750.0,340565.695643425
20180809092900,340750.0,340634.1812610626
20180809093000,340750.0,340692.13622808456
20180809093100,340499.99999999994,340692.13622808456
20180809093200,340750.0,340555.16278743744
20180809093300,341375.0,340576.2240886688
20180809093400,341000.0,341034.6944332123
20180809093500,341250.00000000006,341118.97271871567
20180809093600,341500.0,341082.13198184967
20180809093700,341375.0,341335.1873755455
20180809093800,341000.0,341382.6028704643
20180809093900,341250.00000000006,341118.97271871567
20180809094000,341000.0,341082.13198184967
20180809094100,341250.00000000006,341061.0089302063
20180809094200,341000.0,341082.13198184967
20180809094300,341125.0,341061.0089302063
20180809094400,341125.0,341013.60005140305
20180809094500,341250.00000000006,341071.570456028
20180809094600,341125.0,341140.1090025902
20180809094700,340875.00000000006,341129.5474767685
20180809094800,341625.0,340934.51541662216
20180809094900,341750.0,341229.75957393646
20180809095000,341250.00000000006,341646.32123708725
20180809095100,341125.0,341429.9941062927
20180809095200,341375.0,341129.5474767685
20180809095300,341375.0,341208.6563706398
20180809095400,341500.0,341324.61923360825
20180809095500,341750.0,341393.179833889
20180809095600,341750.0,341588.3199572563
20180809095700,341625.0,341704.3203115463
20180809095800,341250.00000000006,341635.7310414314
20180809095900,341250.00000000006,341372.0170855522
20180809100000,341125.0,341198.08822870255
20180809100100,340875.00000000006,341129.5474767685
20180809100200,341500.0,340934.51541662216
20180809100300,341625.0,341161.2188220024
20180809100400,341625.0,341519.74391937256
20180809100500,341125.0,341577.7341723442
20180809100600,341000.0,341303.45648527145
20180809100700,341000.0,341003.0407309532
20180809100800,341125.0,340945.074737072
20180809100900,340750.0,341013.60005140305
20180809101000,340750.0,340866.00333452225
20180809101100,340625.0,340692.13622808456
20180809101200,340875.00000000006,340623.6461997032
20180809101300,340499.99999999994,340702.6734948158
20180809101400,340625.0,340613.0979061127
20180809101500,340750.0,340507.74508714676
20180809101600,340750.0,340634.1812610626
20180809101700,340625.0,340692.13622808456
20180809101800,340750.0,340623.6461997032
20180809101900,340750.0,340634.1812610626
20180809102000,340750.0,340692.13622808456
20180809102100,340875.00000000006,340692.13622808456
20180809102200,340875.00000000006,340760.6328725815
20180809102300,340750.0,340818.59666109085
20180809102400,340625.0,340750.0911951065
20180809102500,340750.0,340623.6461997032
20180809102600,341250.00000000006,340634.1812610626
20180809102700,341000.0,340966.1691188812
20180809102800,341125.0,341061.0089302063
20180809102900,341000.0,341013.60005140305
20180809103000,341125.0,341003.0407309532
20180809103100,341125.0,341013.60005140305
20180809103200,341625.0,341071.570456028
20180809103300,341500.0,341345.75551748276
20180809103400,341625.0,341509.15813446045
20180809103500,341750.0,341519.74391937256
20180809103600,341500.0,341646.32123708725
20180809103700,341250.00000000006,341567.1439766884
20180809103800,341250.00000000006,341314.04227018356
20180809103900,341250.00000000006,341198.08822870255
20180809104000,341500.0,341198.08822870255
20180809104100,341750.0,341335.1873755455
20180809104200,342000.0,341588.3199572563
20180809104300,341875.0,341841.516494751
20180809104400,341875.0,341888.9165520668
20180809104500,341625.0,341830.9174776077
20180809104600,341625.0,341693.7190890312
20180809104700,341375.0,341577.7341723442
20180809104800,341375.0,341440.5865073204
20180809104900,341625.0,341324.61923360825
20180809105000,342000.0,341461.7492556572
20180809105100,341625.0,341783.5085988045
20180809105200,341250.00000000006,341751.7115473747
20180809105300,341125.0,341372.0170855522
20180809105400,341375.0,341129.5474767685
20180809105500,341625.0,341208.6563706398
20180809105600,341875.0,341461.7492556572
20180809105700,341125.0,341714.912712574
20180809105800,341375.0,341419.39729452133
20180809105900,342125.0,341208.6563706398
20180809110000,342375.0,341736.0710501671
20180809110100,342375.0,342221.42708301544
20180809110200,342125.0,342337.46713399887
20180809110300,342125.0,342200.18273591995
20180809110400,342750.0,342084.16253328323
20180809110500,342625.0,342427.35809087753
20180809110600,342750.0,342648.84799718857
20180809110700,342750.0,342659.49112176895
20180809110800,342375.0,342717.52548217773
20180809110900,342500.0,342511.5150809288
20180809111000,342625.0,342406.1159491539
20180809111100,342750.0,342532.80133008957
20180809111200,342750.0,342659.49112176895
20180809111300,342375.0,342717.52548217773
20180809111400,342125.0,342511.5150809288
20180809111500,342500.0,342200.18273591995
20180809111600,342750.0,342290.06707668304
20180809111700,343375.0,342601.46337747574
20180809111800,343375.0,343060.9768629074
20180809111900,343125.0,343351.2104153633
20180809112000,342875.0,343213.77605199814
20180809112100,343000.0,342960.2972269058
20180809112200,343000.0,342912.928044796
20180809112300,342750.0,342970.9624052048
20180809112400,342875.0,342833.58097076416
20180809112500,342875.0,342786.2073779106
20180809112600,343125.0,342844.23953294754
20180809112700,343125.0,342981.62537813187
20180809112800,342625.0,343097.7051258087
20180809112900,342250.0,342822.91358709335
20180809113000,342750.0,342384.8429322243
20180809113100,342625.0,342485.39686203003
20180809113200,342875.0,342648.84799718857
20180809113300,342625.0,342728.17301750183
20180809113400,342750.0,342706.8735361099
20180809113500,343000.0,342659.49112176895
20180809113600,342750.0,342854.89147901535
20180809113700,343250.0,342833.58097076416
20180809113800,343125.0,342992.2751188278
20180809113900,343250.0,343155.7438969612
20180809114000,343125.0,343166.4178967476
20180809114100,343500.0,343155.7438969612
20180809114200,343125.0,343303.8456439972
20180809114300,342750.0,343271.8104124069
20180809114400,342750.0,342891.6065096855
20180809114500,342625.0,342717.52548217773
20180809114600,342250.0,342648.84799718857
20180809114700,342625.0,342384.8429322243
20180809114800,342500.0,342416.7436361313
20180809114900,342375.0,342522.1626162529
20180809115000,342250.0,342395.4838514328
20180809115100,342125.0,342268.82272958755
20180809115200,342750.0,342142.1726346016
20180809115300,342625.0,342427.35809087753
20180809115400,342500.0,342648.84799718857
20180809115500,342125.0,342522.1626162529
20180809115600,341875.0,342258.1884264946
20180809115700,341875.0,341946.9244480133
20180809115800,341625.0,341830.9174776077
20180809115900,341625.0,341693.7190890312
20180809120000,341250.00000000006,341577.7341723442
20180809120100,342250.0,341372.0170855522
20180809120200,342625.0,341746.6458082199
20180809120300,342000.0,342416.7436361313
20180809120400,341750.0,342247.5497126579
20180809120500,341625.0,341820.3118443489
20180809120600,341875.0,341635.7310414314
20180809120700,342125.0,341714.912712574
20180809120800,342000.0,341968.1379199028
20180809120900,341500.0,342015.5357718468
20180809121000,341250.00000000006,341683.11566114426
20180809121100,341375.0,341314.04227018356
20180809121200,341625.0,341266.63559675217
20180809121300,341875.0,341461.7492556572
20180809121400,342125.0,341714.912712574
20180809121500,341875.0,341968.1379199028
20180809121600,341750.0,341946.9244480133
20180809121700,341750.0,341762.3149752617
20180809121800,342375.0,341704.3203115463
20180809121900,342250.0,342047.3592877388
20180809122000,341875.0,342268.82272958755
20180809122100,341875.0,342004.9213171005
20180809122200,341875.0,341830.9174776077
20180809122300,342125.0,341830.9174776077
20180809122400,341750.0,341968.1379199028
20180809122500,341875.0,341878.3087134361
20180809122600,341500.0,341772.91399240494
20180809122700,341500.0,341625.1320242882
20180809122800,341750.0,341451.1678814888
20180809122900,341500.0,341588.3199572563
20180809123000,341250.00000000006,341567.1439766884
20180809123100,341250.00000000006,341314.04227018356
20180809123200,341500.0,341198.08822870255
20180809123300,342125.0,341335.1873755455
20180809123400,341750.0,341794.0921783447
20180809123500,341625.0,341878.3087134361
20180809123600,342000.0,341635.7310414314
20180809123700,342000.0,341783.5085988045
20180809123800,341625.0,341957.532286644
20180809123900,341375.0,341751.7115473747
20180809124000,342000.0,341440.5865073204
20180809124100,341625.0,341667.48398542404
20180809124200,341250.00000000006,341751.7115473747
20180809124300,341250.00000000006,341372.0170855522
20180809124400,341250.00000000006,341198.08822870255
20180809124500,341625.0,341198.08822870255
20180809124600,341750.0,341403.75238657
20180809124700,341375.0,341646.32123708725
20180809124800,341500.0,341498.56573343277
20180809124900,341250.00000000006,341393.179833889
20180809125000,341125.0,341314.04227018356
20180809125100,341250.00000000006,341129.5474767685
20180809125200,341375.0,341140.1090025902
20180809125300,341125.0,341266.63559675217
20180809125400,341375.0,341187.5156760216
20180809125500,341125.0,341208.6563706398
20180809125600,341125.0,341187.5156760216
20180809125700,341250.00000000006,341071.570456028
20180809125800,341125.0,341140.1090025902
20180809125900,341375.0,341129.5474767685
20180809130000,341250.00000000006,341208.6563706398
20180809130100,341125.0,341256.0674548149
20180809130200,341125.0,341129.5474767685
20180809130300,341125.0,341071.570456028
20180809130400,341250.00000000006,341071.570456028
20180809130500,340875.00000000006,341140.1090025902
20180809130600,340750.0,340992.4769997597
20180809130700,340750.0,340750.0911951065
20180809130800,340875.00000000006,340692.13622808456
20180809130900,340750.0,340760.6328725815
20180809131000,340750.0,340750.0911951065
20180809131100,340750.0,340692.13622808456
20180809131200,340625.0,340692.13622808456
20180809131300,340625.0,340623.6461997032
20180809131400,340750.0,340565.695643425
20180809131500,340875.00000000006,340634.1812610626
20180809131600,340750.0,340760.6328725815
20180809131700,340499.99999999994,340750.0911951065
20180809131800,340250.0,340555.16278743744
20180809131900,340124.99999999994,340302.3521900177
20180809132000,340124.99999999994,340118.051469326
20180809132100,340250.0,340060.1251721382
20180809132200,340000.0,340128.56006622314
20180809132300,339250.0,340049.61878061295
20180809132400,339000.0,339523.4391093254
20180809132500,339000.0,339039.5717024803
20180809132600,339250.0,338923.86025190353
20180809132700,339375.0,339060.4609847069
20180809132800,339000.0,339244.5345520973
20180809132900,339250.0,339097.4274277687
20180809133000,339250.0,339060.4609847069
20180809133100,338750.0,339176.20331048965
20180809133200,338875.0,338902.970969677
20180809133300,339125.0,338739.88151550293
20180809133400,339125.0,338934.2960715294
20180809133500,339125.0,339050.02295970917
20180809133600,339250.0,339050.02295970917
20180809133700,339250.0,339118.3343529701
20180809133800,339125.0,339176.20331048965
20180809133900,339000.0,339107.8853011131
20180809134000,338875.0,338981.7159771919
20180809134100,338750.0,338855.573117733
20180809134200,338625.0,338729.45231199265
20180809134300,338750.0,338603.35797071457
20180809134400,338750.0,338613.7805581093
20180809134500,339000.0,338671.6142296791
20180809134600,339125.0,338808.1576228142
20180809134700,339250.0,338992.1562075615
20180809134800,338875.0,339118.3343529701
20180809134900,338625.0,338971.27133607864
20180809135000,339000.0,338661.1872315407
20180809135100,339000.0,338750.3063082695
20180809135200,339250.0,338923.86025190353
20180809135300,339250.0,339060.4609847069
20180809135400,338875.0,339176.20331048965
20180809135500,338625.0,338971.27133607864
20180809135600,338750.0,338661.1872315407
20180809135700,339125.0,338613.7805581093
20180809135800,339125.0,338876.4359354973
20180809135900,339125.0,339050.02295970917
20180809140000,339125.0,339050.02295970917
20180809140100,339000.0,339050.02295970917
20180809140200,338875.0,338981.7159771919
20180809140300,339250.0,338855.573117733
20180809140400,339250.0,339002.5942325592
20180809140500,339375.0,339176.20331048965
20180809140600,339500.0,339244.5345520973
20180809140700,339000.0,339370.7568049431
20180809140800,339000.0,339155.2831530571
20180809140900,339125.0,338923.86025190353
20180809141000,339250.0,338992.1562075615
20180809141100,339375.0,339118.3343529701
20180809141200,339500.0,339244.5345520973
20180809141300,339500.0,339370.7568049431
20180809141400,339750.0,339428.6412000656
20180809141500,339750.0,339565.3676390648
20180809141600,339750.0,339681.17171525955
20180809141700,339875.0,339681.17171525955
20180809141800,340250.0,339749.5558857918
20180809141900,339750.0,340012.6986503601
20180809142000,339750.0,339912.7842783928
20180809142100,339750.0,339681.17171525955
20180809142200,339750.0,339681.17171525955
20180809142300,339875.0,339681.17171525955
20180809142400,339875.0,339749.5558857918
20180809142500,339750.0,339807.46454000473
20180809142600,339750.0,339739.07375335693
20180809142700,339750.0,339681.17171525955
20180809142800,339750.0,339681.17171525955
20180809142900,339750.0,339681.17171525955
20180809143000,339750.0,339681.17171525955
20180809143100,339625.0,339681.17171525955
20180809143200,339625.0,339612.79195547104
20180809143300,339750.0,339554.8965334892
20180809143400,339750.0,339623.26967716217
20180809143500,340124.99999999994,339681.17171525955
20180809143600,339875.0,339886.3573074341
20180809143700,339750.0,339923.28625917435
20180809143800,339625.0,339739.07375335693
20180809143900,340000.0,339612.79195547104
20180809144000,339625.0,339760.0402235985
20180809144100,340000.0,339728.58279943466
20180809144200,340124.99999999994,339760.0402235985
20180809144300,340000.0,340002.2032856941
20180809144400,340375.0,339991.7035102844
20180809144500,340750.0,340139.05984163284
20180809144600,340499.99999999994,340518.266916275
20180809144700,340250.0,340555.16278743744
20180809144800,340250.0,340302.3521900177
20180809144900,340124.99999999994,340186.4885687828
20180809145000,340124.99999999994,340118.051469326
20180809145100,340124.99999999994,340060.1251721382
20180809145200,339875.0,340060.1251721382
20180809145300,340250.0,339923.28625917435
20180809145400,340250.0,340012.6986503601
20180809145500,340000.0,340186.4885687828
20180809145600,340250.0,340049.61878061295
20180809145700,340124.99999999994,340070.6293582916
20180809145800,340124.99999999994,340118.051469326
20180809145900,340250.0,340060.1251721382
20180809150000,340375.0,340128.56006622314
20180809150100,340625.0,340254.9300789833
20180809150200,341000.0,340449.7967362404
20180809150300,341125.0,340771.1723446846
20180809150400,341625.0,341013.60005140305
20180809150500,341875.0,341345.75551748276
20180809150600,341500.0,341714.912712574
20180809150700,341250.00000000006,341625.1320242882
20180809150800,341375.0,341314.04227018356
20180809150900,341750.0,341266.63559675217
20180809151000,341875.0,341530.32088279724
20180809151100,342250.0,341772.91399240494
20180809151200,342500.0,342036.75585985184
20180809151300,342875.0,342348.0926156044
20180809151400,342625.0,342670.13424634933
20180809151500,342875.0,342706.8735361099
20180809151600,342875.0,342728.17301750183
20180809151700,342750.0,342844.23953294754
20180809151800,342625.0,342775.55322647095
20180809151900,342625.0,342648.84799718857
20180809153000,341500.0,342590.82466363907
20180809153500,341500.0,341973.0206131935
20180810090000,343750.0,341451.1678814888
20180810090100,344125.0,342686.32608652115
20180810090200,344125.0,343937.834918499
20180810090300,344125.0,344112.00857162476
20180810090400,344000.0,344112.00857162476
20180810090500,343875.0,344043.2340502739
20180810090600,343500.0,343916.4163470268
20180810090700,344000.0,343652.11135149
20180810090800,343875.0,343752.95197963715
20180810090900,343750.0,343916.4163470268
20180810091000,344375.0,343789.6118760109
20180810091100,345250.0,344075.36631822586
20180810091200,345875.00000000006,344847.2817540169
20180810091300,345875.00000000006,345597.9771018028
20180810091400,345875.00000000006,345888.3032798767
20180810091500,345000.0,345888.3032798767
20180810091700,345000.0,345406.3170552254
20180810091800,345500.00000000006,344999.9949336052
20180810091900,345875.00000000006,345275.3091454506
20180810092000,346000.0,345714.1208052635
20180810092100,345750.0,345957.16381073
20180810092200,346000.0,345877.4881362915
20180810092300,346125.0,345899.1051912308
20180810092400,346250.0,346084.0873718262
20180810092500,347125.0,346211.0197544098
20180810092600,347250.0,346751.2432336807
20180810092700,347125.0,347226.5096902847
20180810092800,347250.0,347215.63720703125
20180810092900,347250.0,347226.5096902847
20180810093000,347375.0,347284.54184532166
20180810093100,348000.0,347353.44648361206
20180810093200,348375.0,347756.032705307
20180810093300,348625.0,348252.91180610657
20180810093400,348750.0,348564.78667259216
20180810093500,348875.0,348749.70269203186
20180810093600,348625.0,348876.6130208969
20180810093700,348625.0,348796.74327373505
20180810093800,348250.0,348680.7804107666
20180810093900,347750.0,348473.995923996
20180810094000,348250.0,348024.320602417
20180810094100,348750.0,348067.95167922974
20180810094200,348750.0,348575.69885253906
20180810094300,348625.0,348807.68632888794
20180810094400,348750.0,348738.7640476227
20180810094500,348500.0,348749.70269203186
20180810094600,348375.0,348669.8373556137
20180810094700,347750.0,348484.93897914886
20180810094800,347250.0,348082.3218822479
20180810095000,347750.0,347516.63517951965
20180810095100,348250.0,347560.1692199707
20180810095200,348375.0,348067.95167922974
20180810095300,348625.0,348368.9320087433
20180810095400,348875.0,348564.78667259216
20180810095500,348875.0,348818.6249732971
20180810095600,348875.0,348934.596657753
20180810095700,348875.0,348934.596657753
20180810095800,348750.0,348934.596657753
20180810095900,349250.0,348865.669965744
20180810100000,349374.99999999994,349083.3930969238
20180810100100,349374.99999999994,349384.2234611511
20180810100200,349875.0,349442.18945503235
20180810100300,349875.0,349717.8918123245
20180810100400,349625.0,349949.6808052063
20180810100500,349625.0,349811.8362426758
20180810100600,349374.99999999994,349695.94836235046
20180810100700,349250.0,349558.0949783325
20180810100800,349500.0,349373.2627630234
20180810100900,349875.0,349453.1545639038
20180810101000,349749.99999999994,349775.8445739746
20180810101100,349749.99999999994,349880.76293468475
20180810101200,349625.0,349822.8278160095
20180810101300,349875.0,349753.89671325684
20180810101400,350125.00000000006,349833.8017463684
20180810101500,350125.00000000006,350087.5253677368
20180810101600,350250.0,350203.39119434357
20180810101700,350375.0,350272.3090648651
20180810101800,350250.0,350399.14882183075
20180810101900,350000.0,350388.14401626587
20180810102000,350000.0,350192.3863887787
20180810102100,350375.0,350076.5382051468
20180810102200,350875.0,350283.30504894257
20180810102300,350625.0,350732.72454738617
20180810102400,350250.0,350826.48372650146
20180810102500,350250.0,350503.9436817169
20180810102600,350500.00000000006,350330.2309513092
20180810102700,350625.0,350468.0666923523
20180810102800,350375.0,350652.80628204346
20180810102900,350625.0,350572.8703737259
20180810103000,351125.0,350594.8976278305
20180810103100,351125.0,350986.34672164917
20180810103200,351250.0,351217.8666591644
20180810103300,351125.0,351286.7624759674
20180810103400,351000.0,351275.7223844528
20180810103500,351375.0,351148.9531993866
20180810103600,351250.0,351297.8069782257
20180810103700,351250.0,351402.4827480316
20180810103800,351250.0,351344.63143348694
20180810103900,350750.0,351344.63143348694
20180810104000,350500.00000000006,351069.0040588379
20180810104100,350875.0,350699.67925548553
20180810104200,350875.0,350790.6332015991
20180810104300,350875.0,350964.3062353134
20180810104400,350625.0,350964.3062353134
20180810104500,350875.0,350826.48372650146
20180810104600,351125.0,350848.52862358093
20180810104700,351250.0,351102.11992263794
20180810104800,351250.0,351286.7624759674
20180810104900,351250.0,351344.63143348694
20180810105000,351375.0,351344.63143348694
20180810105100,351250.0,351413.5272502899
20180810105200,352000.0,351402.4827480316
20180810105300,352375.0,351757.9975128174
20180810105400,352250.0,352311.6075992584
20180810105500,352250.0,352416.1113500595
20180810105600,352250.0,352358.32619667053
20180810105700,352375.0,352358.32619667053
20180810105800,352250.0,352427.19995975494
20180810105900,352375.0,352416.1113500595
20180810110000,352625.0,352427.19995975494
20180810110100,352750.0,352622.7149963379
20180810110200,352625.0,352807.101726532
20180810110300,352875.0,352796.0042953491
20180810110400,352875.0,352875.96225738525
20180810110500,352750.0,352991.4619922638
20180810110600,352875.0,352922.61028289795
20180810110700,352750.0,352933.71653556824
20180810110800,352875.0,352922.61028289795
20180810110900,352625.0,352933.71653556824
20180810111000,352250.0,352853.7585735321
20180810111100,352375.0,352531.6596031189
20180810111200,352000.0,352427.19995975494
20180810111300,351750.0,352278.3682346344
20180810111400,351000.0,351967.2123193741
20180810111500,350875.0,351438.19212913513
20180810111600,350875.0,351022.17960357666
20180810111700,350500.00000000006,350964.3062353134
20180810111800,350750.0,350757.5614452362
20180810111900,350750.0,350721.7153310776
20180810112000,350875.0,350837.5105857849
20180810112100,350625.0,350906.42404556274
20180810112200,351125.0,350826.48372650146
20180810112300,351250.0,350986.34672164917
20180810112400,351500.0,351286.7624759674
20180810112500,351750.0,351482.4274778366
20180810112600,351875.0,351735.9173297882
20180810112700,351875.0,351920.4672574997
20180810112800,351750.0,351978.2876968384
20180810112900,351625.0,351909.3962907791
20180810113000,351625.0,351782.68444538116
20180810113100,351250.0,351724.85518455505
20180810113200,351125.0,351518.1677341461
20180810113300,351250.0,351275.7223844528
20180810113400,350875.0,351286.7624759674
20180810113500,350750.0,351137.9175186157
20180810113600,350750.0,350895.3971862793
20180810113700,350625.0,350837.5105857849
20180810113800,350875.0,350768.5971260071
20180810113900,350500.00000000006,350848.52862358093
20180810114000,350375.0,350757.5614452362
20180810114100,350125.00000000006,350514.97054100037
20180810114200,350250.0,350319.2217350006
20180810114300,350375.0,350272.3090648651
20180810114400,350250.0,350399.14882183075
20180810114500,350375.0,350388.14401626587
20180810114600,350250.0,350399.14882183075
20180810114700,350375.0,350388.14401626587
20180810114800,350375.0,350399.14882183075
20180810114900,350250.0,350457.0662975311
20180810115000,350250.0,350388.14401626587
20180810115100,350375.0,350330.2309513092
20180810115200,350375.0,350399.14882183075
20180810115300,350375.0,350457.0662975311
20180810115400,350250.0,350457.0662975311
20180810115500,350375.0,350388.14401626587
20180810115600,350250.0,350399.14882183075
20180810115700,350250.0,350388.14401626587
20180810115800,350250.0,350330.2309513092
20180810115900,350375.0,350330.2309513092
20180810120000,350250.0,350399.14882183075
20180810120100,350375.0,350388.14401626587
20180810120200,350375.0,350399.14882183075
20180810120300,350250.0,350457.0662975311
20180810120400,350000.0,350388.14401626587
20180810120500,349749.99999999994,350192.3863887787
20180810120600,349625.0,349938.6936426163
20180810120700,349374.99999999994,349753.89671325684
20180810120800,349250.0,349558.0949783325
20180810120900,349374.99999999994,349373.2627630234
20180810121000,349125.0,349384.2234611511
20180810121100,349250.0,349304.3360710144
20180810121200,349125.0,349257.33518600464
20180810121300,348750.0,349246.3700771332
20180810121400,348750.0,348981.6195964813
20180810121500,348625.0,348807.68632888794
20180810121600,348875.0,348738.7640476227
20180810121700,348750.0,348818.6249732971
20180810121800,348625.0,348865.669965744
20180810121900,348750.0,348738.7640476227
20180810122000,348875.0,348749.70269203186
20180810122100,348875.0,348876.6130208969
20180810122200,348750.0,348934.596657753
20180810122300,348750.0,348865.669965744
20180810122400,349000.0,348807.68632888794
20180810122500,349374.99999999994,348945.5397129059
20180810122600,349500.0,349268.28265190125
20180810122700,349250.0,349511.1161470413
20180810122800,349250.0,349431.21552467346
20180810122900,349250.0,349315.29676914215
20180810123000,349374.99999999994,349315.29676914215
20180810123100,349250.0,349384.2234611511
20180810123200,349250.0,349373.2627630234
20180810123300,349250.0,349315.29676914215
20180810123400,349125.0,349315.29676914215
20180810123500,349374.99999999994,349246.3700771332
20180810123600,349250.0,349326.2618780136
20180810123700,349250.0,349373.2627630234
20180810123800,349250.0,349315.29676914215
20180810123900,349374.99999999994,349315.29676914215
20180810124000,349374.99999999994,349384.2234611511
20180810124100,349250.0,349442.18945503235
20180810124200,349250.0,349373.2627630234
20180810124300,349374.99999999994,349315.29676914215
20180810124400,349125.0,349384.2234611511
20180810124500,349500.0,349304.3360710144
20180810124600,349875.0,349395.18415927887
20180810124700,349500.0,349775.8445739746
20180810124800,349625.0,349742.9051399231
20180810124900,349625.0,349638.0000114441
20180810125000,349500.0,349695.94836235046
20180810125100,349500.0,349627.0216703415
20180810125200,349250.0,349569.0689086914
20180810125300,349500.0,349431.21552467346
20180810125400,349250.0,349453.1545639038
20180810125500,349250.0,349431.21552467346
20180810125600,349250.0,349315.29676914215
20180810125700,349125.0,349315.29676914215
20180810125800,349125.0,349246.3700771332
20180810125900,349000.0,349188.40408325195
20180810130000,349250.0,349119.47298049927
20180810130100,349374.99999999994,349199.3559598923
20180810130200,349625.0,349384.2234611511
20180810130300,349250.0,349580.0428390503
20180810130400,349125.0,349489.16387557983
20180810130500,349250.0,349246.3700771332
20180810130600,349500.0,349257.33518600464
20180810130700,349250.0,349453.1545639038
20180810130800,348750.0,349431.21552467346
20180810130900,349000.0,349039.58559036255
20180810131000,348750.0,348945.5397129059
20180810131100,349500.0,348923.6447811127
20180810131200,349875.0,349221.23765945435
20180810131300,349625.0,349775.8445739746
20180810131400,349625.0,349811.8362426758
20180810131500,349625.0,349695.94836235046
20180810131600,349250.0,349695.94836235046
20180810131700,349374.99999999994,349489.16387557983
20180810131800,349250.0,349384.2234611511
20180810131900,349250.0,349373.2627630234
20180810132000,349625.0,349315.29676914215
20180810132100,350125.00000000006,349522.0812559128
20180810132200,350000.0,349971.6418981552
20180810132300,349875.0,350134.4645023346
20180810132400,349500.0,350007.6115131378
20180810132500,349500.0,349742.9051399231
20180810132600,350000.0,349569.0689086914
20180810132700,350125.00000000006,349844.7712659836
20180810132800,350000.0,350145.46489715576
20180810132900,349749.99999999994,350134.4645023346
20180810133000,349875.0,349938.6936426163
20180810133100,350250.0,349891.74568653107
20180810133200,349875.0,350156.4520597458
20180810133300,350000.0,350123.4596967697
20180810133400,350250.0,350018.6074972153
20180810133500,350000.0,350214.3827676773
20180810133600,349749.99999999994,350192.3863887787
20180810133700,349500.0,349938.6936426163
20180810133800,349374.99999999994,349684.96561050415
20180810133900,349625.0,349500.15103816986
20180810134000,349749.99999999994,349580.0428390503
20180810134100,349875.0,349764.87505435944
20180810134200,349875.0,349891.74568653107
20180810134300,349749.99999999994,349949.6808052063
20180810134400,349500.0,349880.76293468475
20180810134500,349000.0,349684.96561050415
20180810134600,349500.0,349293.3621406555
20180810134700,349625.0,349337.2093439102
20180810134800,349625.0,349638.0000114441
20180810134900,349749.99999999994,349695.94836235046
20180810135000,349749.99999999994,349764.87505435944
20180810135100,349625.0,349822.8278160095
20180810135200,349500.0,349753.89671325684
20180810135300,349625.0,349627.0216703415
20180810135400,349500.0,349638.0000114441
20180810135500,349749.99999999994,349627.0216703415
20180810135600,349749.99999999994,349706.92670345306
20180810135700,349625.0,349822.8278160095
20180810135800,349625.0,349753.89671325684
20180810135900,349749.99999999994,349695.94836235046
20180810140000,350000.0,349764.87505435944
20180810140100,349875.0,349960.67237854004
20180810140200,350000.0,350007.6115131378
20180810140300,350250.0,350018.6074972153
20180810140400,350375.0,350214.3827676773
20180810140500,350625.0,350399.14882183075
20180810140600,350250.0,350594.8976278305
20180810140700,350750.0,350503.9436817169
20180810140800,350375.0,350605.9024333954
20180810140900,350375.0,350630.761384964
20180810141000,350500.00000000006,350457.0662975311
20180810141100,350500.00000000006,350525.97975730896
20180810141200,350875.0,350583.8840007782
20180810141300,350625.0,350790.6332015991
20180810141400,350875.0,350826.48372650146
20180810141500,351000.0,350848.52862358093
20180810141600,351375.0,351033.2064628601
20180810141700,351375.0,351297.8069782257
20180810141800,351500.0,351471.3829755783
20180810141900,351500.0,351540.283203125
20180810142000,351875.0,351598.12128543854
20180810142100,352000.0,351804.80432510376
20180810142200,352125.0,352047.17469215393
20180810142300,352000.0,352173.8556623459
20180810142400,352125.0,352162.7802848816
20180810142500,352125.0,352173.8556623459
20180810142600,352125.0,352231.6584587097
20180810142700,352125.0,352231.6584587097
20180810142800,351625.0,352231.6584587097
20180810142900,351875.0,351956.12812042236
20180810143000,351875.0,351862.6379966736
20180810143100,352375.0,351978.2876968384
20180810143200,352375.0,352253.8003921509
20180810143300,352625.0,352484.9851131439
20180810143400,352875.0,352622.7149963379
20180810143500,352500.0,352875.96225738525
20180810143600,352625.0,352784.8936319351
20180810143700,352875.0,352680.49132823944
20180810143800,352750.0,352875.96225738525
20180810143900,352750.0,352922.61028289795
20180810144000,352750.0,352864.8648262024
20180810144100,353125.0,352864.8648262024
20180810144200,353125.0,353071.4067220688
20180810144300,353125.0,353244.60780620575
20180810144400,353250.0,353244.60780620575
20180810144500,353375.0,353313.44628334045
20180810144600,353375.0,353439.9905204773
20180810144700,353375.0,353497.6918697357
20180810144800,353625.0,353497.6918697357
20180810144900,353875.0,353635.3335380554
20180810145000,353750.0,353888.33379745483
20180810145100,353875.0,353934.86273288727
20180810145200,353999.99999999994,353945.99986076355
20180810145300,354250.0,354072.46470451355
20180810145400,354250.0,354267.69745349884
20180810145500,354374.99999999994,354382.95459747314
20180810145600,354250.0,354451.7357349396
20180810145700,353750.0,354440.5765533447
20180810145800,353750.0,354107.7991724014
20180810145900,353500.0,353877.20108032227
20180810150000,353500.0,353739.5726442337
20180810150100,353875.0,353624.214053154
20180810150200,353875.0,353830.65009117126
20180810150300,353999.99999999994,354003.66592407227
20180810150400,353875.0,354072.46470451355
20180810150500,354125.0,354061.31875514984
20180810150600,354374.99999999994,354141.26348495483
20180810150700,354374.99999999994,354394.113779068
20180810150800,354374.99999999994,354509.35769081116
20180810150900,354250.0,354509.35769081116
20180810151000,354250.0,354440.5765533447
20180810151100,354374.99999999994,354382.95459747314
20180810151200,354374.99999999994,354451.7357349396
20180810151300,354374.99999999994,354509.35769081116
20180810151400,354374.99999999994,354509.35769081116
20180810151500,354250.0,354509.35769081116
20180810151600,354374.99999999994,354440.5765533447
20180810151700,354125.0,354451.7357349396
20180810151800,354125.0,354371.799826622
20180810151900,353999.99999999994,354256.5426826477
20180810153000,353999.99999999994,354187.7615451813
20180810153500,353999.99999999994,354130.1175355911
20180813090000,352250.0,354130.1175355911
20180813090100,352500.0,353166.56851768494
20180813090200,352750.0,352496.0649013519
20180813090300,351875.0,352749.347448349
20180813090400,351625.0,352382.8014135361
20180813090500,351750.0,351840.50488471985
20180813090600,351250.0,351793.75100135803
20180813090700,352000.0,351576.00140571594
20180813090800,352125.0,351757.9975128174
20180813090900,352500.0,352173.8556623459
20180813091000,352750.0,352438.27533721924
20180813091100,352750.0,352749.347448349
20180813091200,352750.0,352864.8648262024
20180813091300,353000.0,352864.8648262024
20180813091400,352750.0,353002.5682449341
20180813091500,351500.0,352980.3469181061
20180813091600,352000.0,352176.15365982056
20180813091700,352750.0,351873.6913204193
20180813091800,352750.0,352518.2112455368
20180813091900,352875.0,352864.8648262024
20180813092000,352750.0,352933.71653556824
20180813092100,352750.0,352922.61028289795
20180813092200,352750.0,352864.8648262024
20180813092300,352875.0,352864.8648262024
20180813092400,352750.0,352933.71653556824
20180813092500,352500.0,352922.61028289795
20180813092600,352375.0,352727.14817523956
20180813092700,352125.0,352542.75703430176
20180813092800,352250.0,352347.2375869751
20180813092900,352250.0,352300.5278110504
20180813093000,352375.0,352358.32619667053
20180813093100,352375.0,352427.19995975494
20180813093200,352750.0,352484.9851131439
20180813093300,352625.0,352691.57552719116
20180813093400,352250.0,352796.0042953491
20180813093500,352250.0,352531.6596031189
20180813093600,352375.0,352358.32619667053
20180813093700,352125.0,352427.19995975494
20180813093800,352125.0,352347.2375869751
20180813093900,351625.0,352231.6584587097
20180813094000,351375.0,351956.12812042236
20180813094100,350625.0,351587.0679616928
20180813094200,350750.0,351057.95073509216
20180813094300,351375.0,350779.6195745468
20180813094400,351250.0,351182.0514202118
20180813094500,351250.0,351402.4827480316
20180813094600,351250.0,351344.63143348694
20180813094700,351375.0,351344.63143348694
20180813094800,351375.0,351413.5272502899
20180813094900,351250.0,351471.3829755783
20180813095000,351125.0,351402.4827480316
20180813095100,351125.0,351275.7223844528
20180813095200,351250.0,351217.8666591644
20180813095300,351000.0,351286.7624759674
20180813095400,350875.0,351206.8221569061
20180813095500,350750.0,351022.17960357666
20180813095600,350750.0,350895.3971862793
20180813095700,350375.0,350837.5105857849
20180813095800,350375.0,350630.761384964
20180813095900,350250.0,350457.0662975311
20180813100000,350250.0,350388.14401626587
20180813100100,350750.0,350330.2309513092
20180813100200,350625.0,350605.9024333954
20180813100300,350750.0,350768.5971260071
20180813100400,350750.0,350779.6195745468
20180813100500,350750.0,350837.5105857849
20180813100600,350625.0,350837.5105857849
20180813100700,350750.0,350768.5971260071
20180813100800,350250.0,350779.6195745468
20180813100900,350375.0,350561.83910369873
20180813101000,350500.00000000006,350399.14882183075
20180813101100,350750.0,350525.97975730896
20180813101200,350750.0,350721.7153310776
20180813101300,350625.0,350837.5105857849
20180813101400,350250.0,350768.5971260071
20180813101500,350375.0,350503.9436817169
20180813101600,350375.0,350399.14882183075
20180813101700,350375.0,350457.0662975311
20180813101800,350250.0,350457.0662975311
20180813101900,350250.0,350388.14401626587
20180813102000,350375.0,350330.2309513092
20180813102100,350375.0,350399.14882183075
20180813102200,350250.0,350457.0662975311
20180813102300,350125.00000000006,350388.14401626587
20180813102400,350125.00000000006,350261.30867004395
20180813102500,350125.00000000006,350203.39119434357
20180813102600,350250.0,350203.39119434357
20180813102700,350375.0,350272.3090648651
20180813102800,350375.0,350399.14882183075
20180813102900,350250.0,350457.0662975311
20180813103000,350500.00000000006,350388.14401626587
20180813103100,350375.0,350468.0666923523
20180813103200,350125.00000000006,350514.97054100037
20180813103300,350250.0,350319.2217350006
20180813103400,350250.0,350272.3090648651
20180813103500,350250.0,350330.2309513092
20180813103600,350250.0,350330.2309513092
20180813103700,350375.0,350330.2309513092
20180813103800,350250.0,350399.14882183075
20180813103900,350250.0,350388.14401626587
20180813104000,350375.0,350330.2309513092
20180813104100,350250.0,350399.14882183075
20180813104200,350250.0,350388.14401626587
20180813104300,350250.0,350330.2309513092
20180813104400,349250.0,350330.2309513092
20180813104500,348250.0,349778.8174152374
20180813104600,348125.0,348763.87000083923
20180813104700,348500.0,348231.08744621277
20180813104800,348375.0,348379.8485994339
20180813104900,348250.0,348484.93897914886
20180813105000,348125.0,348358.0154180527
20180813105100,347875.0,348231.08744621277
20180813105200,347875.0,348035.2416038513
20180813105300,347750.0,347919.2214012146
20180813105400,347750.0,347850.30794143677
20180813105500,347750.0,347792.289018631
20180813105600,347875.0,347792.289018631
20180813105700,347750.0,347861.2024784088
20180813105800,347000.0,347850.30794143677
20180813105900,346750.0,347378.808259964
20180813110000,346625.0,346892.8678035736
20180813110100,346750.0,346707.90326595306
20180813110200,346875.0,346718.74928474426
20180813110300,346375.0,346845.6904888153
20180813110400,346125.0,346628.1570196152
20180813110500,346250.0,346258.2367658615
20180813110600,346250.0,346211.0197544098
20180813110700,346125.0,346269.0739631653
20180813110800,346250.0,346200.19578933716
20180813110900,346250.0,346211.0197544098
20180813111000,346375.0,346269.0739631653
20180813111100,346500.0,346337.943315506
20180813111200,346375.0,346464.8756980896
20180813111300,346250.0,346454.04291152954
20180813111400,346250.0,346327.11493968964
20180813111500,346375.0,346269.0739631653
20180813111600,346375.0,346337.943315506
20180813111700,346000.0,346395.99311351776
20180813111800,345750.0,346189.3630027771
20180813111900,346125.0,345877.4881362915
20180813112000,346125.0,345967.96572208405
20180813112100,346250.0,346142.14158058167
20180813112200,346000.0,346211.0197544098
20180813112300,346375.0,346131.32202625275
20180813112400,346125.0,346221.834897995
20180813112500,346250.0,346258.2367658615
20180813112600,346250.0,346211.0197544098
20180813112700,346250.0,346269.0739631653
20180813112800,346375.0,346269.0739631653
20180813112900,346500.0,346337.943315506
20180813113000,346375.0,346464.8756980896
20180813113100,346250.0,346454.04291152954
20180813113200,346250.0,346327.11493968964
20180813113300,346250.0,346269.0739631653
20180813113400,346375.0,346269.0739631653
20180813113500,346375.0,346337.943315506
20180813113600,346500.0,346395.99311351776
20180813113700,346375.0,346464.8756980896
20180813113800,346250.0,346454.04291152954
20180813113900,346500.0,346327.11493968964
20180813114000,346375.0,346406.8259000778
20180813114100,346375.0,346454.04291152954
20180813114200,346250.0,346395.99311351776
20180813114300,346375.0,346327.11493968964
20180813114400,346125.0,346337.943315506
20180813114500,346250.0,346258.2367658615
20180813114600,346375.0,346211.0197544098
20180813114700,346375.0,346337.943315506
20180813114800,346125.0,346395.99311351776
20180813114900,346250.0,346258.2367658615
20180813115000,346125.0,346211.0197544098
20180813115100,345875.00000000006,346200.19578933716
20180813115200,345750.0,346004.40287590027
20180813115300,345750.0,345819.4383382797
20180813115400,345750.0,345761.38854026794
20180813115500,345750.0,345761.38854026794
20180813115600,345875.00000000006,345761.38854026794
20180813115700,345750.0,345830.2446603775
20180813115800,345875.00000000006,345819.4383382797
20180813115900,345875.00000000006,345830.2446603775
20180813120000,345750.0,345888.3032798767
20180813120100,345750.0,345819.4383382797
20180813120200,345875.00000000006,345761.38854026794
20180813120300,345875.00000000006,345830.2446603775
20180813120400,345875.00000000006,345888.3032798767
20180813120500,345625.0,345888.3032798767
20180813120600,345750.0,345750.58221817017
20180813120700,345875.00000000006,345703.32330465317
20180813120800,346000.0,345830.2446603775
20180813120900,346250.0,345957.16381073
20180813121000,346250.0,346152.95672416687
20180813121100,346375.0,346269.0739631653
20180813121200,346250.0,346337.943315506
20180813121300,346250.0,346327.11493968964
20180813121400,346250.0,346269.0739631653
20180813121500,345875.00000000006,346269.0739631653
20180813121600,345750.0,346062.44826316833
20180813121700,345750.0,345819.4383382797
20180813121800,345875.00000000006,345761.38854026794
20180813121900,345875.00000000006,345830.2446603775
20180813122000,346000.0,345888.3032798767
20180813122100,346250.0,345957.16381073
20180813122200,346125.0,346152.95672416687
20180813122300,346125.0,346200.19578933716
20180813122400,345875.00000000006,346142.14158058167
20180813122500,345875.00000000006,346004.40287590027
20180813122600,345750.0,345888.3032798767
20180813122700,345750.0,345819.4383382797
20180813122800,345750.0,345761.38854026794
20180813122900,345875.00000000006,345761.38854026794
20180813123000,345875.00000000006,345830.2446603775
20180813123100,345625.0,345888.3032798767
20180813123200,345750.0,345750.58221817017
20180813123300,345500.00000000006,345703.32330465317
20180813123400,345250.0,345623.674094677
20180813123500,344749.99999999994,345369.87549066544
20180813123600,344250.0,344978.45286130905
20180813123700,344500.0,344471.0364937782
20180813123800,344250.0,344376.4083981514
20180813123900,344500.0,344354.9413084984
20180813124000,344749.99999999994,344376.4083981514
20180813124100,344375.0,344630.1231980324
20180813124200,344250.0,344539.8308634758
20180813124300,344250.0,344296.88930511475
20180813124400,344375.0,344238.83950710297
20180813124500,344375.0,344307.62284994125
20180813124600,344375.0,344365.67705869675
20180813124700,344250.0,344365.67705869675
20180813124800,344250.0,344296.88930511475
20180813124900,344125.0,344238.83950710297
20180813125000,344250.0,344170.0561642647
20180813125100,344375.0,344180.7830929756
20180813125200,344375.0,344307.62284994125
20180813125300,344375.0,344365.67705869675
20180813125400,344250.0,344365.67705869675
20180813125500,344375.0,344296.88930511475
20180813125600,344375.0,344307.62284994125
20180813125700,344749.99999999994,344365.67705869675
20180813125800,344749.99999999994,344572.0623731613
20180813125900,344749.99999999994,344746.24705314636
20180813130000,345000.0,344746.24705314636
20180813130100,345250.0,344883.87328386307
20180813130200,345375.0,345137.6454234123
20180813130300,345124.99999999994,345322.60555028915
20180813130400,345000.0,345242.99162626266
20180813130500,344625.0,345058.0535531044
20180813130600,345000.0,344793.54125261307
20180813130700,345250.0,344825.80584287643
20180813130800,345375.0,345137.6454234123
20180813130900,345375.0,345322.60555028915
20180813131000,345375.0,345380.66416978836
20180813131100,345375.0,345380.66416978836
20180813131200,345250.0,345380.66416978836
20180813131300,345250.0,345311.83010339737
20180813131400,345250.0,345253.77148389816
20180813131500,345250.0,345253.77148389816
20180813131600,345375.0,345253.77148389816
20180813131700,345375.0,345322.60555028915
20180813131800,345250.0,345380.66416978836
20180813131900,345375.0,345311.83010339737
20180813132000,345375.0,345322.60555028915
20180813132100,345250.0,345380.66416978836
20180813132200,345375.0,345311.83010339737
20180813132300,345500.00000000006,345322.60555028915
20180813132400,345250.0,345449.5070576668
20180813132500,345250.0,345369.87549066544
20180813132600,345375.0,345253.77148389816
20180813132700,345250.0,345322.60555028915
20180813132800,345375.0,345311.83010339737
20180813132900,345250.0,345322.60555028915
20180813133000,345124.99999999994,345311.83010339737
20180813133100,345375.0,345184.9374175072
20180813133200,345250.0,345264.54252004623
20180813133300,345375.0,345311.83010339737
20180813133400,345250.0,345322.60555028915
20180813133500,345250.0,345311.83010339737
20180813133600,345250.0,345253.77148389816
20180813133700,345375.0,345253.77148389816
20180813133800,345375.0,345322.60555028915
20180813133900,345875.00000000006,345380.66416978836
20180813134000,346250.0,345656.0489535332
20180813134100,346500.0,346094.9025154114
20180813134200,346750.0,346406.8259000778
20180813134300,346750.0,346660.69507598877
20180813134400,346750.0,346776.7946720123
20180813134500,346875.0,346776.7946720123
20180813134600,347000.0,346845.6904888153
20180813134700,347000.0,346972.62728214264
20180813134800,346875.0,347030.668258667
20180813134900,347375.0,346961.7680311203
20180813135000,347125.0,347179.323554039
20180813135100,347375.0,347273.66495132446
20180813135200,347250.0,347295.4099178314
20180813135300,347375.0,347342.56958961487
20180813135400,347250.0,347353.44648361206
20180813135500,347375.0,347342.56958961487
20180813135600,347375.0,347353.44648361206
20180813135700,347375.0,347411.4830493927
20180813135800,347125.0,347411.4830493927
20180813135900,346625.0,347273.66495132446
20180813140000,346875.0,346882.00414180756
20180813140100,346625.0,346787.6362800598
20180813140200,347125.0,346765.9442424774
20180813140300,347875.0,346925.42350292206
20180813140400,348000.0,347571.03729248047
20180813140500,347875.0,347988.13927173615
20180813140600,347875.0,347977.2359132767
20180813140700,347875.0,347919.2214012146
20180813140800,347875.0,347919.2214012146
20180813140900,347750.0,347919.2214012146
20180813141000,347875.0,347850.30794143677
20180813141100,347875.0,347861.2024784088
20180813141200,347875.0,347919.2214012146
20180813141300,347875.0,347919.2214012146
20180813141400,348000.0,347919.2214012146
20180813141500,347750.0,347988.13927173615
20180813141600,347875.0,347908.3180427551
20180813141700,347875.0,347861.2024784088
20180813141800,347875.0,347919.2214012146
20180813141900,347875.0,347919.2214012146
20180813142000,347750.0,347919.2214012146
20180813142100,348000.0,347850.30794143677
20180813142200,347875.0,347930.11593818665
20180813142300,347875.0,347977.2359132767
20180813142400,348000.0,347919.2214012146
20180813142500,347875.0,347988.13927173615
20180813142600,347750.0,347977.2359132767
20180813142700,347875.0,347850.30794143677
20180813142800,347875.0,347861.2024784088
20180813142900,347875.0,347919.2214012146
20180813143000,347875.0,347919.2214012146
20180813143100,347750.0,347919.2214012146
20180813143200,348000.0,347850.30794143677
20180813143300,348375.0,347930.11593818665
20180813143400,348250.0,348252.91180610657
20180813143500,348000.0,348358.0154180527
20180813143600,347875.0,348162.1651649475
20180813143700,347875.0,347977.2359132767
20180813143800,347750.0,347919.2214012146
20180813143900,347625.0,347850.30794143677
20180813144000,347875.0,347723.37114810944
20180813144100,347875.0,347803.1791448593
20180813144200,348250.0,347919.2214012146
20180813144300,347500.0,348125.9706020355
20180813144400,347375.0,347886.4760398865
20180813144500,347250.0,347469.5063829422
20180813144600,347625.0,347342.56958961487
20180813144700,347875.0,347491.2601709366
20180813144800,347875.0,347803.1791448593
20180813144900,348000.0,347919.2214012146
20180813145000,347875.0,347988.13927173615
20180813145100,348000.0,347977.2359132767
20180813145200,347625.0,347988.13927173615
20180813145300,347625.0,347839.39576148987
20180813145400,347250.0,347665.34781455994
20180813145500,347375.0,347458.61184597015
20180813145600,347125.0,347353.44648361206
20180813145700,347375.0,347273.66495132446
20180813145800,347375.0,347295.4099178314
20180813145900,347625.0,347411.4830493927
20180813150000,347500.0,347549.2967367172
20180813150100,347750.0,347596.4343547821
20180813150200,347625.0,347676.23794078827
20180813150300,347375.0,347723.37114810944
20180813150400,347375.0,347527.5297164917
20180813150500,347500.0,347411.4830493927
20180813150600,348375.0,347480.3876876831
20180813150700,348500.0,348020.8008289337
20180813150800,348375.0,348495.8643913269
20180813150900,348250.0,348484.93897914886
20180813151000,348125.0,348358.0154180527
20180813151100,348125.0,348231.08744621277
20180813151200,348125.0,348173.08616638184
20180813151300,348375.0,348173.08616638184
20180813151400,348375.0,348310.93072891235
20180813151500,348250.0,348426.9332885742
20180813151600,348250.0,348358.0154180527
20180813151700,348250.0,348300.009727478
20180813151800,348125.0,348300.009727478
20180813151900,348250.0,348231.08744621277
20180813153000,349000.0,348242.0084476471
20180814090000,347750.0,348713.5434150696
20180814090100,347500.0,348372.2091913223
20180814090200,347500.0,347654.4532775879
20180814090300,347250.0,347538.4154319763
20180814090400,347500.0,347400.5973339081
20180814090500,347375.0,347422.35112190247
20180814090600,346500.0,347469.5063829422
20180814090700,345500.00000000006,346929.14175987244
20180814090800,346250.0,345971.9045162201
20180814090900,345875.00000000006,345920.69578170776
20180814091000,346000.0,346062.44826316833
20180814091100,345750.0,345957.16381073
20180814091200,345750.0,345877.4881362915
20180814091300,345500.00000000006,345761.38854026794
20180814091400,345124.99999999994,345623.674094677
20180814091500,345124.99999999994,345301.04142427444
20180814091600,345875.00000000006,345126.87879800797
20180814091700,345500.00000000006,345539.9052500725
20180814091800,345250.0,345681.71948194504
20180814091900,345625.0,345369.87549066544
20180814092000,345500.00000000006,345460.2869153023
20180814092100,345250.0,345565.6198859215
20180814092200,345124.99999999994,345369.87549066544
20180814092300,344625.0,345184.9374175072
20180814092400,344125.0,344851.5844345093
20180814092500,344125.0,344344.1967368126
20180814092600,344250.0,344112.00857162476
20180814092700,344625.0,344180.7830929756
20180814092800,344625.0,344445.1961517334
20180814092900,344625.0,344619.3830370903
20180814093000,344375.0,344619.3830370903
20180814093100,344250.0,344481.781065464
20180814093200,344250.0,344296.88930511475
20180814093300,344749.99999999994,344238.83950710297
20180814093400,344749.99999999994,344513.99052143097
20180814093500,344625.0,344746.24705314636
20180814093600,344625.0,344677.4372458458
20180814093700,344375.0,344619.3830370903
20180814093800,344250.0,344481.781065464
20180814093900,344125.0,344296.88930511475
20180814094000,344000.0,344170.0561642647
20180814094100,344000.0,344043.2340502739
20180814094200,343875.0,343985.1842522621
20180814094300,343750.0,343916.4163470268
20180814094400,343500.0,343789.6118760109
20180814094500,343625.0,343594.07037496567
20180814094600,343375.0,343546.7232465744
20180814094700,343250.0,343467.292368412
20180814094800,343250.0,343282.49102830887
20180814094900,343375.0,343224.4544625282
20180814095000,343250.0,343293.1760549545
20180814095100,343250.0,343282.49102830887
20180814095200,343875.0,343224.4544625282
20180814095300,343125.0,343568.08668375015
20180814095400,343125.0,343445.88923454285
20180814095500,343250.0,343097.7051258087
20180814095600,343125.0,343166.4178967476
20180814095700,343125.0,343155.7438969612
20180814095800,343125.0,343097.7051258087
20180814095900,343250.0,343097.7051258087
20180814100000,343625.0,343166.4178967476
20180814100100,344000.0,343430.6192398071
20180814100200,344000.0,343811.0128045082
20180814100300,343625.0,343985.1842522621
20180814100400,343750.0,343778.9025902748
20180814100500,343750.0,343673.51669073105
20180814100600,343625.0,343731.5664887428
20180814100700,343625.0,343662.8162264824
20180814100800,343750.0,343604.7730445862
20180814100900,343625.0,343673.51669073105
20180814101000,343625.0,343662.8162264824
20180814101100,343500.0,343604.7730445862
20180814101200,343625.0,343536.0316038132
20180814101300,343375.0,343546.7232465744
20180814101400,343125.0,343467.292368412
20180814101500,343250.0,343213.77605199814
20180814101600,343375.0,343166.4178967476
20180814101700,343500.0,343293.1760549545
20180814101800,343750.0,343419.9430346489
20180814101900,343500.0,343615.46248197556
20180814102000,343125.0,343594.07037496567
20180814102100,343375.0,343271.8104124069
20180814102200,343500.0,343235.1240515709
20180814102300,343250.0,343419.9430346489
20180814102400,343375.0,343340.52979946136
20180814102500,343625.0,343293.1760549545
20180814102600,343500.0,343488.67124319077
20180814102700,343625.0,343536.0316038132
20180814102800,343750.0,343546.7232465744
20180814102900,343250.0,343673.51669073105
20180814103000,343000.0,343456.5963149071
20180814103100,343375.0,343087.0333313942
20180814103200,343500.0,343177.0786643028
20180814103300,343125.0,343419.9430346489
20180814103400,343750.0,343271.8104124069
20180814103500,343250.0,343441.2932395935
20180814103600,343250.0,343456.5963149071
20180814103700,343250.0,343224.4544625282
20180814103800,343125.0,343224.4544625282
20180814103900,343000.0,343155.7438969612
20180814104000,343250.0,343028.9989709854
20180814104100,343125.0,343108.3680987358
20180814104200,343125.0,343155.7438969612
20180814104300,343125.0,343097.7051258087
20180814104400,343125.0,343097.7051258087
20180814104500,343125.0,343097.7051258087
20180814104600,343125.0,343097.7051258087
20180814104700,343125.0,343097.7051258087
20180814104800,343125.0,343097.7051258087
20180814104900,343125.0,343097.7051258087
20180814105000,343250.0,343097.7051258087
20180814105100,343750.0,343166.4178967476
20180814105200,343750.0,343499.34965372086
20180814105300,343625.0,343731.5664887428
20180814105400,344749.99999999994,343662.8162264824
20180814105500,345500.00000000006,344223.6114144325
20180814105600,344625.0,345159.1610312462
20180814105700,344000.0,345025.70074796677
20180814105800,344125.0,344275.40677785873
20180814105900,343750.0,344053.9521574974
20180814110000,343625.0,343905.6982398033
20180814110100,343750.0,343662.8162264824
20180814110200,343750.0,343673.51669073105
20180814110300,344250.0,343731.5664887428
20180814110400,344375.0,344006.59841299057
20180814110500,344000.0,344307.62284994125
20180814110600,343750.0,344159.32482481
20180814110700,343875.0,343847.6594686508
20180814110800,343750.0,343800.3189563751
20180814110900,344125.0,343789.6118760109
20180814111000,344125.0,343937.834918499
20180814111100,343875.0,344112.00857162476
20180814111200,344500.0,343974.4661450386
20180814111300,344250.0,344202.20386981964
20180814111400,343750.0,344354.9413084984
20180814111500,343625.0,343963.73921632767
20180814111600,343875.0,343662.8162264824
20180814111700,344250.0,343742.2647476196
20180814111800,344250.0,344064.65923786163
20180814111900,344125.0,344238.83950710297
20180814112000,344250.0,344170.0561642647
20180814112100,344250.0,344180.7830929756
20180814112200,344250.0,344238.83950710297
20180814112300,344125.0,344238.83950710297
20180814112400,344250.0,344170.0561642647
20180814112500,344125.0,344180.7830929756
20180814112600,344000.0,344170.0561642647
20180814112700,343625.0,344043.2340502739
20180814112800,343625.0,343778.9025902748
20180814112900,343375.0,343604.7730445862
20180814113000,343250.0,343467.292368412
20180814113100,343500.0,343282.49102830887
20180814113200,343500.0,343361.8932366371
20180814113300,343500.0,343477.98842191696
20180814113400,343250.0,343477.98842191696
20180814113500,343125.0,343340.52979946136
20180814113600,343375.0,343155.7438969612
20180814113700,343875.0,343235.1240515709
20180814113800,343250.0,343626.1497139931
20180814113900,343250.0,343514.6240592003
20180814114000,343250.0,343224.4544625282
20180814114100,343125.0,343224.4544625282
20180814114200,343250.0,343155.7438969612
20180814114300,343125.0,343166.4178967476
20180814114400,343125.0,343155.7438969612
20180814114500,343250.0,343097.7051258087
20180814114600,343125.0,343166.4178967476
20180814114700,343250.0,343155.7438969612
20180814114800,343125.0,343166.4178967476
20180814114900,343250.0,343155.7438969612
20180814115000,343250.0,343166.4178967476
20180814115100,342875.0,343224.4544625282
20180814115200,342875.0,343018.3271765709
20180814115300,342750.0,342844.23953294754
20180814115400,342750.0,342775.55322647095
20180814115500,342625.0,342717.52548217773
20180814115600,342750.0,342648.84799718857
20180814115700,343500.0,342659.49112176895
20180814115800,343250.0,343129.68081235886
20180814115900,343125.0,343340.52979946136
20180814120000,342875.0,343155.7438969612
20180814120100,342875.0,342960.2972269058
20180814120200,342750.0,342844.23953294754
20180814120300,343125.0,342775.55322647095
20180814120400,343125.0,342923.5844016075
20180814120500,343125.0,343097.7051258087
20180814120600,343000.0,343097.7051258087
20180814120700,342750.0,343028.9989709854
20180814120800,342750.0,342833.58097076416
20180814120900,342625.0,342717.52548217773
20180814121000,342750.0,342648.84799718857
20180814121100,342750.0,342659.49112176895
20180814121200,343000.0,342717.52548217773
20180814121300,343750.0,342854.89147901535
20180814121400,343625.0,343383.23241472244
20180814121500,343500.0,343662.8162264824
20180814121600,343750.0,343536.0316038132
20180814121700,343500.0,343615.46248197556
20180814121800,343250.0,343594.07037496567
20180814121900,343250.0,343340.52979946136
20180814122000,343500.0,343224.4544625282
20180814122100,343500.0,343361.8932366371
20180814122200,343250.0,343477.98842191696
20180814122300,342875.0,343340.52979946136
20180814122400,343000.0,343018.3271765709
20180814122500,343125.0,342912.928044796
20180814122600,342750.0,343039.6663546562
20180814122700,342875.0,342891.6065096855
20180814122800,342625.0,342786.2073779106
20180814122900,342750.0,342706.8735361099
20180814123000,342875.0,342659.49112176895
20180814123100,342750.0,342786.2073779106
20180814123200,343125.0,342775.55322647095
20180814123300,342875.0,342923.5844016075
20180814123400,343125.0,342960.2972269058
20180814123500,343250.0,342981.62537813187
20180814123600,343375.0,343166.4178967476
20180814123700,343250.0,343293.1760549545
20180814123800,343250.0,343282.49102830887
20180814123900,343375.0,343224.4544625282
20180814124000,343250.0,343293.1760549545
20180814124100,343250.0,343282.49102830887
20180814124200,343250.0,343224.4544625282
20180814124300,343250.0,343224.4544625282
20180814124400,343250.0,343224.4544625282
20180814124500,343250.0,343224.4544625282
20180814124600,343250.0,343224.4544625282
20180814124700,343125.0,343224.4544625282
20180814124800,343375.0,343155.7438969612
20180814124900,343500.0,343235.1240515709
20180814125000,343250.0,343419.9430346489
20180814125100,343375.0,343340.52979946136
20180814125200,343250.0,343293.1760549545
20180814125300,342875.0,343282.49102830887
20180814125400,343000.0,343018.3271765709
20180814125500,342875.0,342912.928044796
20180814125600,342625.0,342902.27168798447
20180814125700,342625.0,342706.8735361099
20180814125800,342750.0,342590.82466363907
20180814125900,342625.0,342659.49112176895
20180814130000,342625.0,342648.84799718857
20180814130100,342750.0,342590.82466363907
20180814130200,342750.0,342659.49112176895
20180814130300,343125.0,342717.52548217773
20180814130400,343750.0,342923.5844016075
20180814130500,343250.0,343441.2932395935
20180814130600,343250.0,343456.5963149071
20180814130700,342875.0,343224.4544625282
20180814130800,342500.0,343018.3271765709
20180814130900,342375.0,342638.1938457489
20180814131000,342250.0,342395.4838514328
20180814131100,342250.0,342268.82272958755
20180814131200,342375.0,342210.80380678177
20180814131300,342500.0,342279.4438004494
20180814131400,342625.0,342406.1159491539
20180814131500,342750.0,342532.80133008957
20180814131600,342750.0,342659.49112176895
20180814131700,342625.0,342717.52548217773
20180814131800,342875.0,342648.84799718857
20180814131900,342875.0,342728.17301750183
20180814132000,342875.0,342844.23953294754
20180814132100,342875.0,342844.23953294754
20180814132200,342875.0,342844.23953294754
20180814132300,342750.0,342844.23953294754
20180814132400,342750.0,342775.55322647095
20180814132500,342625.0,342717.52548217773
20180814132600,342750.0,342648.84799718857
20180814132700,342750.0,342659.49112176895
20180814132800,342750.0,342717.52548217773
20180814132900,342625.0,342717.52548217773
20180814133000,342750.0,342648.84799718857
20180814133100,342750.0,342659.49112176895
20180814133200,342750.0,342717.52548217773
20180814133300,342875.0,342717.52548217773
20180814133400,342750.0,342786.2073779106
20180814133500,342625.0,342775.55322647095
20180814133600,342625.0,342648.84799718857
20180814133700,342875.0,342590.82466363907
20180814133800,342750.0,342728.17301750183
20180814133900,342875.0,342775.55322647095
20180814134000,342750.0,342786.2073779106
20180814134100,342625.0,342775.55322647095
20180814134200,342750.0,342648.84799718857
20180814134300,342750.0,342659.49112176895
20180814134400,342750.0,342717.52548217773
20180814134500,342875.0,342717.52548217773
20180814134600,343000.0,342786.2073779106
20180814134700,343125.0,342912.928044796
20180814134800,343125.0,343039.6663546562
20180814134900,343250.0,343097.7051258087
20180814135000,343125.0,343166.4178967476
20180814135100,343375.0,343155.7438969612
20180814135200,343625.0,343235.1240515709
20180814135300,343375.0,343488.67124319077
20180814135400,343625.0,343467.292368412
20180814135500,343750.0,343488.67124319077
20180814135600,343875.0,343673.51669073105
20180814135700,343375.0,343800.3189563751
20180814135800,343250.0,343583.36770534515
20180814135900,343125.0,343282.49102830887
20180814140000,343125.0,343155.7438969612
20180814140100,343250.0,343097.7051258087
20180814140200,343250.0,343166.4178967476
20180814140300,343125.0,343224.4544625282
20180814140400,343250.0,343155.7438969612
20180814140500,343250.0,343166.4178967476
20180814140600,343125.0,343224.4544625282
20180814140700,343250.0,343155.7438969612
20180814140800,343000.0,343166.4178967476
20180814140900,343250.0,343087.0333313942
20180814141000,343125.0,343108.3680987358
20180814141100,343125.0,343155.7438969612
20180814141200,343000.0,343097.7051258087
20180814141300,343125.0,343028.9989709854
20180814141400,343250.0,343039.6663546562
20180814141500,343125.0,343166.4178967476
20180814141600,343250.0,343155.7438969612
20180814141700,343625.0,343166.4178967476
20180814141800,343750.0,343430.6192398071
20180814141900,343875.0,343673.51669073105
20180814142000,344250.0,343800.3189563751
20180814142100,344125.0,344064.65923786163
20180814142200,344125.0,344170.0561642647
20180814142300,344125.0,344112.00857162476
20180814142400,343750.0,344112.00857162476
20180814142500,343625.0,343905.6982398033
20180814142600,343625.0,343662.8162264824
20180814142700,343875.0,343604.7730445862
20180814142800,343500.0,343742.2647476196
20180814142900,343125.0,343652.11135149
20180814143000,343125.0,343271.8104124069
20180814143100,343125.0,343097.7051258087
20180814143200,343125.0,343097.7051258087
20180814143300,343250.0,343097.7051258087
20180814143400,343625.0,343166.4178967476
20180814143500,343375.0,343430.6192398071
20180814143600,343375.0,343467.292368412
20180814143700,343625.0,343351.2104153633
20180814143800,343625.0,343488.67124319077
20180814143900,343750.0,343604.7730445862
20180814144000,344125.0,343673.51669073105
20180814144100,343750.0,343937.834918499
20180814144200,343750.0,343905.6982398033
20180814144300,343750.0,343731.5664887428
20180814144400,343500.0,343731.5664887428
20180814144500,343750.0,343594.07037496567
20180814144600,343625.0,343615.46248197556
20180814144700,343875.0,343662.8162264824
20180814144800,344125.0,343742.2647476196
20180814144900,344125.0,343995.89574337006
20180814145000,344250.0,344112.00857162476
20180814145100,344250.0,344180.7830929756
20180814145200,344500.0,344238.83950710297
20180814145300,344625.0,344376.4083981514
20180814145400,344875.0,344561.3244175911
20180814145500,344749.99999999994,344756.9982409477
20180814145600,344749.99999999994,344804.30567264557
20180814145700,344749.99999999994,344746.24705314636
20180814145800,344875.0,344746.24705314636
20180814145900,345250.0,344815.0590658188
20180814150000,345250.0,345079.5823931694
20180814150100,344875.0,345253.77148389816
20180814150200,344749.99999999994,345047.2781062126
20180814150300,344749.99999999994,344804.30567264557
20180814150400,344375.0,344746.24705314636
20180814150500,344125.0,344539.8308634758
20180814150600,344000.0,344228.10596227646
20180814150700,343750.0,344043.2340502739
20180814150800,343875.0,343847.6594686508
20180814150900,344125.0,343800.3189563751
20180814151000,344250.0,343995.89574337006
20180814151100,344000.0,344180.7830929756
20180814151200,343750.0,344101.2816429138
20180814151300,343625.0,343847.6594686508
20180814151400,343625.0,343662.8162264824
20180814151500,344000.0,343604.7730445862
20180814151600,344125.0,343811.0128045082
20180814151700,343750.0,344053.9521574974
20180814151800,343625.0,343905.6982398033
20180814151900,344125.0,343662.8162264824
20180814153000,344500.0,343879.7718882561
20180814153500,344500.0,344318.3431625366
20180816090000,341000.0,344492.5256371498
20180816090100,339750.0,342567.7564740181
20180816090200,335750.0,340260.19871234894
20180816090300,334875.0,337497.099339962
20180816090400,335250.0,335178.9932847023
20180816090500,334875.0,334979.605615139
20180816090600,335250.0,334949.0171074867
20180816090700,336000.0,334979.605615139
20180816090800,336750.0,335558.70097875595
20180816090900,337125.0,336311.5465641022
20180816091000,337000.0,336861.5001440048
20180816091100,337125.0,336966.5794968605
20180816091200,337125.0,336976.9050478935
20180816091300,336750.0,337034.60639715195
20180816091400,336750.0,336830.55877685547
20180816091500,336375.0,336657.5319170952
20180816091600,336250.00000000006,336453.6541104317
20180816091700,335874.99999999994,336212.82309293747
20180816091800,334250.0,335951.56371593475
20180816091900,333875.0,334897.9340791702
20180816092000,333750.0,333948.8170146942
20180816092100,334000.0,333709.27172899246
20180816092200,334250.0,333786.8523001671
20180816092300,334250.0,334036.59522533417
20180816092400,334375.0,334151.38483047485
20180816092500,333875.0,334218.9375758171
20180816092600,333750.0,334006.1831474304
20180816092700,333750.0,333709.27172899246
20180816092800,334125.0,333651.9342660904
20180816092900,334250.0,333854.3300628662
20180816093000,334125.0,334093.9900279045
20180816093100,334000.0,334083.84972810745
20180816093200,334000.0,333958.946287632
20180816093300,334375.0,333901.57574415207
20180816093400,334250.0,334104.1193008423
20180816093500,334625.0,334208.7884545326
20180816093600,334375.0,334354.0695309639
20180816093700,334375.0,334391.185939312
20180816093800,334375.0,334276.34781599045
20180816093900,334250.0,334276.34781599045
20180816094000,334250.0,334208.7884545326
20180816094100,334125.0,334151.38483047485
20180816094200,334250.0,334083.84972810745
20180816094300,334375.0,334093.9900279045
20180816094400,334250.0,334218.9375758171
20180816094500,334250.0,334208.7884545326
20180816094600,334250.0,334151.38483047485
20180816094700,334125.0,334151.38483047485
20180816094800,334250.0,334083.84972810745
20180816094900,334250.0,334093.9900279045
20180816095000,334125.0,334151.38483047485
20180816095100,334250.0,334083.84972810745
20180816095200,334375.0,334093.9900279045
20180816095300,334250.0,334218.9375758171
20180816095400,334375.0,334208.7884545326
20180816095500,334125.0,334218.9375758171
20180816095600,334250.0,334141.24232530594
20180816095700,334125.0,334093.9900279045
20180816095800,334000.0,334083.84972810745
20180816095900,334250.0,333958.946287632
20180816100000,334250.0,334036.59522533417
20180816100100,334125.0,334151.38483047485
20180816100200,334250.0,334083.84972810745
20180816100300,334250.0,334093.9900279045
20180816100400,334250.0,334151.38483047485
20180816100500,334250.0,334151.38483047485
20180816100600,334125.0,334151.38483047485
20180816100700,334500.0,334083.84972810745
20180816100800,334750.0,334229.07346487045
20180816100900,334625.0,334536.5508198738
20180816101000,334750.0,334583.83399248123
20180816101100,334625.0,334594.0051674843
20180816101200,334375.0,334583.83399248123
20180816101300,334500.0,334391.185939312
20180816101400,334750.0,334343.9204096794
20180816101500,334750.0,334536.5508198738
20180816101600,335250.0,334651.46392583847
20180816101700,336000.0,334922.1027493477
20180816101800,336125.0,335558.70097875595
20180816101900,336375.0,335972.08911180496
20180816102000,336125.0,336165.46934843063
20180816102100,336000.0,336144.9241042137
20180816102200,335874.99999999994,335961.83413267136
20180816102300,335874.99999999994,335836.38375997543
20180816102400,335874.99999999994,335778.7948846817
20180816102500,335375.0,335778.7948846817
20180816102600,335625.0,335507.5539946556
20180816102700,336500.0,335412.9192829132
20180816102800,336375.0,336002.83420085907
20180816102900,336250.00000000006,336338.3705019951
20180816103000,337375.0,336212.82309293747
20180816103100,337375.0,336766.67577028275
20180816103200,337250.0,337286.1422896385
20180816103300,336750.0,337218.08010339737
20180816103400,336625.00000000006,336888.23586702347
20180816103500,337250.0,336589.562356472
20180816103600,337375.0,336871.80584669113
20180816103700,337375.0,337228.41888666153
20180816103800,337625.0,337286.1422896385
20180816103900,338125.0,337422.3019480705
20180816104000,337875.0,337810.3018403053
20180816104100,337125.0,337905.1151871681
20180816104200,337250.0,337380.88726997375
20180816104300,337125.0,337102.64652967453
20180816104400,337000.0,337092.3165678978
20180816104500,337375.0,336966.5794968605
20180816104600,337500.0,337112.96766996384
20180816104700,337375.0,337354.2177081108
20180816104800,337375.0,337343.87451410294
20180816104900,338625.0,337286.1422896385
20180816105000,338625.0,337967.3154950142
20180816105100,337875.0,338545.52870988846
20180816105200,337625.0,338136.2205147743
20180816105300,337875.0,337653.3058285713
20180816105400,337875.0,337674.02970790863
20180816105500,337750.0,337789.57134485245
20180816105600,337250.0,337721.43417596817
20180816105700,336875.0,337391.25031232834
20180816105800,336750.0,336956.2539458275
20180816105900,336625.00000000006,336715.20459651947
20180816110000,336750.0,336589.562356472
20180816110100,336750.0,336599.86144304276
20180816110200,336750.0,336657.5319170952
20180816110300,336750.0,336657.5319170952
20180816110400,336750.0,336657.5319170952
20180816110500,337125.0,336657.5319170952
20180816110600,337250.0,336861.5001440048
20180816110700,337250.0,337102.64652967453
20180816110800,337250.0,337160.3611111641
20180816110900,337000.0,337160.3611111641
20180816111000,336750.0,337024.2830514908
20180816111100,336750.0,336772.8794813156
20180816111200,337500.0,336657.5319170952
20180816111300,337500.0,337065.56099653244
20180816111400,337625.0,337411.9565486908
20180816111500,338000.0,337480.0474047661
20180816111600,337750.0,337742.16026067734
20180816111700,337375.0,337779.19286489487
20180816111800,337125.0,337459.3411684036
20180816111900,337375.0,337150.02673864365
20180816112000,337375.0,337170.6910729408
20180816112100,337375.0,337286.1422896385
20180816112200,337375.0,337286.1422896385
20180816112300,337500.0,337286.1422896385
20180816112400,337250.0,337354.2177081108
20180816112500,337250.0,337275.80350637436
20180816112600,337375.0,337160.3611111641
20180816112700,337125.0,337228.41888666153
20180816112800,337250.0,337150.02673864365
20180816112900,337250.0,337102.64652967453
20180816113000,337250.0,337160.3611111641
20180816113100,337125.0,337160.3611111641
20180816113200,337250.0,337092.3165678978
20180816113300,337125.0,337102.64652967453
20180816113400,337125.0,337092.3165678978
20180816113500,337250.0,337034.60639715195
20180816113600,337250.0,337102.64652967453
20180816113700,337250.0,337160.3611111641
20180816113800,337250.0,337160.3611111641
20180816113900,337375.0,337160.3611111641
20180816114000,337250.0,337228.41888666153
20180816114100,337125.0,337218.08010339737
20180816114200,337250.0,337092.3165678978
20180816114300,337000.0,337102.64652967453
20180816114400,336875.0,337024.2830514908
20180816114500,336875.0,336840.8777117729
20180816114600,336750.0,336783.19400548935
20180816114700,336750.0,336715.20459651947
20180816114800,336625.00000000006,336657.5319170952
20180816114900,336750.0,336589.562356472
20180816115000,336750.0,336599.86144304276
20180816115100,336750.0,336657.5319170952
20180816115200,336750.0,336657.5319170952
20180816115300,336750.0,336657.5319170952
20180816115400,336750.0,336657.5319170952
20180816115500,337000.0,336657.5319170952
20180816115600,337000.0,336793.49970817566
20180816115700,336625.00000000006,336908.8869690895
20180816115800,336375.0,336704.89448308945
20180816115900,336625.00000000006,336396.0123062134
20180816120000,336875.0,336416.5884256363
20180816120100,336375.0,336667.8310036659
20180816120200,336625.00000000006,336511.3003253937
20180816120300,336500.0,336416.5884256363
20180816120400,336625.00000000006,336463.95099163055
20180816120500,336375.0,336474.24125671387
20180816120600,336625.00000000006,336396.0123062134
20180816120700,336875.0,336416.5884256363
20180816120800,337125.0,336667.8310036659
20180816120900,337125.0,336919.1992878914
20180816121000,337000.0,337034.60639715195
20180816121100,336750.0,336966.5794968605
20180816121200,336500.0,336772.8794813156
20180816121300,336500.0,336521.6016173363
20180816121400,336500.0,336406.30036592484
20180816121500,336875.0,336406.30036592484
20180816121600,336750.0,336610.15170812607
20180816121700,336875.0,336715.20459651947
20180816121800,336750.0,336725.5102992058
20180816121900,336750.0,336715.20459651947
20180816122000,336500.0,336657.5319170952
20180816122100,336625.00000000006,336521.6016173363
20180816122200,336875.0,336474.24125671387
20180816122300,336625.00000000006,336667.8310036659
20180816122400,336625.00000000006,336647.2262144089
20180816122500,336750.0,336531.900703907
20180816122600,336750.0,336599.86144304276
20180816122700,336625.00000000006,336657.5319170952
20180816122800,336625.00000000006,336589.562356472
20180816122900,336375.0,336531.900703907
20180816123000,336250.00000000006,336396.0123062134
20180816123100,336250.00000000006,336212.82309293747
20180816123200,336125.0,336155.20334243774
20180816123300,336500.0,336087.31096982956
20180816123400,336500.0,336233.3683371544
20180816123500,336250.00000000006,336406.30036592484
20180816123600,336250.00000000006,336270.4516649246
20180816123700,336125.0,336155.20334243774
20180816123800,336125.0,336087.31096982956
20180816123900,336250.00000000006,336029.70004081726
20180816124000,336375.0,336097.5791811943
20180816124100,336250.00000000006,336223.10012578964
20180816124200,336250.00000000006,336212.82309293747
20180816124300,336875.0,336155.20334243774
20180816124400,336750.0,336494.80414390564
20180816124500,337000.0,336715.20459651947
20180816124600,337625.0,336793.49970817566
20180816124700,337500.0,337249.078810215
20180816124800,337250.0,337469.69759464264
20180816124900,337625.0,337275.80350637436
20180816125000,337750.0,337364.5609021187
20180816125100,337500.0,337605.91238737106
20180816125200,337250.0,337527.4430513382
20180816125300,337500.0,337275.80350637436
20180816125400,337375.0,337296.4854836464
20180816125500,336875.0,337343.87451410294
20180816125600,336875.0,337013.9442682266
20180816125700,336750.0,336783.19400548935
20180816125800,337000.0,336715.20459651947
20180816125900,337250.0,336793.49970817566
20180816130000,337250.0,337044.93194818497
20180816130100,337375.0,337160.3611111641
20180816130200,337250.0,337228.41888666153
20180816130300,337250.0,337218.08010339737
20180816130400,337625.0,337160.3611111641
20180816130500,337750.0,337364.5609021187
20180816130600,337625.0,337605.91238737106
20180816130700,337500.0,337595.55155038834
20180816130800,337250.0,337469.69759464264
20180816130900,337250.0,337275.80350637436
20180816131000,337375.0,337160.3611111641
20180816131100,337500.0,337228.41888666153
20180816131200,337375.0,337354.2177081108
20180816131300,337750.0,337343.87451410294
20180816131400,337750.0,337490.3972148895
20180816131500,337625.0,337663.67107629776
20180816131600,337375.0,337595.55155038834
20180816131700,337875.0,337401.60673856735
20180816131800,337875.0,337558.5035085678
20180816131900,337750.0,337789.57134485245
20180816132000,337750.0,337721.43417596817
20180816132100,337750.0,337663.67107629776
20180816132200,337625.0,337663.67107629776
20180816132300,338000.0,337595.55155038834
20180816132400,338375.0,337742.16026067734
20180816132500,338250.0,338120.01544237137
20180816132600,338375.0,338225.2293229103
20180816132700,338250.0,338235.6276512146
20180816132800,338250.0,338225.2293229103
20180816132900,338625.0,338167.4309372902
20180816133000,338500.0,338372.05415964127
20180816133100,338125.0,338477.29229927063
20180816133200,338250.0,338214.8265838623
20180816133300,338250.0,338109.62814092636
20180816133400,338250.0,338167.4309372902
20180816133500,338375.0,338167.4309372902
20180816133600,338125.0,338235.6276512146
20180816133700,338125.0,338157.03040361404
20180816133800,337875.0,338041.44686460495
20180816133900,337750.0,337905.1151871681
20180816134000,337875.0,337721.43417596817
20180816134100,337625.0,337731.80162906647
20180816134200,337750.0,337653.3058285713
20180816134300,337625.0,337605.91238737106
20180816134400,337750.0,337595.55155038834
20180816134500,337625.0,337605.91238737106
20180816134600,337750.0,337595.55155038834
20180816134700,337625.0,337605.91238737106
20180816134800,337500.0,337595.55155038834
20180816134900,337250.0,337469.69759464264
20180816135000,337500.0,337275.80350637436
20180816135100,337750.0,337296.4854836464
20180816135200,337875.0,337548.15369844437
20180816135300,337625.0,337731.80162906647
20180816135400,337750.0,337653.3058285713
20180816135500,337500.0,337605.91238737106
20180816135600,337375.0,337527.4430513382
20180816135700,337625.0,337343.87451410294
20180816135800,337875.0,337422.3019480705
20180816135900,338000.0,337674.02970790863
20180816140000,338250.0,337857.71733522415
20180816140100,338375.0,338051.83416604996
20180816140200,338750.0,338235.6276512146
20180816140300,338875.0,338498.1110095978
20180816140400,338500.0,338739.88151550293
20180816140500,338250.0,338592.93538331985
20180816140600,338375.0,338283.03653001785
20180816140700,338250.0,338235.6276512146
20180816140800,338500.0,338225.2293229103
20180816140900,338875.0,338303.83759737015
20180816141000,338875.0,338624.1943240166
20180816141100,338625.0,338797.73062467575
20180816141200,338875.0,338661.1872315407
20180816141300,338750.0,338682.03461170197
20180816141400,338875.0,338729.45231199265
20180816141500,338750.0,338739.88151550293
20180816141600,338750.0,338729.45231199265
20180816141700,338750.0,338671.6142296791
20180816141800,338750.0,338671.6142296791
20180816141900,338750.0,338671.6142296791
20180816142000,338750.0,338671.6142296791
20180816142100,338625.0,338671.6142296791
20180816142200,339125.0,338603.35797071457
20180816142300,338875.0,338818.5757994652
20180816142400,339125.0,338913.4178161621
20180816142500,339125.0,338934.2960715294
20180816142600,339250.0,339050.02295970917
20180816142700,339125.0,339118.3343529701
20180816142800,339500.0,339107.8853011131
20180816142900,339500.0,339254.9836039543
20180816143000,339250.0,339428.6412000656
20180816143100,339125.0,339291.95004701614
20180816143200,339000.0,339107.8853011131
20180816143300,339000.0,338981.7159771919
20180816143400,339625.0,338923.86025190353
20180816143500,339750.0,339265.4282450676
20180816143600,339625.0,339623.26967716217
20180816143700,339625.0,339612.79195547104
20180816143800,339875.0,339554.8965334892
20180816143900,339875.0,339691.65164232254
20180816144000,340000.0,339807.46454000473
20180816144100,339750.0,339875.8707642555
20180816144200,340000.0,339796.9757914543
20180816144300,340124.99999999994,339817.95328855515
20180816144400,340124.99999999994,340002.2032856941
20180816144500,340000.0,340060.1251721382
20180816144600,340000.0,339991.7035102844
20180816144700,340250.0,339933.7838292122
20180816144800,340250.0,340070.6293582916
20180816144900,340250.0,340186.4885687828
20180816145000,340124.99999999994,340186.4885687828
20180816145100,340499.99999999994,340118.051469326
20180816145200,340875.00000000006,340265.4408812523
20180816145300,340750.0,340644.70970630646
20180816145400,340750.0,340750.0911951065
20180816145500,340375.0,340692.13622808456
20180816145600,340375.0,340486.67937517166
20180816145700,340250.0,340312.8718137741
20180816145800,339875.0,340244.4192767143
20180816145900,339375.0,339981.1949133873
20180816150000,339250.0,339533.93226861954
20180816150100,339625.0,339234.0766787529
20180816150200,339500.0,339381.2146782875
20180816150300,339125.0,339486.53000593185
20180816150400,339125.0,339223.61439466476
20180816150500,339250.0,339050.02295970917
20180816150600,339375.0,339118.3343529701
20180816150700,339875.0,339244.5345520973
20180816150800,339875.0,339575.8321285248
20180816150900,339625.0,339807.46454000473
20180816151000,339250.0,339670.685172081
20180816151100,339125.0,339349.82120990753
20180816151200,339375.0,339107.8853011131
20180816151300,339250.0,339186.6545677185
20180816151400,339250.0,339234.0766787529
20180816151500,339375.0,339176.20331048965
20180816151600,339250.0,339244.5345520973
20180816151700,339250.0,339234.0766787529
20180816151800,339125.0,339176.20331048965
20180816151900,338750.0,339107.8853011131
20180816153000,339500.0,338845.13288736343
20180816153500,339500.0,339081.3326239586
20180817090000,339750.0,339428.6412000656
20180817090100,337750.0,339565.3676390648
20180817090200,336625.00000000006,338588.0284309387
20180817090300,336500.0,337050.94158649445
20180817090400,337000.0,336463.95099163055
20180817090500,338500.0,336678.12567949295
20180817090600,339500.0,337725.74788331985
20180817090700,338000.0,338965.5704498291
20180817090800,337875.0,338608.9618206024
20180817090900,338000.0,337847.3410606384
20180817091000,337875.0,337857.71733522415
20180817091100,338000.0,337847.3410606384
20180817091200,338000.0,337857.71733522415
20180817091300,338750.0,337915.4936671257
20180817091400,339125.0,338324.61220026016
20180817091500,339250.0,338876.4359354973
20180817091600,339000.0,339118.3343529701
20180817091700,338875.0,339039.5717024803
20180817091800,339250.0,338855.573117733
20180817091900,339875.0,339002.5942325592
20180817092000,340250.0,339517.9256796837
20180817092100,341000.0,340012.6986503601
20180817092200,341000.0,340597.2611308098
20180817092300,340750.0,340945.074737072
20180817092400,340750.0,340808.04616212845
20180817092500,341000.0,340692.13622808456
20180817092600,340875.00000000006,340829.1405439377
20180817092700,341000.0,340876.55383348465
20180817092800,340750.0,340887.10874319077
20180817092900,341000.0,340808.04616212845
20180817093000,340375.0,340829.1405439377
20180817093100,339750.0,340602.5496125221
20180817093200,339250.0,339970.6841111183
20180817093300,340000.0,339407.6923727989
20180817093400,339500.0,339586.29220724106
20180817093500,339625.0,339660.1942181587
20180817093600,339500.0,339497.0011115074
20180817093700,339250.0,339486.53000593185
20180817093800,339000.0,339291.95004701614
20180817093900,338250.0,339039.5717024803
20180817094000,338250.0,338514.2565369606
20180817094100,338375.0,338167.4309372902
20180817094200,338250.0,338235.6276512146
20180817094300,338250.0,338225.2293229103
20180817094400,338250.0,338167.4309372902
20180817094500,338375.0,338167.4309372902
20180817094600,338250.0,338235.6276512146
20180817094700,338875.0,338225.2293229103
20180817094800,338750.0,338508.5137486458
20180817094900,339250.0,338729.45231199265
20180817095000,339375.0,338944.72748041153
20180817095100,339250.0,339244.5345520973
20180817095200,339250.0,339234.0766787529
20180817095300,339250.0,339176.20331048965
20180817095400,339250.0,339176.20331048965
20180817095500,339375.0,339176.20331048965
20180817095600,339125.0,339244.5345520973
20180817095700,338875.0,339165.74543714523
20180817095800,339250.0,338913.4178161621
20180817095900,339375.0,339002.5942325592
20180817100000,339250.0,339244.5345520973
20180817100100,339375.0,339234.0766787529
20180817100200,339250.0,339244.5345520973
20180817100300,339250.0,339234.0766787529
20180817100400,339125.0,339176.20331048965
20180817100500,339250.0,339107.8853011131
20180817100600,339250.0,339118.3343529701
20180817100700,339250.0,339176.20331048965
20180817100800,339250.0,339176.20331048965
20180817100900,339375.0,339176.20331048965
20180817101000,339375.0,339244.5345520973
20180817101100,339375.0,339302.40792036057
20180817101200,339875.0,339302.40792036057
20180817101300,340750.0,339575.8321285248
20180817101400,340250.0,340286.4404320717
20180817101500,340375.0,340418.209195137
20180817101600,340875.00000000006,340254.9300789833
20180817101700,340875.00000000006,340586.7415070534
20180817101800,340625.0,340818.59666109085
20180817101900,340750.0,340681.5901398659
20180817102000,340750.0,340634.1812610626
20180817102100,340875.00000000006,340692.13622808456
20180817102200,340750.0,340760.6328725815
20180817102300,340875.00000000006,340750.0911951065
20180817102400,341000.0,340760.6328725815
20180817102500,340750.0,340887.10874319077
20180817102600,340875.00000000006,340808.04616212845
20180817102700,340499.99999999994,340760.6328725815
20180817102800,340250.0,340613.0979061127
20180817102900,340499.99999999994,340302.3521900177
20180817103000,340375.0,340323.3870267868
20180817103100,340250.0,340370.80693244934
20180817103200,340250.0,340244.4192767143
20180817103300,340250.0,340186.4885687828
20180817103400,340375.0,340186.4885687828
20180817103500,340250.0,340254.9300789833
20180817103600,340375.0,340244.4192767143
20180817103700,340250.0,340254.9300789833
20180817103800,340250.0,340244.4192767143
20180817103900,340375.0,340186.4885687828
20180817104000,340375.0,340254.9300789833
20180817104100,340375.0,340312.8718137741
20180817104200,340375.0,340312.8718137741
20180817104300,340250.0,340312.8718137741
20180817104400,340250.0,340244.4192767143
20180817104500,339875.0,340186.4885687828
20180817104600,339875.0,339981.1949133873
20180817104700,339875.0,339807.46454000473
20180817104800,339875.0,339807.46454000473
20180817104900,340000.0,339807.46454000473
20180817105000,339750.0,339875.8707642555
20180817105100,339875.0,339796.9757914543
20180817105200,339875.0,339749.5558857918
20180817105300,339875.0,339807.46454000473
20180817105400,339875.0,339807.46454000473
20180817105500,339875.0,339807.46454000473
20180817105600,339750.0,339807.46454000473
20180817105700,339750.0,339739.07375335693
20180817105800,339875.0,339681.17171525955
20180817105900,339625.0,339749.5558857918
20180817110000,339750.0,339670.685172081
20180817110100,339750.0,339623.26967716217
20180817110200,339875.0,339681.17171525955
20180817110300,339875.0,339749.5558857918
20180817110400,339750.0,339807.46454000473
20180817110500,339750.0,339739.07375335693
20180817110600,339875.0,339681.17171525955
20180817110700,339875.0,339749.5558857918
20180817110800,339875.0,339807.46454000473
20180817110900,339875.0,339807.46454000473
20180817111000,339875.0,339807.46454000473
20180817111100,339750.0,339807.46454000473
20180817111200,339750.0,339739.07375335693
20180817111300,340000.0,339681.17171525955
20180817111400,339875.0,339817.95328855515
20180817111500,339875.0,339865.3776049614
20180817111600,339875.0,339807.46454000473
20180817111700,339875.0,339807.46454000473
20180817111800,339875.0,339807.46454000473
20180817111900,339750.0,339807.46454000473
20180817112000,339875.0,339739.07375335693
20180817112100,339875.0,339749.5558857918
20180817112200,339875.0,339807.46454000473
20180817112300,339875.0,339807.46454000473
20180817112400,339875.0,339807.46454000473
20180817112500,340000.0,339807.46454000473
20180817112600,339875.0,339875.8707642555
20180817112700,339875.0,339865.3776049614
20180817112800,339750.0,339807.46454000473
20180817112900,339875.0,339739.07375335693
20180817113000,340250.0,339749.5558857918
20180817113100,340750.0,340012.6986503601
20180817113200,341000.0,340460.3119492531
20180817113300,341125.0,340829.1405439377
20180817113400,341250.00000000006,341013.60005140305
20180817113500,341250.00000000006,341140.1090025902
20180817113600,341375.0,341198.08822870255
20180817113700,341375.0,341266.63559675217
20180817113800,341375.0,341324.61923360825
20180817113900,341250.00000000006,341324.61923360825
20180817114000,341375.0,341256.0674548149
20180817114100,341250.00000000006,341266.63559675217
20180817114200,341500.0,341256.0674548149
20180817114300,341375.0,341335.1873755455
20180817114400,341375.0,341382.6028704643
20180817114500,341125.0,341324.61923360825
20180817114600,341375.0,341187.5156760216
20180817114700,341500.0,341208.6563706398
20180817114800,341250.00000000006,341393.179833889
20180817114900,341375.0,341314.04227018356
20180817115000,341375.0,341266.63559675217
20180817115100,341250.00000000006,341324.61923360825
20180817115200,341375.0,341256.0674548149
20180817115300,341375.0,341266.63559675217
20180817115400,341250.00000000006,341324.61923360825
20180817115500,341250.00000000006,341256.0674548149
20180817115600,341250.00000000006,341198.08822870255
20180817115700,341250.00000000006,341198.08822870255
20180817115800,341250.00000000006,341198.08822870255
20180817115900,341125.0,341198.08822870255
20180817120000,341375.0,341129.5474767685
20180817120100,341375.0,341208.6563706398
20180817120200,341250.00000000006,341324.61923360825
20180817120300,341375.0,341256.0674548149
20180817120400,341500.0,341266.63559675217
20180817120500,341250.00000000006,341393.179833889
20180817120600,341250.00000000006,341314.04227018356
20180817120700,341250.00000000006,341198.08822870255
20180817120800,341375.0,341198.08822870255
20180817120900,341250.00000000006,341266.63559675217
20180817121000,341375.0,341256.0674548149
20180817121100,341375.0,341266.63559675217
20180817121200,341375.0,341324.61923360825
20180817121300,341500.0,341324.61923360825
20180817121400,341875.0,341393.179833889
20180817121500,341875.0,341656.90702199936
20180817121600,342000.0,341830.9174776077
20180817121700,341875.0,341899.5243906975
20180817121800,341875.0,341888.9165520668
20180817121900,341750.0,341830.9174776077
20180817122000,342125.0,341762.3149752617
20180817122100,342250.0,341910.1234078407
20180817122200,342250.0,342152.7892947197
20180817122300,342375.0,342210.80380678177
20180817122400,342250.0,342279.4438004494
20180817122500,342375.0,342268.82272958755
20180817122600,342375.0,342279.4438004494
20180817122700,342375.0,342337.46713399887
20180817122800,342500.0,342337.46713399887
20180817122900,342375.0,342406.1159491539
20180817123000,342250.0,342395.4838514328
20180817123100,342375.0,342268.82272958755
20180817123200,342375.0,342279.4438004494
20180817123300,342250.0,342337.46713399887
20180817123400,342250.0,342268.82272958755
20180817123500,342375.0,342210.80380678177
20180817123600,342250.0,342279.4438004494
20180817123700,342375.0,342268.82272958755
20180817123800,342375.0,342279.4438004494
20180817123900,342375.0,342337.46713399887
20180817124000,342250.0,342337.46713399887
20180817124100,342375.0,342268.82272958755
20180817124200,342375.0,342279.4438004494
20180817124300,342250.0,342337.46713399887
20180817124400,342250.0,342268.82272958755
20180817124500,342250.0,342210.80380678177
20180817124600,342250.0,342210.80380678177
20180817124700,342250.0,342210.80380678177
20180817124800,342250.0,342210.80380678177
20180817124900,342250.0,342210.80380678177
20180817125000,342500.0,342210.80380678177
20180817125100,342250.0,342348.0926156044
20180817125200,342250.0,342326.8328309059
20180817125300,342125.0,342210.80380678177
20180817125400,342375.0,342142.1726346016
20180817125500,342375.0,342221.42708301544
20180817125600,342125.0,342337.46713399887
20180817125700,342500.0,342200.18273591995
20180817125800,342375.0,342290.06707668304
20180817125900,342375.0,342395.4838514328
20180817130000,342375.0,342337.46713399887
20180817130100,342375.0,342337.46713399887
20180817130200,342375.0,342337.46713399887
20180817130300,342375.0,342337.46713399887
20180817130400,342375.0,342337.46713399887
20180817130500,342500.0,342337.46713399887
20180817130600,342250.0,342406.1159491539
20180817130700,342375.0,342326.8328309059
20180817130800,342250.0,342279.4438004494
20180817130900,342375.0,342268.82272958755
20180817131000,342125.0,342279.4438004494
20180817131100,342250.0,342200.18273591995
20180817131200,342375.0,342152.7892947197
20180817131300,342250.0,342279.4438004494
20180817131400,342250.0,342268.82272958755
20180817131500,342250.0,342210.80380678177
20180817131600,342375.0,342210.80380678177
20180817131700,342375.0,342279.4438004494
20180817131800,342250.0,342337.46713399887
20180817131900,342250.0,342268.82272958755
20180817132000,342125.0,342210.80380678177
20180817132100,342125.0,342142.1726346016
20180817132200,341875.0,342084.16253328323
20180817132300,341875.0,341946.9244480133
20180817132400,341750.0,341830.9174776077
20180817132500,341875.0,341762.3149752617
20180817132600,342125.0,341772.91399240494
20180817132700,342125.0,341968.1379199028
20180817132800,342375.0,342084.16253328323
20180817132900,342250.0,342221.42708301544
20180817133000,342375.0,342268.82272958755
20180817133100,342250.0,342279.4438004494
20180817133200,342250.0,342268.82272958755
20180817133300,342375.0,342210.80380678177
20180817133400,342375.0,342279.4438004494
20180817133500,342250.0,342337.46713399887
20180817133600,342375.0,342268.82272958755
20180817133700,342250.0,342279.4438004494
20180817133800,342250.0,342268.82272958755
20180817133900,342375.0,342210.80380678177
20180817134000,342250.0,342279.4438004494
20180817134100,342375.0,342268.82272958755
20180817134200,342375.0,342279.4438004494
20180817134300,342375.0,342337.46713399887
20180817134400,342250.0,342337.46713399887
20180817134500,342375.0,342268.82272958755
20180817134600,342250.0,342279.4438004494
20180817134700,342250.0,342268.82272958755
20180817134800,342125.0,342210.80380678177
20180817134900,342250.0,342142.1726346016
20180817135000,341750.0,342152.7892947197
20180817135100,341750.0,341936.30117177963
20180817135200,341750.0,341704.3203115463
20180817135300,342000.0,341704.3203115463
20180817135400,341875.0,341841.516494751
20180817135500,341750.0,341888.9165520668
20180817135600,341875.0,341762.3149752617
20180817135700,341750.0,341772.91399240494
20180817135800,341875.0,341762.3149752617
20180817135900,341625.0,341772.91399240494
20180817140000,341875.0,341693.7190890312
20180817140100,341625.0,341714.912712574
20180817140200,341375.0,341693.7190890312
20180817140300,341625.0,341440.5865073204
20180817140400,341750.0,341461.7492556572
20180817140500,341750.0,341646.32123708725
20180817140600,341750.0,341704.3203115463
20180817140700,341875.0,341704.3203115463
20180817140800,341875.0,341772.91399240494
20180817140900,341750.0,341830.9174776077
20180817141000,341875.0,341762.3149752617
20180817141100,341625.0,341772.91399240494
20180817141200,341750.0,341693.7190890312
20180817141300,341750.0,341646.32123708725
20180817141400,341875.0,341704.3203115463
20180817141500,341750.0,341772.91399240494
20180817141600,341875.0,341762.3149752617
20180817141700,341875.0,341772.91399240494
20180817141800,341750.0,341830.9174776077
20180817141900,341750.0,341762.3149752617
20180817142000,341875.0,341704.3203115463
20180817142100,341750.0,341772.91399240494
20180817142200,341875.0,341762.3149752617
20180817142300,341875.0,341772.91399240494
20180817142400,341875.0,341830.9174776077
20180817142500,341875.0,341830.9174776077
20180817142600,341875.0,341830.9174776077
20180817142700,341750.0,341830.9174776077
20180817142800,341875.0,341762.3149752617
20180817142900,341750.0,341772.91399240494
20180817143000,341750.0,341762.3149752617
20180817143100,341750.0,341704.3203115463
20180817143200,341750.0,341704.3203115463
20180817143300,341625.0,341704.3203115463
20180817143400,341875.0,341635.7310414314
20180817143500,341875.0,341714.912712574
20180817143600,341625.0,341830.9174776077
20180817143700,341750.0,341693.7190890312
20180817143800,341750.0,341646.32123708725
20180817143900,341875.0,341704.3203115463
20180817144000,341875.0,341772.91399240494
20180817144100,341875.0,341830.9174776077
20180817144200,341625.0,341830.9174776077
20180817144300,341875.0,341693.7190890312
20180817144400,341750.0,341714.912712574
20180817144500,341625.0,341762.3149752617
20180817144600,340875.00000000006,341635.7310414314
20180817144700,341125.0,341166.3529276848
20180817144800,341250.00000000006,340955.62303066254
20180817144900,341375.0,341140.1090025902
20180817145000,341125.0,341266.63559675217
20180817145100,341125.0,341187.5156760216
20180817145200,341250.00000000006,341071.570456028
20180817145300,341375.0,341140.1090025902
20180817145400,341250.00000000006,341266.63559675217
20180817145500,341250.00000000006,341256.0674548149
20180817145600,341250.00000000006,341198.08822870255
20180817145700,341250.00000000006,341198.08822870255
20180817145800,341375.0,341198.08822870255
20180817145900,341250.00000000006,341266.63559675217
20180817150000,341250.00000000006,341256.0674548149
20180817150100,341250.00000000006,341198.08822870255
20180817150200,341375.0,341198.08822870255
20180817150300,341375.0,341266.63559675217
20180817150400,341250.00000000006,341324.61923360825
20180817150500,341250.00000000006,341256.0674548149
20180817150600,341250.00000000006,341198.08822870255
20180817150700,341375.0,341198.08822870255
20180817150800,341375.0,341266.63559675217
20180817150900,341375.0,341324.61923360825
20180817151000,341125.0,341324.61923360825
20180817151100,341125.0,341187.5156760216
20180817151200,341375.0,341071.570456028
20180817151300,341125.0,341208.6563706398
20180817151400,341250.00000000006,341187.5156760216
20180817151500,341375.0,341140.1090025902
20180817151600,341250.00000000006,341266.63559675217
20180817151700,341250.00000000006,341256.0674548149
20180817151800,341375.0,341198.08822870255
20180817151900,341250.00000000006,341266.63559675217
20180817153000,340499.99999999994,341256.0674548149
20180820090000,343750.0,340786.9275212288
20180820090100,344000.0,342221.58366441727
20180820090200,343875.0,343869.0736293793
20180820090300,343625.0,343916.4163470268
20180820090400,342250.0,343720.85720300674
20180820090500,343500.0,342848.8708138466
20180820090600,342875.0,342897.4331021309
20180820090700,343000.0,343134.3738436699
20180820090800,342625.0,342912.928044796
20180820090900,342500.0,342764.89466428757
20180820091000,342875.0,342522.1626162529
20180820091100,343000.0,342670.13424634933
20180820091200,342875.0,342912.928044796
20180820091300,343000.0,342902.27168798447
20180820091400,343000.0,342912.928044796
20180820091500,343375.0,342970.9624052048
20180820091600,343250.0,343177.0786643028
20180820091700,343500.0,343282.49102830887
20180820091800,343375.0,343361.8932366371
20180820091900,343500.0,343409.25800800323
20180820092000,343250.0,343419.9430346489
20180820092100,343250.0,343340.52979946136
20180820092300,342875.0,343224.4544625282
20180820092600,342500.0,343018.3271765709
20180820092700,343000.0,342638.1938457489
20180820092900,343000.0,342738.81393671036
20180820093000,343000.0,342970.9624052048
20180820093100,342750.0,342970.9624052048
20180820093200,342625.0,342833.58097076416
20180820093300,342500.0,342648.84799718857
20180820093400,342250.0,342522.1626162529
20180820093500,342500.0,342326.8328309059
20180820093600,342500.0,342348.0926156044
20180820093700,342250.0,342464.1392827034
20180820093800,342500.0,342326.8328309059
20180820093900,342250.0,342348.0926156044
20180820094000,342000.0,342326.8328309059
20180820094100,342250.0,342073.5436677933
20180820094200,341750.0,342094.77257728577
20180820094400,342000.0,341936.30117177963
20180820094600,342000.0,341841.516494751
20180820094700,341625.0,341957.532286644
20180820094800,341500.0,341751.7115473747
20180820094900,341000.0,341509.15813446045
20180820095000,341000.0,341176.9387125969
20180820095100,341250.00000000006,340945.074737072
20180820095200,341500.0,341082.13198184967
20180820095300,341250.00000000006,341335.1873755455
20180820095400,341375.0,341314.04227018356
20180820095500,341500.0,341266.63559675217
20180820095700,341250.00000000006,341393.179833889
20180820095800,341250.00000000006,341314.04227018356
20180820095900,341000.0,341198.08822870255
20180820100000,340499.99999999994,341061.0089302063
20180820100100,340625.0,340671.04625701904
20180820100200,340499.99999999994,340507.74508714676
20180820100300,340750.0,340497.2166419029
20180820100400,340625.0,340576.2240886688
20180820100500,340250.0,340623.6461997032
20180820100600,340250.0,340360.28069257736
20180820100700,340250.0,340186.4885687828
20180820100800,340250.0,340186.4885687828
20180820100900,340250.0,340186.4885687828
20180820101000,340250.0,340186.4885687828
20180820101100,339750.0,340186.4885687828
20180820101200,339625.0,339912.7842783928
20180820101300,339125.0,339612.79195547104
20180820101400,339125.0,339281.4789414406
20180820101500,338750.0,339050.02295970917
20180820101600,338500.0,338845.13288736343
20180820101700,338375.0,338535.11494398117
20180820101800,338125.0,338351.2508869171
20180820101900,338250.0,338157.03040361404
20180820102000,338000.0,338109.62814092636
20180820102100,338125.0,338031.05956315994
20180820102200,338000.0,337983.661711216
20180820102300,337625.0,337973.2766151428
20180820102400,337625.0,337711.05790138245
20180820102500,337500.0,337537.7994775772
20180820102600,337625.0,337469.69759464264
20180820102700,337875.0,337480.0474047661
20180820102800,337750.0,337674.02970790863
20180820102900,337875.0,337721.43417596817
20180820103000,339000.0,337731.80162906647
20180820103100,338375.0,338403.2160639763
20180820103200,337500.0,338582.499563694
20180820103300,337500.0,337816.18136167526
20180820103400,337625.0,337411.9565486908
20180820103500,337750.0,337480.0474047661
20180820103600,337750.0,337605.91238737106
20180820103700,337750.0,337663.67107629776
20180820103800,337750.0,337663.67107629776
20180820103900,337625.0,337663.67107629776
20180820104000,337750.0,337595.55155038834
20180820104100,337625.0,337605.91238737106
20180820104200,337625.0,337595.55155038834
20180820104300,337625.0,337537.7994775772
20180820104400,337625.0,337537.7994775772
20180820104500,337625.0,337537.7994775772
20180820104600,337625.0,337537.7994775772
20180820104700,337625.0,337537.7994775772
20180820104800,337750.0,337537.7994775772
20180820104900,337500.0,337605.91238737106
20180820105000,337750.0,337527.4430513382
20180820105100,337875.0,337548.15369844437
20180820105200,337500.0,337731.80162906647
20180820105300,337625.0,337585.1863026619
20180820105400,337625.0,337480.0474047661
20180820105500,337625.0,337537.7994775772
20180820105600,337625.0,337537.7994775772
20180820105700,337750.0,337537.7994775772
20180820105800,337625.0,337605.91238737106
20180820105900,337750.0,337595.55155038834
20180820110000,337500.0,337605.91238737106
20180820110100,337250.0,337527.4430513382
20180820110200,337000.0,337275.80350637436
20180820110300,337250.0,337024.2830514908
20180820110400,337125.0,337044.93194818497
20180820110500,337125.0,337092.3165678978
20180820110600,337250.0,337034.60639715195
20180820110700,337125.0,337102.64652967453
20180820110800,337250.0,337092.3165678978
20180820110900,337125.0,337102.64652967453
20180820111000,337250.0,337092.3165678978
20180820111100,337125.0,337102.64652967453
20180820111200,337250.0,337092.3165678978
20180820111300,337375.0,337102.64652967453
20180820111400,337750.0,337228.41888666153
20180820111500,337625.0,337490.3972148895
20180820111600,337750.0,337595.55155038834
20180820111700,337375.0,337605.91238737106
20180820111800,337125.0,337459.3411684036
20180820111900,337250.0,337150.02673864365
20180820112000,336750.0,337102.64652967453
20180820112100,337000.0,336888.23586702347
20180820112200,337125.0,336793.49970817566
20180820112300,337125.0,336976.9050478935
20180820112400,337125.0,337034.60639715195
20180820112500,337125.0,337034.60639715195
20180820112600,337125.0,337034.60639715195
20180820112700,337375.0,337034.60639715195
20180820112800,337750.0,337170.6910729408
20180820112900,337625.0,337490.3972148895
20180820113000,337750.0,337595.55155038834
20180820113100,337750.0,337605.91238737106
20180820113200,337750.0,337663.67107629776
20180820113300,337625.0,337663.67107629776
20180820113400,337625.0,337595.55155038834
20180820113500,337750.0,337537.7994775772
20180820113600,337625.0,337605.91238737106
20180820113700,337250.0,337595.55155038834
20180820113800,337375.0,337333.52249860764
20180820113900,337250.0,337228.41888666153
20180820114000,337125.0,337218.08010339737
20180820114100,337250.0,337092.3165678978
20180820114200,337250.0,337102.64652967453
20180820114300,337375.0,337160.3611111641
20180820114400,337125.0,337228.41888666153
20180820114500,337000.0,337150.02673864365
20180820114600,336750.0,336966.5794968605
20180820114700,336750.0,336772.8794813156
20180820114800,336625.00000000006,336657.5319170952
20180820114900,336500.0,336589.562356472
20180820115000,336750.0,336463.95099163055
20180820115100,336625.00000000006,336542.1931743622
20180820115200,336500.0,336589.562356472
20180820115300,336625.00000000006,336463.95099163055
20180820115400,336750.0,336474.24125671387
20180820115500,336625.00000000006,336599.86144304276
20180820115600,336625.00000000006,336589.562356472
20180820115700,336625.00000000006,336531.900703907
20180820115800,336625.00000000006,336531.900703907
20180820115900,336625.00000000006,336531.900703907
20180820120000,336750.0,336531.900703907
20180820120100,336625.00000000006,336599.86144304276
20180820120200,336500.0,336589.562356472
20180820120300,336125.0,336463.95099163055
20180820120400,336250.00000000006,336202.5460600853
20180820120500,336125.0,336097.5791811943
20180820120600,336250.00000000006,336087.31096982956
20180820120700,336250.00000000006,336097.5791811943
20180820120800,336125.0,336155.20334243774
20180820120900,336125.0,336087.31096982956
20180820121000,335750.0,336029.70004081726
20180820121100,335750.0,335826.12657546997
20180820121200,335625.0,335653.3952355385
20180820121300,335625.0,335585.59107780457
20180820121400,336375.0,335528.0286669731
20180820121500,336625.00000000006,335934.9727034569
20180820121600,336250.00000000006,336416.5884256363
20180820121700,336250.00000000006,336328.0846476555
20180820121800,336250.00000000006,336155.20334243774
20180820121900,336250.00000000006,336155.20334243774
20180820122000,336250.00000000006,336155.20334243774
20180820122100,335874.99999999994,336155.20334243774
20180820122200,335750.0,335951.56371593475
20180820122300,335499.99999999994,335710.9686732292
20180820122400,335375.0,335517.7957415581
20180820122500,335625.0,335334.9351286888
20180820122600,335625.0,335412.9192829132
20180820122700,335750.0,335528.0286669731
20180820122800,335625.0,335595.82620859146
20180820122900,335625.0,335585.59107780457
20180820123000,335625.0,335528.0286669731
20180820123100,335499.99999999994,335528.0286669731
20180820123200,335499.99999999994,335460.24656295776
20180820123300,335750.0,335402.70179510117
20180820123400,335625.0,335538.2593870163
20180820123500,335625.0,335585.59107780457
20180820123600,335625.0,335528.0286669731
20180820123700,335750.0,335528.0286669731
20180820123800,335625.0,335595.82620859146
20180820123900,335625.0,335585.59107780457
20180820124000,335625.0,335528.0286669731
20180820124100,335625.0,335528.0286669731
20180820124200,335625.0,335528.0286669731
20180820124300,335625.0,335528.0286669731
20180820124400,335625.0,335528.0286669731
20180820124500,335375.0,335528.0286669731
20180820124600,334750.0,335392.471075058
20180820124700,334750.0,334938.81064653397
20180820124800,334625.0,334651.46392583847
20180820124900,334750.0,334583.83399248123
20180820125000,335250.0,334594.0051674843
20180820125100,335625.0,334922.1027493477
20180820125200,335499.99999999994,335355.3701043129
20180820125300,335625.0,335460.24656295776
20180820125400,335750.0,335470.47287225723
20180820125500,335750.0,335595.82620859146
20180820125600,335625.0,335653.3952355385
20180820125700,335625.0,335585.59107780457
20180820125800,335625.0,335528.0286669731
20180820125900,335625.0,335528.0286669731
20180820130000,335625.0,335528.0286669731
20180820130100,335750.0,335528.0286669731
20180820130200,335499.99999999994,335595.82620859146
20180820130300,335125.0,335517.7957415581
20180820130400,335125.0,335199.4414925575
20180820130500,335125.0,335026.91745758057
20180820130600,335125.0,335026.91745758057
20180820130700,335250.0,335026.91745758057
20180820130800,334875.0,335094.62237358093
20180820130900,334625.0,334949.0171074867
20180820131000,334625.0,334641.28613471985
20180820131100,334750.0,334526.3862609863
20180820131200,334625.0,334594.0051674843
20180820131300,334750.0,334583.83399248123
20180820131400,334875.0,334594.0051674843
20180820131500,335125.0,334719.10268068314
20180820131600,335125.0,334911.9183421135
20180820131700,335250.0,335026.91745758057
20180820131800,335125.0,335094.62237358093
20180820131900,335499.99999999994,335084.42252874374
20180820132000,334750.0,335230.07851839066
20180820132100,334625.0,334996.29586935043
20180820132200,334625.0,334583.83399248123
20180820132300,334750.0,334526.3862609863
20180820132400,335000.0,334594.0051674843
20180820132500,335499.99999999994,334786.75907850266
20180820132600,335874.99999999994,335172.54477739334
20180820132700,336250.00000000006,335606.0547232628
20180820132800,335874.99999999994,335982.33968019485
20180820132900,335625.0,335951.56371593475
20180820133000,335874.99999999994,335643.153488636
20180820133100,336000.0,335663.6303663254
20180820133200,335874.99999999994,335846.6343283653
20180820133300,335750.0,335836.38375997543
20180820133400,335874.99999999994,335710.9686732292
20180820133500,335874.99999999994,335721.2148308754
20180820133600,335750.0,335778.7948846817
20180820133700,335625.0,335710.9686732292
20180820133800,335625.0,335585.59107780457
20180820133900,335625.0,335528.0286669731
20180820134000,335750.0,335528.0286669731
20180820134100,336125.0,335595.82620859146
20180820134200,336000.0,335856.8804860115
20180820134300,336000.0,335961.83413267136
20180820134400,335874.99999999994,335904.2320251465
20180820134500,335750.0,335836.38375997543
20180820134600,335750.0,335710.9686732292
20180820134700,335125.0,335653.3952355385
20180820134800,335125.0,335314.47809934616
20180820134900,335375.0,335026.91745758057
20180820135000,335499.99999999994,335162.347137928
20180820135100,335000.0,335345.1548218727
20180820135200,335750.0,335131.7145228386
20180820135300,335625.0,335308.0207705498
20180820135400,335499.99999999994,335585.59107780457
20180820135500,335750.0,335460.24656295776
20180820135600,335625.0,335538.2593870163
20180820135700,335499.99999999994,335585.59107780457
20180820135800,335375.0,335460.24656295776
20180820135900,335499.99999999994,335334.9351286888
20180820140000,335250.0,335345.1548218727
20180820140100,335000.0,335267.1816945076
20180820140200,335125.0,335016.71320199966
20180820140300,335250.0,334969.4167971611
20180820140400,335250.0,335094.62237358093
20180820140500,335499.99999999994,335152.1428823471
20180820140600,335625.0,335287.6144647598
20180820140700,335625.0,335470.47287225723
20180820140800,335125.0,335528.0286669731
20180820140900,335499.99999999994,335256.95979595184
20180820141000,334875.0,335230.07851839066
20180820141100,334625.0,335064.0007853508
20180820141200,334625.0,334641.28613471985
20180820141300,335000.0,334526.3862609863
20180820141400,335125.0,334729.2782664299
20180820141500,335375.0,334969.4167971611
20180820141600,335125.0,335162.347137928
20180820141700,335375.0,335141.93201065063
20180820141800,335125.0,335162.347137928
20180820141900,335250.0,335141.93201065063
20180820142000,335250.0,335094.62237358093
20180820142100,335375.0,335152.1428823471
20180820142200,335625.0,335219.8720574379
20180820142300,335499.99999999994,335412.9192829132
20180820142400,335499.99999999994,335460.24656295776
20180820142500,335625.0,335402.70179510117
20180820142600,335125.0,335470.47287225723
20180820142700,335625.0,335256.95979595184
20180820142800,336000.0,335297.82313108444
20180820142900,335874.99999999994,335731.4499616623
20180820143000,335625.0,335836.38375997543
20180820143100,335625.0,335643.153488636
20180820143200,335750.0,335528.0286669731
20180820143300,335375.0,335595.82620859146
20180820143400,335499.99999999994,335450.01143217087
20180820143500,335750.0,335345.1548218727
20180820143600,335750.0,335538.2593870163
20180820143700,335375.0,335653.3952355385
20180820143800,335250.0,335450.01143217087
20180820143900,335250.0,335209.6611857414
20180820144000,335125.0,335152.1428823471
20180820144100,335375.0,335084.42252874374
20180820144200,335250.0,335162.347137928
20180820144300,335250.0,335209.6611857414
20180820144400,335750.0,335152.1428823471
20180820144500,335625.0,335423.13235998154
20180820144600,336000.0,335585.59107780457
20180820144700,336000.0,335731.4499616623
20180820144800,335750.0,335904.2320251465
20180820144900,336000.0,335768.54652166367
20180820145000,335750.0,335789.0410423279
20180820145100,336125.0,335768.54652166367
20180820145200,336500.0,335856.8804860115
20180820145300,336625.00000000006,336233.3683371544
20180820145400,336250.00000000006,336474.24125671387
20180820145500,336250.00000000006,336328.0846476555
20180820145600,336000.0,336155.20334243774
20180820145700,336125.0,336019.4340348244
20180820145800,336875.0,335972.08911180496
20180820145900,336875.0,336437.13587522507
20180820150000,336125.0,336783.19400548935
20180820150100,336875.0,336375.41633844376
20180820150200,337375.0,336437.13587522507
20180820150300,337500.0,337055.24867773056
20180820150400,337750.0,337354.2177081108
20180820150500,337875.0,337548.15369844437
20180820150600,337750.0,337731.80162906647
20180820150700,337875.0,337721.43417596817
20180820150800,337750.0,337731.80162906647
20180820150900,337750.0,337721.43417596817
20180820151000,337500.0,337663.67107629776
20180820151100,337625.0,337527.4430513382
20180820151200,337750.0,337480.0474047661
20180820151300,337625.0,337605.91238737106
20180820151400,337875.0,337595.55155038834
20180820151500,337750.0,337674.02970790863
20180820151600,337875.0,337721.43417596817
20180820151700,337750.0,337731.80162906647
20180820151800,337375.0,337721.43417596817
20180820151900,337125.0,337459.3411684036
20180820153000,337000.0,337150.02673864365
20180821090000,335625.0,336966.5794968605
20180821090100,334875.0,336161.3673567772
20180821090200,334500.0,335121.4948296547
20180821090300,334500.0,334573.65840673447
20180821090400,334750.0,334401.34608745575
20180821090500,334875.0,334536.5508198738
20180821090600,334750.0,334719.10268068314
20180821090700,334750.0,334708.9248895645
20180821090800,334500.0,334651.46392583847
20180821090900,333875.0,334516.2150859833
20180821091000,333750.0,334063.5603070259
20180821091100,333750.0,333709.27172899246
20180821091200,333875.0,333651.9342660904
20180821091300,334000.0,333719.38556432724
20180821091400,334750.0,333844.20961141586
20180821091500,334875.0,334306.7753314972
20180821091600,334500.0,334719.10268068314
20180821091700,334125.0,334573.65840673447
20180821091800,334125.0,334198.6349225044
20180821091900,333750.0,334026.4615416527
20180821092000,333875.0,333823.96429777145
20180821092100,334125.0,333719.38556432724
20180821092200,334500.0,333911.702811718
20180821092300,334125.0,334229.07346487045
20180821092400,334250.0,334198.6349225044
20180821092500,334375.0,334093.9900279045
20180821092600,334000.0,334218.9375758171
20180821092700,334375.0,334073.7050175667
20180821092800,334125.0,334104.1193008423
20180821092900,334375.0,334141.24232530594
20180821093000,334250.0,334161.52292490005
20180821093100,334625.0,334208.7884545326
20180821093200,334750.0,334354.0695309639
20180821093300,335250.0,334594.0051674843
20180821093400,335625.0,334922.1027493477
20180821093500,335750.0,335355.3701043129
20180821093600,335625.0,335595.82620859146
20180821093700,335250.0,335585.59107780457
20180821093800,335125.0,335324.7110247612
20180821093900,335000.0,335084.42252874374
20180821094000,335125.0,334959.21915769577
20180821094100,335250.0,334969.4167971611
20180821094200,335000.0,335094.62237358093
20180821094300,335125.0,335016.71320199966
20180821094400,335000.0,334969.4167971611
20180821094500,335250.0,334959.21915769577
20180821094600,335250.0,335037.11730241776
20180821094700,335000.0,335152.1428823471
20180821094800,335250.0,335016.71320199966
20180821094900,335125.0,335037.11730241776
20180821095000,335125.0,335084.42252874374
20180821095100,335125.0,335026.91745758057
20180821095200,335125.0,335026.91745758057
20180821095300,335125.0,335026.91745758057
20180821095400,335250.0,335026.91745758057
20180821095500,335000.0,335094.62237358093
20180821095600,335125.0,335016.71320199966
20180821095700,334750.0,334969.4167971611
20180821095800,334750.0,334823.8622546196
20180821095900,334625.0,334651.46392583847
20180821100000,334750.0,334583.83399248123
20180821100100,334750.0,334594.0051674843
20180821100200,334750.0,334651.46392583847
20180821100300,334875.0,334651.46392583847
20180821100400,334750.0,334719.10268068314
20180821100500,334625.0,334708.9248895645
20180821100600,334625.0,334583.83399248123
20180821100700,334500.0,334526.3862609863
20180821100800,334750.0,334458.7805867195
20180821100900,334625.0,334536.5508198738
20180821101000,334750.0,334583.83399248123
20180821101100,334750.0,334594.0051674843
20180821101200,334625.0,334651.46392583847
20180821101300,334625.0,334583.83399248123
20180821101400,334625.0,334526.3862609863
20180821101500,334625.0,334526.3862609863
20180821101600,334625.0,334526.3862609863
20180821101700,336000.0,334526.3862609863
20180821101800,337750.0,335270.85143327713
20180821101900,337750.0,336855.22586107254
20180821102000,337750.0,337663.67107629776
20180821102100,337750.0,337663.67107629776
20180821102200,337625.0,337663.67107629776
20180821102300,337500.0,337595.55155038834
20180821102400,337375.0,337469.69759464264
20180821102500,337000.0,337343.87451410294
20180821102600,336750.0,337081.98219537735
20180821102700,336750.0,336772.8794813156
20180821102800,336500.0,336657.5319170952
20180821102900,336375.0,336521.6016173363
20180821103000,336500.0,336338.3705019951
20180821103100,336000.0,336348.65415096283
20180821103200,336125.0,336134.64707136154
20180821103300,336250.00000000006,335972.08911180496
20180821103400,336250.00000000006,336097.5791811943
20180821103500,336125.0,336155.20334243774
20180821103600,336375.0,336087.31096982956
20180821103700,336250.00000000006,336165.46934843063
20180821103800,336000.0,336212.82309293747
20180821103900,336125.0,336019.4340348244
20180821104000,336375.0,335972.08911180496
20180821104100,337125.0,336165.46934843063
20180821104200,337250.0,336688.41153383255
20180821104300,337125.0,337102.64652967453
20180821104400,337125.0,337092.3165678978
20180821104500,337250.0,337034.60639715195
20180821104600,336750.0,337102.64652967453
20180821104700,336750.0,336888.23586702347
20180821104800,336625.00000000006,336657.5319170952
20180821104900,336625.00000000006,336589.562356472
20180821105000,336750.0,336531.900703907
20180821105100,336625.00000000006,336599.86144304276
20180821105200,336750.0,336589.562356472
20180821105300,336875.0,336599.86144304276
20180821105400,336750.0,336725.5102992058
20180821105500,336750.0,336715.20459651947
20180821105600,336625.00000000006,336657.5319170952
20180821105700,336625.00000000006,336589.562356472
20180821105800,336875.0,336531.900703907
20180821105900,336750.0,336667.8310036659
20180821110000,336875.0,336715.20459651947
20180821110100,336750.0,336725.5102992058
20180821110200,336625.00000000006,336715.20459651947
20180821110300,336750.0,336589.562356472
20180821110400,336625.00000000006,336599.86144304276
20180821110500,337000.0,336589.562356472
20180821110600,337250.0,336735.8115911484
20180821110700,337250.0,337044.93194818497
20180821110800,337500.0,337160.3611111641
20180821110900,337875.0,337296.4854836464
20180821111000,337750.0,337616.26440286636
20180821111100,337875.0,337721.43417596817
20180821111200,337875.0,337731.80162906647
20180821111300,337625.0,337789.57134485245
20180821111400,337750.0,337653.3058285713
20180821111500,337500.0,337605.91238737106
20180821111600,337750.0,337527.4430513382
20180821111700,337875.0,337548.15369844437
20180821111800,337625.0,337731.80162906647
20180821111900,337625.0,337653.3058285713
20180821112000,337750.0,337537.7994775772
20180821112100,337625.0,337605.91238737106
20180821112200,337750.0,337595.55155038834
20180821112300,337875.0,337605.91238737106
20180821112400,337750.0,337731.80162906647
20180821112500,337625.0,337721.43417596817
20180821112600,337750.0,337595.55155038834
20180821112700,337750.0,337605.91238737106
20180821112800,337875.0,337663.67107629776
20180821112900,337375.0,337731.80162906647
20180821113000,337500.0,337517.0755982399
20180821113100,337375.0,337354.2177081108
20180821113200,337250.0,337343.87451410294
20180821113300,337125.0,337218.08010339737
20180821113400,337375.0,337092.3165678978
20180821113500,337000.0,337170.6910729408
20180821113600,337625.0,337081.98219537735
20180821113700,337500.0,337249.078810215
20180821113800,337250.0,337469.69759464264
20180821113900,338000.0,337275.80350637436
20180821114000,337750.0,337568.84229183197
20180821114100,337625.0,337779.19286489487
20180821114200,336750.0,337595.55155038834
20180821114300,336875.0,337061.29360198975
20180821114400,336750.0,336725.5102992058
20180821114500,337500.0,336715.20459651947
20180821114600,338000.0,337065.56099653244
20180821114700,338625.0,337684.38613414764
20180821114800,338375.0,338256.4044594765
20180821114900,338250.0,338409.0602993965
20180821115000,338375.0,338225.2293229103
20180821115100,338375.0,338235.6276512146
20180821115200,338125.0,338293.437063694
20180821115300,338250.0,338157.03040361404
20180821115400,338250.0,338109.62814092636
20180821115500,338375.0,338167.4309372902
20180821115600,338750.0,338235.6276512146
20180821115700,338750.0,338498.1110095978
20180821115800,338625.0,338671.6142296791
20180821115900,338125.0,338603.35797071457
20180821120000,338125.0,338272.62276411057
20180821120100,337375.0,338041.44686460495
20180821120200,337250.0,337632.551074028
20180821120300,337000.0,337218.08010339737
20180821120400,337500.0,337024.2830514908
20180821120500,338000.0,337181.01662397385
20180821120600,337875.0,337684.38613414764
20180821120700,337625.0,337847.3410606384
20180821120800,337625.0,337653.3058285713
20180821120900,337250.0,337537.7994775772
20180821121000,337250.0,337333.52249860764
20180821121100,336875.0,337160.3611111641
20180821121200,336625.00000000006,336956.2539458275
20180821121300,337000.0,336647.2262144089
20180821121400,337875.0,336735.8115911484
20180821121500,338375.0,337385.22523641586
20180821121600,338125.0,338062.2082352638
20180821121700,338750.0,338157.03040361404
20180821121800,338625.0,338382.44587183
20180821121900,338625.0,338603.35797071457
20180821122000,338500.0,338545.52870988846
20180821122100,338250.0,338477.29229927063
20180821122200,338750.0,338283.03653001785
20180821122300,338250.0,338440.2795433998
20180821122400,338125.0,338398.6421227455
20180821122500,338125.0,338099.24083948135
20180821122600,337750.0,338041.44686460495
20180821122700,337875.0,337836.960375309
20180821122800,338125.0,337731.80162906647
20180821122900,338000.0,337925.8721470833
20180821123000,338250.0,337973.2766151428
20180821123100,338125.0,338051.83416604996
20180821123200,338125.0,338099.24083948135
20180821123300,338125.0,338041.44686460495
20180821123400,338125.0,338041.44686460495
20180821123500,338250.0,338041.44686460495
20180821123600,338125.0,338109.62814092636
20180821123700,338125.0,338099.24083948135
20180821123800,338125.0,338041.44686460495
20180821123900,337875.0,338041.44686460495
20180821124000,337875.0,337905.1151871681
20180821124100,338250.0,337789.57134485245
20180821124200,338750.0,337994.04019117355
20180821124300,338000.0,338440.2795433998
20180821124400,338000.0,338262.20458745956
20180821124500,338125.0,337915.4936671257
20180821124600,338125.0,337983.661711216
20180821124700,338750.0,338041.44686460495
20180821124800,338125.0,338382.44587183
20180821124900,338000.0,338330.41673898697
20180821125000,338625.0,337973.2766151428
20180821125100,338125.0,338256.4044594765
20180821125200,337500.0,338272.62276411057
20180821125300,337625.0,337700.677216053
20180821125400,337625.0,337480.0474047661
20180821125500,337750.0,337537.7994775772
20180821125600,337625.0,337605.91238737106
20180821125700,337375.0,337595.55155038834
20180821125800,337125.0,337401.60673856735
20180821125900,337500.0,337150.02673864365
20180821130000,337375.0,337238.74884843826
20180821130100,337125.0,337343.87451410294
20180821130200,337250.0,337150.02673864365
20180821130300,337125.0,337102.64652967453
20180821130400,337250.0,337092.3165678978
20180821130500,337250.0,337102.64652967453
20180821130600,337375.0,337160.3611111641
20180821130700,337125.0,337228.41888666153
20180821130800,337125.0,337150.02673864365
20180821130900,337125.0,337034.60639715195
20180821131000,337125.0,337034.60639715195
20180821131100,337625.0,337034.60639715195
20180821131200,337750.0,337306.8154454231
20180821131300,337250.0,337605.91238737106
20180821131400,337125.0,337391.25031232834
20180821131500,336750.0,337092.3165678978
20180821131600,336625.00000000006,336830.55877685547
20180821131700,336625.00000000006,336589.562356472
20180821131800,336750.0,336531.900703907
20180821131900,336750.0,336599.86144304276
20180821132000,336750.0,336657.5319170952
20180821132100,336750.0,336657.5319170952
20180821132200,336625.00000000006,336657.5319170952
20180821132300,336625.00000000006,336589.562356472
20180821132400,336750.0,336531.900703907
20180821132500,336750.0,336599.86144304276
20180821132600,336750.0,336657.5319170952
20180821132700,336625.00000000006,336657.5319170952
20180821132800,336625.00000000006,336589.562356472
20180821132900,336250.00000000006,336531.900703907
20180821133000,336125.0,336328.0846476555
20180821133100,336250.00000000006,336087.31096982956
20180821133200,336125.0,336097.5791811943
20180821133300,336125.0,336087.31096982956
20180821133400,336125.0,336029.70004081726
20180821133500,336375.0,336029.70004081726
20180821133600,336125.0,336165.46934843063
20180821133700,336375.0,336144.9241042137
20180821133800,336875.0,336165.46934843063
20180821133900,336625.00000000006,336552.4768233299
20180821134000,336625.00000000006,336647.2262144089
20180821134100,336250.00000000006,336531.900703907
20180821134200,336625.00000000006,336328.0846476555
20180821134300,336625.00000000006,336358.931183815
20180821134400,336750.0,336531.900703907
20180821134500,336750.0,336599.86144304276
20180821134600,336625.00000000006,336657.5319170952
20180821134700,336875.0,336589.562356472
20180821134800,336750.0,336667.8310036659
20180821134900,336750.0,336715.20459651947
20180821135000,336750.0,336657.5319170952
20180821135100,336750.0,336657.5319170952
20180821135200,336625.00000000006,336657.5319170952
20180821135300,336750.0,336589.562356472
20180821135400,336625.00000000006,336599.86144304276
20180821135500,336750.0,336589.562356472
20180821135600,336500.0,336599.86144304276
20180821135700,336750.0,336521.6016173363
20180821135800,336625.00000000006,336542.1931743622
20180821135900,336625.00000000006,336589.562356472
20180821140000,336250.00000000006,336531.900703907
20180821140100,336375.0,336328.0846476555
20180821140200,336250.00000000006,336223.10012578964
20180821140300,336125.0,336212.82309293747
20180821140400,336125.0,336087.31096982956
20180821140500,336500.0,336029.70004081726
20180821140600,337000.0,336233.3683371544
20180821140700,336625.00000000006,336678.12567949295
20180821140800,336750.0,336704.89448308945
20180821140900,336625.00000000006,336599.86144304276
20180821141000,336625.00000000006,336589.562356472
20180821141100,336750.0,336531.900703907
20180821141200,336750.0,336599.86144304276
20180821141300,336625.00000000006,336657.5319170952
20180821141400,336750.0,336589.562356472
20180821141500,336750.0,336599.86144304276
20180821141600,336750.0,336657.5319170952
20180821141700,336500.0,336657.5319170952
20180821141800,336625.00000000006,336521.6016173363
20180821141900,336625.00000000006,336474.24125671387
20180821142000,336750.0,336531.900703907
20180821142100,336625.00000000006,336599.86144304276
20180821142200,336625.00000000006,336589.562356472
20180821142300,336750.0,336531.900703907
20180821142400,336750.0,336599.86144304276
20180821142500,336500.0,336657.5319170952
20180821142600,336250.00000000006,336521.6016173363
20180821142700,336125.0,336270.4516649246
20180821142800,336125.0,336087.31096982956
20180821142900,335874.99999999994,336029.70004081726
20180821143000,335625.0,335893.974840641
20180821143100,335625.0,335643.153488636
20180821143200,335625.0,335528.0286669731
20180821143300,335874.99999999994,335528.0286669731
20180821143400,336125.0,335663.6303663254
20180821143500,336125.0,335914.4825935364
20180821143600,336125.0,336029.70004081726
20180821143700,336125.0,336029.70004081726
20180821143800,336250.00000000006,336029.70004081726
20180821143900,336125.0,336097.5791811943
20180821144000,336125.0,336087.31096982956
20180821144100,336250.00000000006,336029.70004081726
20180821144200,336125.0,336097.5791811943
20180821144300,336125.0,336087.31096982956
20180821144400,336250.00000000006,336029.70004081726
20180821144500,336000.0,336097.5791811943
20180821144600,335625.0,336019.4340348244
20180821144700,335625.0,335700.72251558304
20180821144800,336125.0,335528.0286669731
20180821144900,336125.0,335799.2805838585
20180821145000,336250.00000000006,336029.70004081726
20180821145100,336625.00000000006,336097.5791811943
20180821145200,336625.00000000006,336358.931183815
20180821145300,336625.00000000006,336531.900703907
20180821145400,336625.00000000006,336531.900703907
20180821145500,336625.00000000006,336531.900703907
20180821145600,336625.00000000006,336531.900703907
20180821145700,336875.0,336531.900703907
20180821145800,336875.0,336667.8310036659
20180821145900,336625.00000000006,336783.19400548935
20180821150000,336625.00000000006,336647.2262144089
20180821150100,337000.0,336531.900703907
20180821150200,337125.0,336735.8115911484
20180821150300,337125.0,336976.9050478935
20180821150400,337375.0,337034.60639715195
20180821150500,337125.0,337170.6910729408
20180821150600,337375.0,337150.02673864365
20180821150700,337125.0,337170.6910729408
20180821150800,337125.0,337150.02673864365
20180821150900,337125.0,337034.60639715195
20180821151000,337125.0,337034.60639715195
20180821151100,337125.0,337034.60639715195
20180821151200,337125.0,337034.60639715195
20180821151300,337250.0,337034.60639715195
20180821151400,337375.0,337102.64652967453
20180821151500,337125.0,337228.41888666153
20180821151600,337250.0,337150.02673864365
20180821151700,337125.0,337102.64652967453
20180821151800,337250.0,337092.3165678978
20180821151900,337250.0,337102.64652967453
20180821153000,337000.0,337160.3611111641
20180822090000,337000.0,337024.2830514908
20180822090100,337000.0,336908.8869690895
20180822090200,336500.0,336908.8869690895
20180822090300,335750.0,336636.91169023514
20180822090400,335750.0,335998.88437986374
20180822090500,335750.0,335653.3952355385
20180822090600,335499.99999999994,335653.3952355385
20180822090700,335499.99999999994,335517.7957415581
20180822090800,335499.99999999994,335402.70179510117
20180822090900,335625.0,335402.70179510117
20180822091000,335750.0,335470.47287225723
20180822091100,335874.99999999994,335595.82620859146
20180822091200,335750.0,335721.2148308754
20180822091300,335250.0,335710.9686732292
20180822091400,336250.00000000006,335382.2359442711
20180822091500,337125.0,335694.3092942238
20180822091600,337250.0,336630.7212114334
20180822091700,336750.0,337102.64652967453
20180822091800,336500.0,336888.23586702347
20180822091900,336500.0,336521.6016173363
20180822092000,336375.0,336406.30036592484
20180822092100,336000.0,336338.3705019951
20180822092200,336000.0,336077.0383477211
20180822092300,336000.0,335904.2320251465
20180822092400,336000.0,335904.2320251465
20180822092500,335750.0,335904.2320251465
20180822092600,335625.0,335768.54652166367
20180822092700,335499.99999999994,335585.59107780457
20180822092800,335499.99999999994,335460.24656295776
20180822092900,335874.99999999994,335402.70179510117
20180822093000,335499.99999999994,335606.0547232628
20180822093100,335625.0,335575.3493309021
20180822093200,335750.0,335470.47287225723
20180822093300,335750.0,335595.82620859146
20180822093400,335750.0,335653.3952355385
20180822093500,335499.99999999994,335653.3952355385
20180822093600,335874.99999999994,335517.7957415581
20180822093700,335750.0,335606.0547232628
20180822093800,335625.0,335710.9686732292
20180822093900,335750.0,335585.59107780457
20180822094000,335499.99999999994,335595.82620859146
20180822094100,335874.99999999994,335517.7957415581
20180822094200,335750.0,335606.0547232628
20180822094300,335499.99999999994,335710.9686732292
20180822094400,335625.0,335517.7957415581
20180822094500,335625.0,335470.47287225723
20180822094600,335750.0,335528.0286669731
20180822094700,335750.0,335595.82620859146
20180822094800,335499.99999999994,335653.3952355385
20180822094900,335625.0,335517.7957415581
20180822095000,335750.0,335470.47287225723
20180822095100,335499.99999999994,335595.82620859146
20180822095200,335874.99999999994,335517.7957415581
20180822095300,335750.0,335606.0547232628
20180822095400,335750.0,335710.9686732292
20180822095500,335625.0,335653.3952355385
20180822095600,335750.0,335585.59107780457
20180822095700,335750.0,335595.82620859146
20180822095800,335874.99999999994,335653.3952355385
20180822095900,335625.0,335721.2148308754
20180822100000,335625.0,335643.153488636
20180822100100,335750.0,335528.0286669731
20180822100200,335625.0,335595.82620859146
20180822100300,336125.0,335585.59107780457
20180822100400,337125.0,335799.2805838585
20180822100500,337625.0,336573.035299778
20180822100600,337875.0,337306.8154454231
20180822100700,337875.0,337674.02970790863
20180822100800,337750.0,337789.57134485245
20180822100900,337875.0,337721.43417596817
20180822101000,337375.0,337731.80162906647
20180822101100,337000.0,337517.0755982399
20180822101200,336500.0,337081.98219537735
20180822101300,336750.0,336636.91169023514
20180822101400,336500.0,336542.1931743622
20180822101500,336875.0,336521.6016173363
20180822101600,336500.0,336610.15170812607
20180822101700,336750.0,336579.2566537857
20180822101800,336625.00000000006,336542.1931743622
20180822101900,336625.00000000006,336589.562356472
20180822102000,336750.0,336531.900703907
20180822102100,336750.0,336599.86144304276
20180822102200,336500.0,336657.5319170952
20180822102300,336625.00000000006,336521.6016173363
20180822102400,336875.0,336474.24125671387
20180822102500,337000.0,336667.8310036659
20180822102600,337500.0,336851.1900305748
20180822102700,337625.0,337181.01662397385
20180822102800,337750.0,337480.0474047661
20180822102900,337750.0,337605.91238737106
20180822103000,337625.0,337663.67107629776
20180822103100,337750.0,337595.55155038834
20180822103200,337750.0,337605.91238737106
20180822103300,337875.0,337663.67107629776
20180822103400,337750.0,337731.80162906647
20180822103500,337750.0,337721.43417596817
20180822103600,337750.0,337663.67107629776
20180822103700,337750.0,337663.67107629776
20180822103800,337875.0,337663.67107629776
20180822103900,337750.0,337731.80162906647
20180822104000,337875.0,337721.43417596817
20180822104100,337875.0,337731.80162906647
20180822104200,337625.0,337789.57134485245
20180822104300,337625.0,337653.3058285713
20180822104400,337875.0,337537.7994775772
20180822104500,337875.0,337674.02970790863
20180822104600,337750.0,337789.57134485245
20180822104700,337750.0,337721.43417596817
20180822104800,337875.0,337663.67107629776
20180822104900,337875.0,337731.80162906647
20180822105000,337875.0,337789.57134485245
20180822105100,337875.0,337789.57134485245
20180822105200,337875.0,337789.57134485245
20180822105300,337250.0,337789.57134485245
20180822105400,336875.0,337448.97812604904
20180822105500,336750.0,336956.2539458275
20180822105600,336750.0,336715.20459651947
20180822105700,336750.0,336657.5319170952
20180822105800,336750.0,336657.5319170952
20180822105900,336750.0,336657.5319170952
20180822110000,336750.0,336657.5319170952
20180822110100,336875.0,336657.5319170952
20180822110200,336750.0,336725.5102992058
20180822110300,337125.0,336715.20459651947
20180822110400,337500.0,336861.5001440048
20180822110500,337250.0,337238.74884843826
20180822110600,337500.0,337275.80350637436
20180822110700,337375.0,337296.4854836464
20180822110800,337250.0,337343.87451410294
20180822110900,337500.0,337218.08010339737
20180822111000,337375.0,337296.4854836464
20180822111100,337375.0,337343.87451410294
20180822111200,337375.0,337286.1422896385
20180822111300,337250.0,337286.1422896385
20180822111400,336625.00000000006,337218.08010339737
20180822111500,337000.0,336820.2354311943
20180822111600,336750.0,336735.8115911484
20180822111700,337000.0,336772.8794813156
20180822111800,336875.0,336793.49970817566
20180822111900,336750.0,336840.8777117729
20180822112000,336750.0,336715.20459651947
20180822112100,336750.0,336657.5319170952
20180822112200,336875.0,336657.5319170952
20180822112300,336875.0,336725.5102992058
20180822112400,337000.0,336783.19400548935
20180822112500,336875.0,336851.1900305748
20180822112600,336875.0,336840.8777117729
20180822112700,336875.0,336783.19400548935
20180822112800,336750.0,336783.19400548935
20180822112900,336875.0,336715.20459651947
20180822113000,337375.0,336725.5102992058
20180822113100,337750.0,337055.24867773056
20180822113200,337750.0,337490.3972148895
20180822113300,337875.0,337663.67107629776
20180822113400,337875.0,337731.80162906647
20180822113500,337875.0,337789.57134485245
20180822113600,337875.0,337789.57134485245
20180822113700,338000.0,337789.57134485245
20180822113800,338250.0,337857.71733522415
20180822113900,337875.0,338051.83416604996
20180822114000,338250.0,337962.88710832596
20180822114100,338375.0,337994.04019117355
20180822114200,338250.0,338235.6276512146
20180822114300,338250.0,338225.2293229103
20180822114400,338375.0,338167.4309372902
20180822114500,338375.0,338235.6276512146
20180822114600,338375.0,338293.437063694
20180822114700,338250.0,338293.437063694
20180822114800,338125.0,338225.2293229103
20180822114900,338250.0,338099.24083948135
20180822115000,337750.0,338109.62814092636
20180822115100,337875.0,337894.72568035126
20180822115200,337750.0,337731.80162906647
20180822115300,337750.0,337721.43417596817
20180822115400,337750.0,337663.67107629776
20180822115500,337750.0,337663.67107629776
20180822115600,337875.0,337663.67107629776
20180822115700,337875.0,337731.80162906647
20180822115800,337875.0,337789.57134485245
20180822115900,338000.0,337789.57134485245
20180822120000,337875.0,337857.71733522415
20180822120100,337750.0,337847.3410606384
20180822120200,337750.0,337721.43417596817
20180822120300,337750.0,337663.67107629776
20180822120400,337875.0,337663.67107629776
20180822120500,337750.0,337731.80162906647
20180822120600,337625.0,337721.43417596817
20180822120700,337250.0,337595.55155038834
20180822120800,337250.0,337333.52249860764
20180822120900,337375.0,337160.3611111641
20180822121000,337500.0,337228.41888666153
20180822121100,337375.0,337354.2177081108
20180822121200,337375.0,337343.87451410294
20180822121300,337250.0,337286.1422896385
20180822121400,337250.0,337218.08010339737
20180822121500,337375.0,337160.3611111641
20180822121600,337375.0,337228.41888666153
20180822121700,337250.0,337286.1422896385
20180822121800,337375.0,337218.08010339737
20180822121900,337375.0,337228.41888666153
20180822122000,337375.0,337286.1422896385
20180822122100,337500.0,337286.1422896385
20180822122200,337375.0,337354.2177081108
20180822122300,337625.0,337343.87451410294
20180822122400,337875.0,337422.3019480705
20180822122500,337750.0,337674.02970790863
20180822122600,337750.0,337721.43417596817
20180822122700,338000.0,337663.67107629776
20180822122800,337750.0,337799.93438720703
20180822122900,337750.0,337779.19286489487
20180822123000,337875.0,337663.67107629776
20180822123100,337875.0,337731.80162906647
20180822123200,337875.0,337789.57134485245
20180822123300,337875.0,337789.57134485245
20180822123400,337875.0,337789.57134485245
20180822123500,337750.0,337789.57134485245
20180822123600,337750.0,337721.43417596817
20180822123700,337750.0,337663.67107629776
20180822123800,338000.0,337663.67107629776
20180822123900,337750.0,337799.93438720703
20180822124000,337750.0,337779.19286489487
20180822124100,337875.0,337663.67107629776
20180822124200,337750.0,337731.80162906647
20180822124300,337750.0,337721.43417596817
20180822124400,337875.0,337663.67107629776
20180822124500,337875.0,337731.80162906647
20180822124600,337875.0,337789.57134485245
20180822124700,337875.0,337789.57134485245
20180822124800,337875.0,337789.57134485245
20180822124900,337750.0,337789.57134485245
20180822125000,337875.0,337721.43417596817
20180822125100,337875.0,337731.80162906647
20180822125200,337875.0,337789.57134485245
20180822125300,337875.0,337789.57134485245
20180822125400,337875.0,337789.57134485245
20180822125500,337875.0,337789.57134485245
20180822125600,338125.0,337789.57134485245
20180822125700,338375.0,337925.8721470833
20180822125800,338375.0,338177.8182387352
20180822125900,338375.0,338293.437063694
20180822130000,338375.0,338293.437063694
20180822130100,338000.0,338293.437063694
20180822130200,337875.0,338088.8469219208
20180822130300,337750.0,337847.3410606384
20180822130400,337750.0,337721.43417596817
20180822130500,338000.0,337663.67107629776
20180822130600,337750.0,337799.93438720703
20180822130700,337875.0,337779.19286489487
20180822130800,337875.0,337731.80162906647
20180822130900,337875.0,337789.57134485245
20180822131000,337875.0,337789.57134485245
20180822131100,337500.0,337789.57134485245
20180822131200,337375.0,337585.1863026619
20180822131300,337250.0,337343.87451410294
20180822131400,337250.0,337218.08010339737
20180822131500,337375.0,337160.3611111641
20180822131600,337375.0,337228.41888666153
20180822131700,337375.0,337286.1422896385
20180822131800,337375.0,337286.1422896385
20180822131900,337375.0,337286.1422896385
20180822132000,337375.0,337286.1422896385
20180822132100,337375.0,337286.1422896385
20180822132200,337375.0,337286.1422896385
20180822132300,337375.0,337286.1422896385
20180822132400,337250.0,337286.1422896385
20180822132500,337375.0,337218.08010339737
20180822132600,337375.0,337228.41888666153
20180822132700,337250.0,337286.1422896385
20180822132800,337250.0,337218.08010339737
20180822132900,337250.0,337160.3611111641
20180822133000,337250.0,337160.3611111641
20180822133100,337250.0,337160.3611111641
20180822133200,337375.0,337160.3611111641
20180822133300,337375.0,337228.41888666153
20180822133400,337375.0,337286.1422896385
20180822133500,337375.0,337286.1422896385
20180822133600,337375.0,337286.1422896385
20180822133700,337250.0,337286.1422896385
20180822133800,337375.0,337218.08010339737
20180822133900,337250.0,337228.41888666153
20180822134000,337375.0,337218.08010339737
20180822134100,337375.0,337228.41888666153
20180822134200,337375.0,337286.1422896385
20180822134300,337375.0,337286.1422896385
20180822134400,337375.0,337286.1422896385
20180822134500,337625.0,337286.1422896385
20180822134600,337875.0,337422.3019480705
20180822134700,337875.0,337674.02970790863
20180822134800,337750.0,337789.57134485245
20180822134900,337875.0,337721.43417596817
20180822135000,337875.0,337731.80162906647
20180822135100,337875.0,337789.57134485245
20180822135200,337875.0,337789.57134485245
20180822135300,337750.0,337789.57134485245
20180822135400,337750.0,337721.43417596817
20180822135500,337875.0,337663.67107629776
20180822135600,337625.0,337731.80162906647
20180822135700,337875.0,337653.3058285713
20180822135800,337750.0,337674.02970790863
20180822135900,337625.0,337721.43417596817
20180822140000,338000.0,337595.55155038834
20180822140100,338375.0,337742.16026067734
20180822140200,338375.0,338120.01544237137
20180822140300,338875.0,338293.437063694
20180822140400,338875.0,338566.35624170303
20180822140500,338875.0,338797.73062467575
20180822140600,338875.0,338797.73062467575
20180822140700,338875.0,338797.73062467575
20180822140800,338875.0,338797.73062467575
20180822140900,338625.0,338797.73062467575
20180822141000,338375.0,338661.1872315407
20180822141100,338125.0,338409.0602993965
20180822141200,337750.0,338157.03040361404
20180822141300,337875.0,337836.960375309
20180822141400,337875.0,337731.80162906647
20180822141500,337875.0,337789.57134485245
20180822141600,337875.0,337789.57134485245
20180822141700,338000.0,337789.57134485245
20180822141800,337875.0,337857.71733522415
20180822141900,337875.0,337847.3410606384
20180822142000,337750.0,337789.57134485245
20180822142100,337750.0,337721.43417596817
20180822142200,337750.0,337663.67107629776
20180822142300,337750.0,337663.67107629776
20180822142400,337875.0,337663.67107629776
20180822142500,337875.0,337731.80162906647
20180822142600,337750.0,337789.57134485245
20180822142700,337625.0,337721.43417596817
20180822142800,337750.0,337595.55155038834
20180822142900,337875.0,337605.91238737106
20180822143000,337875.0,337731.80162906647
20180822143100,338250.0,337789.57134485245
20180822143200,338250.0,337994.04019117355
20180822143300,338375.0,338167.4309372902
20180822143400,338375.0,338235.6276512146
20180822143500,338375.0,338293.437063694
20180822143600,338375.0,338293.437063694
20180822143700,338375.0,338293.437063694
20180822143800,338375.0,338293.437063694
20180822143900,338250.0,338293.437063694
20180822144000,338375.0,338225.2293229103
20180822144100,338250.0,338235.6276512146
20180822144200,338375.0,338225.2293229103
20180822144300,338125.0,338235.6276512146
20180822144400,338375.0,338157.03040361404
20180822144500,338375.0,338177.8182387352
20180822144600,338250.0,338293.437063694
20180822144700,338250.0,338225.2293229103
20180822144800,338250.0,338167.4309372902
20180822144900,338125.0,338167.4309372902
20180822145000,338250.0,338099.24083948135
20180822145100,338125.0,338109.62814092636
20180822145200,338250.0,338099.24083948135
20180822145300,338375.0,338109.62814092636
20180822145400,338375.0,338235.6276512146
20180822145500,338375.0,338293.437063694
20180822145600,338250.0,338293.437063694
20180822145700,338250.0,338225.2293229103
20180822145800,338250.0,338167.4309372902
20180822145900,338375.0,338167.4309372902
20180822150000,338250.0,338235.6276512146
20180822150100,338375.0,338225.2293229103
20180822150200,338375.0,338235.6276512146
20180822150300,338375.0,338293.437063694
20180822150400,338375.0,338293.437063694
20180822150500,338125.0,338293.437063694
20180822150600,337875.0,338157.03040361404
20180822150700,337750.0,337905.1151871681
20180822150800,337875.0,337721.43417596817
20180822150900,337875.0,337731.80162906647
20180822151000,337750.0,337789.57134485245
20180822151100,337750.0,337721.43417596817
20180822151200,337625.0,337663.67107629776
20180822151300,337875.0,337595.55155038834
20180822151400,337750.0,337674.02970790863
20180822151500,337625.0,337721.43417596817
20180822151600,337750.0,337595.55155038834
20180822151700,337375.0,337605.91238737106
20180822151800,337375.0,337459.3411684036
20180822151900,337250.0,337286.1422896385
20180822153000,337500.0,337218.08010339737
20180823090000,339000.0,337296.4854836464
20180823090100,337750.0,338229.68858480453
20180823090200,338000.0,338241.3550019264
20180823090300,337750.0,337799.93438720703
20180823090400,338250.0,337779.19286489487
20180823090500,338500.0,337936.24180555344
20180823090600,338250.0,338303.83759737015
20180823090700,338000.0,338283.03653001785
20180823090800,338500.0,338031.05956315994
20180823090900,338500.0,338188.2055401802
20180823091000,339250.0,338419.4696545601
20180823091100,339500.0,338828.9939761162
20180823091200,339625.0,339312.8702044487
20180823091300,339500.0,339497.0011115074
20180823091400,339750.0,339486.53000593185
20180823091500,339625.0,339565.3676390648
20180823091600,339500.0,339612.79195547104
20180823091700,339375.0,339486.53000593185
20180823091800,339500.0,339360.2879047394
20180823091900,340000.0,339370.7568049431
20180823092000,339875.0,339702.1227478981
20180823092100,339750.0,339865.3776049614
20180823092200,340000.0,339739.07375335693
20180823092300,339750.0,339817.95328855515
20180823092400,339750.0,339796.9757914543
20180823092500,339750.0,339681.17171525955
20180823092600,339500.0,339681.17171525955
20180823092800,339500.0,339544.4188117981
20180823092900,339500.0,339428.6412000656
20180823093000,339250.0,339428.6412000656
20180823093100,339250.0,339291.95004701614
20180823093200,339500.0,339176.20331048965
20180823093400,339500.0,339312.8702044487
20180823093500,339500.0,339428.6412000656
20180823093600,339250.0,339428.6412000656
20180823093700,339250.0,339291.95004701614
20180823093800,339500.0,339176.20331048965
20180823093900,339250.0,339312.8702044487
20180823094000,339500.0,339291.95004701614
20180823094100,339250.0,339312.8702044487
20180823094200,339500.0,339291.95004701614
20180823094300,339500.0,339312.8702044487
20180823094400,339500.0,339428.6412000656
20180823094500,339000.0,339428.6412000656
20180823094600,339250.0,339155.2831530571
20180823094700,339500.0,339060.4609847069
20180823094800,339250.0,339312.8702044487
20180823094900,339500.0,339291.95004701614
20180823095000,339250.0,339312.8702044487
20180823095100,339500.0,339291.95004701614
20180823095200,339500.0,339312.8702044487
20180823095300,339250.0,339428.6412000656
20180823095400,339250.0,339291.95004701614
20180823095500,339375.0,339176.20331048965
20180823095600,339000.0,339244.5345520973
20180823095700,339000.0,339097.4274277687
20180823095800,338250.0,338923.86025190353
20180823095900,338500.0,338514.2565369606
20180823100000,338250.0,338303.83759737015
20180823100100,338000.0,338283.03653001785
20180823100200,338000.0,338031.05956315994
20180823100300,338000.0,337915.4936671257
20180823100400,337500.0,337915.4936671257
20180823100600,337500.0,337642.9295539856
20180823100700,337375.0,337411.9565486908
20180823100800,337000.0,337343.87451410294
20180823100900,337000.0,337081.98219537735
20180823101000,337000.0,336908.8869690895
20180823101100,337250.0,336908.8869690895
20180823101200,337000.0,337044.93194818497
20180823101300,337375.0,337024.2830514908
20180823101400,337250.0,337112.96766996384
20180823101500,337250.0,337218.08010339737
20180823101600,337125.0,337160.3611111641
20180823101700,337375.0,337092.3165678978
20180823101800,337000.0,337170.6910729408
20180823101900,337250.0,337081.98219537735
20180823102000,337250.0,337044.93194818497
20180823102100,338000.0,337160.3611111641
20180823102200,337875.0,337568.84229183197
20180823102300,337125.0,337847.3410606384
20180823102500,337375.0,337380.88726997375
20180823102600,337250.0,337170.6910729408
20180823102700,337250.0,337218.08010339737
20180823102800,337250.0,337160.3611111641
20180823102900,337250.0,337160.3611111641
20180823103000,337500.0,337160.3611111641
20180823103100,337750.0,337296.4854836464
20180823103200,337250.0,337548.15369844437
20180823103300,337500.0,337391.25031232834
20180823103400,337375.0,337296.4854836464
20180823103500,337500.0,337343.87451410294
20180823103600,337000.0,337354.2177081108
20180823103700,337250.0,337139.6835446358
20180823103800,337250.0,337044.93194818497
20180823103900,337375.0,337160.3611111641
20180823104000,337125.0,337228.41888666153
20180823104100,337250.0,337150.02673864365
20180823104200,337250.0,337102.64652967453
20180823104300,337125.0,337160.3611111641
20180823104400,337250.0,337092.3165678978
20180823104500,337250.0,337102.64652967453
20180823104600,337250.0,337160.3611111641
20180823104700,337375.0,337160.3611111641
20180823104800,337250.0,337228.41888666153
20180823104900,337375.0,337218.08010339737
20180823105000,336875.0,337228.41888666153
20180823105100,336250.00000000006,337013.9442682266
20180823105200,336000.0,336443.35502386093
20180823105300,336250.00000000006,336019.4340348244
20180823105400,336250.00000000006,336039.9594306946
20180823105500,336375.0,336155.20334243774
20180823105600,336250.00000000006,336223.10012578964
20180823105700,336375.0,336212.82309293747
20180823105800,337000.0,336223.10012578964
20180823105900,337375.0,336620.4419732094
20180823110000,337000.0,337112.96766996384
20180823110100,337250.0,337081.98219537735
20180823110200,337000.0,337044.93194818497
20180823110300,337250.0,337024.2830514908
20180823110400,337000.0,337044.93194818497
20180823110500,337250.0,337024.2830514908
20180823110600,337000.0,337044.93194818497
20180823110700,337250.0,337024.2830514908
20180823110800,337000.0,337044.93194818497
20180823110900,337250.0,337024.2830514908
20180823111000,337250.0,337044.93194818497
20180823111100,337125.0,337160.3611111641
20180823111200,337000.0,337092.3165678978
20180823111300,337125.0,336966.5794968605
20180823111400,336750.0,336976.9050478935
20180823111500,336750.0,336830.55877685547
20180823111600,337000.0,336657.5319170952
20180823111700,337125.0,336793.49970817566
20180823111800,337000.0,336976.9050478935
20180823111900,337250.0,336966.5794968605
20180823112000,337250.0,337044.93194818497
20180823112100,337250.0,337160.3611111641
20180823112200,337125.0,337160.3611111641
20180823112300,337500.0,337092.3165678978
20180823112400,338000.0,337238.74884843826
20180823112500,337625.0,337684.38613414764
20180823112600,337750.0,337711.05790138245
20180823112700,337750.0,337605.91238737106
20180823112800,337750.0,337663.67107629776
20180823112900,337750.0,337663.67107629776
20180823113000,337500.0,337663.67107629776
20180823113100,337750.0,337527.4430513382
20180823113200,337750.0,337548.15369844437
20180823113300,338000.0,337663.67107629776
20180823113400,337250.0,337799.93438720703
20180823113500,337375.0,337506.7037343979
20180823113700,337250.0,337228.41888666153
20180823113800,337250.0,337218.08010339737
20180823113900,337375.0,337160.3611111641
20180823114000,337250.0,337228.41888666153
20180823114100,337250.0,337218.08010339737
20180823114200,337375.0,337160.3611111641
20180823114300,337125.0,337228.41888666153
20180823114400,337250.0,337150.02673864365
20180823114500,337125.0,337102.64652967453
20180823114600,337250.0,337092.3165678978
20180823114700,337500.0,337102.64652967453
20180823114800,337125.0,337296.4854836464
20180823114900,337500.0,337207.7369093895
20180823115000,338000.0,337238.74884843826
20180823115100,338250.0,337684.38613414764
20180823115200,338375.0,338051.83416604996
20180823115300,338750.0,338235.6276512146
20180823115400,338500.0,338498.1110095978
20180823115500,338625.0,338535.11494398117
20180823115600,338750.0,338487.70385980606
20180823115700,338250.0,338613.7805581093
20180823115800,338375.0,338398.6421227455
20180823115900,338750.0,338235.6276512146
20180823120000,338500.0,338498.1110095978
20180823120100,338125.0,338535.11494398117
20180823120200,338500.0,338214.8265838623
20180823120300,338750.0,338246.0215687752
20180823120400,338625.0,338555.94688653946
20180823120500,338750.0,338603.35797071457
20180823120700,338625.0,338613.7805581093
20180823120800,338750.0,338603.35797071457
20180823120900,338750.0,338613.7805581093
20180823121000,338750.0,338671.6142296791
20180823121100,338875.0,338671.6142296791
20180823121200,338000.0,338739.88151550293
20180823121300,337750.0,338319.99415159225
20180823121400,337875.0,337779.19286489487
20180823121500,337875.0,337731.80162906647
20180823121600,338125.0,337789.57134485245
20180823121700,338250.0,337925.8721470833
20180823121800,338500.0,338109.62814092636
20180823121900,338375.0,338303.83759737015
20180823122000,338250.0,338351.2508869171
20180823122100,338000.0,338225.2293229103
20180823122200,338250.0,338031.05956315994
20180823122300,338250.0,338051.83416604996
20180823122400,338500.0,338167.4309372902
20180823122500,338125.0,338303.83759737015
20180823122600,337875.0,338214.8265838623
20180823122700,338000.0,337905.1151871681
20180823122800,337875.0,337857.71733522415
20180823122900,337750.0,337847.3410606384
20180823123000,338125.0,337721.43417596817
20180823123100,338250.0,337868.08478832245
20180823123200,338375.0,338109.62814092636
20180823123300,338250.0,338235.6276512146
20180823123400,338250.0,338225.2293229103
20180823123500,337750.0,338167.4309372902
20180823123600,338250.0,337894.72568035126
20180823123700,338250.0,337936.24180555344
20180823123800,338375.0,338167.4309372902
20180823123900,338000.0,338235.6276512146
20180823124000,338000.0,338088.8469219208
20180823124100,338250.0,337915.4936671257
20180823124200,338000.0,338051.83416604996
20180823124300,338000.0,338031.05956315994
20180823124400,337875.0,337915.4936671257
20180823124500,337750.0,337847.3410606384
20180823124600,337750.0,337721.43417596817
20180823124700,337750.0,337663.67107629776
20180823124800,337625.0,337663.67107629776
20180823124900,337500.0,337595.55155038834
20180823125000,337750.0,337469.69759464264
20180823125100,337750.0,337548.15369844437
20180823125200,337750.0,337663.67107629776
20180823125300,337750.0,337663.67107629776
20180823125400,337875.0,337663.67107629776
20180823125500,337750.0,337731.80162906647
20180823125600,337750.0,337721.43417596817
20180823125700,337625.0,337663.67107629776
20180823125800,337375.0,337595.55155038834
20180823125900,336875.0,337401.60673856735
20180823130000,336750.0,337013.9442682266
20180823130100,336750.0,336715.20459651947
20180823130200,336875.0,336657.5319170952
20180823130300,337000.0,336725.5102992058
20180823130400,336750.0,336851.1900305748
20180823130500,336875.0,336772.8794813156
20180823130600,337000.0,336725.5102992058
20180823130700,337125.0,336851.1900305748
20180823130800,337250.0,336976.9050478935
20180823130900,337375.0,337102.64652967453
20180823131000,337125.0,337228.41888666153
20180823131100,337125.0,337150.02673864365
20180823131200,337000.0,337034.60639715195
20180823131300,336750.0,336966.5794968605
20180823131400,336750.0,336772.8794813156
20180823131500,337000.0,336657.5319170952
20180823131600,336875.0,336793.49970817566
20180823131700,336875.0,336840.8777117729
20180823131800,336875.0,336783.19400548935
20180823131900,336750.0,336783.19400548935
20180823132000,336625.00000000006,336715.20459651947
20180823132100,336750.0,336589.562356472
20180823132200,336750.0,336599.86144304276
20180823132300,336875.0,336657.5319170952
20180823132400,336750.0,336725.5102992058
20180823132500,336750.0,336715.20459651947
20180823132600,336750.0,336657.5319170952
20180823132700,337000.0,336657.5319170952
20180823132800,336875.0,336793.49970817566
20180823132900,336875.0,336840.8777117729
20180823133000,336750.0,336783.19400548935
20180823133100,336750.0,336715.20459651947
20180823133200,336625.00000000006,336657.5319170952
20180823133300,336875.0,336589.562356472
20180823133400,336750.0,336667.8310036659
20180823133500,336750.0,336715.20459651947
20180823133600,337000.0,336657.5319170952
20180823133700,336750.0,336793.49970817566
20180823133800,336750.0,336772.8794813156
20180823133900,336625.00000000006,336657.5319170952
20180823134000,336625.00000000006,336589.562356472
20180823134100,336625.00000000006,336531.900703907
20180823134200,336750.0,336531.900703907
20180823134300,336875.0,336599.86144304276
20180823134400,336750.0,336725.5102992058
20180823134500,336625.00000000006,336715.20459651947
20180823134600,336750.0,336589.562356472
20180823134700,336500.0,336599.86144304276
20180823134800,336250.00000000006,336521.6016173363
20180823134900,336250.00000000006,336270.4516649246
20180823135000,336375.0,336155.20334243774
20180823135100,336250.00000000006,336223.10012578964
20180823135200,336500.0,336212.82309293747
20180823135300,336750.0,336291.0145521164
20180823135400,336750.0,336542.1931743622
20180823135500,336500.0,336657.5319170952
20180823135600,336625.00000000006,336521.6016173363
20180823135700,336750.0,336474.24125671387
20180823135800,337125.0,336599.86144304276
20180823135900,337000.0,336861.5001440048
20180823140000,336750.0,336966.5794968605
20180823140100,336875.0,336772.8794813156
20180823140200,336750.0,336725.5102992058
20180823140300,336750.0,336715.20459651947
20180823140400,336875.0,336657.5319170952
20180823140500,336750.0,336725.5102992058
20180823140600,336875.0,336715.20459651947
20180823140700,336750.0,336725.5102992058
20180823140800,336750.0,336715.20459651947
20180823140900,336750.0,336657.5319170952
20180823141000,336750.0,336657.5319170952
20180823141100,336375.0,336657.5319170952
20180823141200,336375.0,336453.6541104317
20180823141300,336125.0,336280.73531389236
20180823141400,336125.0,336144.9241042137
20180823141500,336250.00000000006,336029.70004081726
20180823141600,336250.00000000006,336097.5791811943
20180823141700,336125.0,336155.20334243774
20180823141800,335874.99999999994,336087.31096982956
20180823141900,336125.0,335893.974840641
20180823142000,336125.0,335914.4825935364
20180823142100,336250.00000000006,336029.70004081726
20180823142200,336125.0,336097.5791811943
20180823142300,336125.0,336087.31096982956
20180823142400,336250.00000000006,336029.70004081726
20180823142500,336250.00000000006,336097.5791811943
20180823142600,336125.0,336155.20334243774
20180823142700,336125.0,336087.31096982956
20180823142800,336250.00000000006,336029.70004081726
20180823142900,336125.0,336097.5791811943
20180823143000,336375.0,336087.31096982956
20180823143100,336375.0,336165.46934843063
20180823143200,336250.00000000006,336280.73531389236
20180823143300,336125.0,336212.82309293747
20180823143400,336250.00000000006,336087.31096982956
20180823143500,336250.00000000006,336097.5791811943
20180823143600,336250.00000000006,336155.20334243774
20180823143700,336625.00000000006,336155.20334243774
20180823143800,336375.0,336358.931183815
20180823143900,336250.00000000006,336396.0123062134
20180823144000,336125.0,336212.82309293747
20180823144100,336125.0,336087.31096982956
20180823144200,336500.0,336029.70004081726
20180823144300,336625.00000000006,336233.3683371544
20180823144400,336375.0,336474.24125671387
20180823144500,336250.00000000006,336396.0123062134
20180823144600,336125.0,336212.82309293747
20180823144700,336250.00000000006,336087.31096982956
20180823144800,336750.0,336097.5791811943
20180823144900,336750.0,336426.86545848846
20180823145000,336375.0,336657.5319170952
20180823145100,336750.0,336453.6541104317
20180823145200,336625.00000000006,336484.5249056816
20180823145300,336250.00000000006,336589.562356472
20180823145400,336250.00000000006,336328.0846476555
20180823145500,336250.00000000006,336155.20334243774
20180823145600,336125.0,336155.20334243774
20180823145700,336125.0,336087.31096982956
20180823145800,336250.00000000006,336029.70004081726
20180823145900,336125.0,336097.5791811943
20180823150000,336250.00000000006,336087.31096982956
20180823150100,336875.0,336097.5791811943
20180823150200,337250.0,336494.80414390564
20180823150300,336500.0,336987.2173666954
20180823150400,336500.0,336752.237200737
20180823150500,336875.0,336406.30036592484
20180823150600,337250.0,336610.15170812607
20180823150700,337250.0,336987.2173666954
20180823150800,337375.0,337160.3611111641
20180823150900,337500.0,337228.41888666153
20180823151000,337250.0,337354.2177081108
20180823151100,337250.0,337275.80350637436
20180823151200,337750.0,337160.3611111641
20180823151300,338000.0,337432.64293670654
20180823151400,337875.0,337799.93438720703
20180823151500,338000.0,337847.3410606384
20180823151600,337875.0,337857.71733522415
20180823151700,337875.0,337847.3410606384
20180823151800,338250.0,337789.57134485245
20180823151900,338375.0,337994.04019117355
20180823153000,337500.0,338235.6276512146
20180823153500,337500.0,337816.18136167526
20180824090000,339500.0,337411.9565486908
20180824090100,340375.0,338502.55262851715
20180824090200,340499.99999999994,339907.3149561882
20180824090300,339750.0,340381.3287615776
20180824090400,339250.0,340028.58394384384
20180824090500,339500.0,339407.6923727989
20180824090600,339750.0,339312.8702044487
20180824090700,340000.0,339565.3676390648
20180824090800,340000.0,339817.95328855515
20180824090900,339875.0,339933.7838292122
20180824091000,339750.0,339865.3776049614
20180824091100,339875.0,339739.07375335693
20180824091200,339875.0,339749.5558857918
20180824091300,339500.0,339807.46454000473
20180824091400,338875.0,339602.3032069206
20180824091500,338750.0,339086.9651436806
20180824091600,338500.0,338729.45231199265
20180824091700,338500.0,338535.11494398117
20180824091800,338750.0,338419.4696545601
20180824091900,338750.0,338555.94688653946
20180824092000,338750.0,338671.6142296791
20180824092100,338875.0,338671.6142296791
20180824092200,338750.0,338739.88151550293
20180824092300,339000.0,338729.45231199265
20180824092400,338750.0,338808.1576228142
20180824092500,338500.0,338787.2948050499
20180824092700,338250.0,338535.11494398117
20180824093000,337750.0,338283.03653001785
20180824093100,338000.0,337894.72568035126
20180824093200,338000.0,337799.93438720703
20180824093300,337875.0,337915.4936671257
20180824093400,337375.0,337847.3410606384
20180824093500,337500.0,337517.0755982399
20180824093600,337250.0,337354.2177081108
20180824093700,337250.0,337275.80350637436
20180824093900,337250.0,337160.3611111641
20180824094000,337500.0,337160.3611111641
20180824094100,338250.0,337296.4854836464
20180824094200,338500.0,337820.65826654434
20180824094300,339000.0,338303.83759737015
20180824094400,339125.0,338692.4549937248
20180824094500,339000.0,338992.1562075615
20180824094600,339500.0,338981.7159771919
20180824094700,339250.0,339197.10141420364
20180824094800,339500.0,339291.95004701614
20180824094900,339500.0,339312.8702044487
20180824095000,339125.0,339428.6412000656
20180824095100,339000.0,339223.61439466476
20180824095200,339000.0,338981.7159771919
20180824095300,339000.0,338923.86025190353
20180824095400,339000.0,338923.86025190353
20180824095500,339000.0,338923.86025190353
20180824095600,338750.0,338923.86025190353
20180824095700,339000.0,338787.2948050499
20180824095800,338750.0,338808.1576228142
20180824095900,338875.0,338787.2948050499
20180824100000,339250.0,338739.88151550293
20180824100100,339250.0,339002.5942325592
20180824100200,338250.0,339176.20331048965
20180824100300,338500.0,338629.8709511757
20180824100400,338750.0,338303.83759737015
20180824100500,338250.0,338555.94688653946
20180824100600,338250.0,338398.6421227455
20180824100700,338500.0,338167.4309372902
20180824100800,338250.0,338303.83759737015
20180824100900,338500.0,338283.03653001785
20180824101000,338250.0,338303.83759737015
20180824101100,338125.0,338283.03653001785
20180824101200,338500.0,338099.24083948135
20180824101300,338250.0,338246.0215687752
20180824101400,338250.0,338283.03653001785
20180824101500,338500.0,338167.4309372902
20180824101600,338250.0,338303.83759737015
20180824101700,338250.0,338283.03653001785
20180824101800,338250.0,338167.4309372902
20180824101900,338375.0,338167.4309372902
20180824102000,338250.0,338235.6276512146
20180824102100,338375.0,338225.2293229103
20180824102200,338375.0,338235.6276512146
20180824102300,338250.0,338293.437063694
20180824102400,338500.0,338225.2293229103
20180824102500,338625.0,338303.83759737015
20180824102600,338500.0,338487.70385980606
20180824102700,338250.0,338477.29229927063
20180824102800,338125.0,338283.03653001785
20180824102900,338375.0,338099.24083948135
20180824103000,338250.0,338177.8182387352
20180824103100,338000.0,338225.2293229103
20180824103200,338250.0,338031.05956315994
20180824103300,338375.0,338051.83416604996
20180824103400,338250.0,338235.6276512146
20180824103500,338375.0,338225.2293229103
20180824103600,338375.0,338235.6276512146
20180824103700,338250.0,338293.437063694
20180824103800,338250.0,338225.2293229103
20180824103900,338750.0,338167.4309372902
20180824104000,338750.0,338440.2795433998
20180824104100,338875.0,338671.6142296791
20180824104200,338625.0,338739.88151550293
20180824104300,338750.0,338661.1872315407
20180824104400,338750.0,338613.7805581093
20180824104500,338750.0,338671.6142296791
20180824104600,338875.0,338671.6142296791
20180824104700,338875.0,338739.88151550293
20180824104800,338750.0,338797.73062467575
20180824104900,338750.0,338729.45231199265
20180824105000,338750.0,338671.6142296791
20180824105100,338750.0,338671.6142296791
20180824105200,338875.0,338671.6142296791
20180824105300,338875.0,338739.88151550293
20180824105400,338875.0,338797.73062467575
20180824105500,338750.0,338797.73062467575
20180824105600,338750.0,338729.45231199265
20180824105700,338875.0,338671.6142296791
20180824105800,338875.0,338739.88151550293
20180824105900,338875.0,338797.73062467575
20180824110000,338625.0,338797.73062467575
20180824110100,338750.0,338661.1872315407
20180824110200,338750.0,338613.7805581093
20180824110300,338750.0,338671.6142296791
20180824110400,338750.0,338671.6142296791
20180824110500,338750.0,338671.6142296791
20180824110600,338750.0,338671.6142296791
20180824110700,338875.0,338671.6142296791
20180824110800,338750.0,338739.88151550293
20180824110900,338750.0,338729.45231199265
20180824111000,338875.0,338671.6142296791
20180824111100,338875.0,338739.88151550293
20180824111200,338875.0,338797.73062467575
20180824111300,338875.0,338797.73062467575
20180824111400,338875.0,338797.73062467575
20180824111500,338750.0,338797.73062467575
20180824111600,338750.0,338729.45231199265
20180824111700,338875.0,338671.6142296791
20180824111800,338875.0,338739.88151550293
20180824111900,338375.0,338797.73062467575
20180824112000,338250.0,338524.68794584274
20180824112100,338250.0,338225.2293229103
20180824112200,338125.0,338167.4309372902
20180824112300,338375.0,338099.24083948135
20180824112400,338500.0,338177.8182387352
20180824112500,338250.0,338361.6536259651
20180824112600,338125.0,338283.03653001785
20180824112700,338250.0,338099.24083948135
20180824112800,337750.0,338109.62814092636
20180824112900,337750.0,337894.72568035126
20180824113000,337750.0,337663.67107629776
20180824113100,337750.0,337663.67107629776
20180824113200,337875.0,337663.67107629776
20180824113300,337875.0,337731.80162906647
20180824113400,337750.0,337789.57134485245
20180824113500,337875.0,337721.43417596817
20180824113600,337750.0,337731.80162906647
20180824113700,337875.0,337721.43417596817
20180824113800,337875.0,337731.80162906647
20180824113900,337875.0,337789.57134485245
20180824114000,337875.0,337789.57134485245
20180824114100,337875.0,337789.57134485245
20180824114200,337875.0,337789.57134485245
20180824114300,337750.0,337789.57134485245
20180824114400,337625.0,337721.43417596817
20180824114500,337625.0,337595.55155038834
20180824114600,337750.0,337537.7994775772
20180824114700,337750.0,337605.91238737106
20180824114800,337750.0,337663.67107629776
20180824114900,337750.0,337663.67107629776
20180824115000,337875.0,337663.67107629776
20180824115100,337750.0,337731.80162906647
20180824115200,338250.0,337721.43417596817
20180824115300,338750.0,337936.24180555344
20180824115400,338625.0,338440.2795433998
20180824115500,338500.0,338603.35797071457
20180824115600,338125.0,338477.29229927063
20180824115700,338125.0,338214.8265838623
20180824115800,337875.0,338041.44686460495
20180824115900,337750.0,337905.1151871681
20180824120000,337750.0,337721.43417596817
20180824120100,337750.0,337663.67107629776
20180824120200,337875.0,337663.67107629776
20180824120300,337625.0,337731.80162906647
20180824120400,337875.0,337653.3058285713
20180824120500,337875.0,337674.02970790863
20180824120600,337625.0,337789.57134485245
20180824120700,337875.0,337653.3058285713
20180824120800,337750.0,337674.02970790863
20180824120900,337875.0,337721.43417596817
20180824121000,337875.0,337731.80162906647
20180824121100,337750.0,337789.57134485245
20180824121200,337750.0,337721.43417596817
20180824121300,337875.0,337663.67107629776
20180824121400,337750.0,337731.80162906647
20180824121500,337750.0,337721.43417596817
20180824121600,338250.0,337663.67107629776
20180824121700,338250.0,337936.24180555344
20180824121800,338125.0,338167.4309372902
20180824121900,338500.0,338099.24083948135
20180824122000,338250.0,338246.0215687752
20180824122100,338250.0,338283.03653001785
20180824122200,338250.0,338167.4309372902
20180824122300,338250.0,338167.4309372902
20180824122400,338250.0,338167.4309372902
20180824122500,338250.0,338167.4309372902
20180824122600,338250.0,338167.4309372902
20180824122700,338250.0,338167.4309372902
20180824122800,338250.0,338167.4309372902
20180824122900,338250.0,338167.4309372902
20180824123000,338250.0,338167.4309372902
20180824123100,338250.0,338167.4309372902
20180824123200,338250.0,338167.4309372902
20180824123300,338250.0,338167.4309372902
20180824123400,338250.0,338167.4309372902
20180824123500,338250.0,338167.4309372902
20180824123600,338250.0,338167.4309372902
20180824123700,338250.0,338167.4309372902
20180824123800,338250.0,338167.4309372902
20180824123900,338250.0,338167.4309372902
20180824124000,338125.0,338167.4309372902
20180824124100,338375.0,338099.24083948135
20180824124200,338250.0,338177.8182387352
20180824124300,338250.0,338225.2293229103
20180824124400,338375.0,338167.4309372902
20180824124500,338250.0,338235.6276512146
20180824124600,338250.0,338225.2293229103
20180824124700,338250.0,338167.4309372902
20180824124800,338250.0,338167.4309372902
20180824124900,338375.0,338167.4309372902
20180824125000,338375.0,338235.6276512146
20180824125100,338375.0,338293.437063694
20180824125200,338125.0,338293.437063694
20180824125300,338375.0,338157.03040361404
20180824125400,338375.0,338177.8182387352
20180824125500,338250.0,338293.437063694
20180824125600,338125.0,338225.2293229103
20180824125700,338250.0,338099.24083948135
20180824125800,338250.0,338109.62814092636
20180824125900,338375.0,338167.4309372902
20180824130000,338250.0,338235.6276512146
20180824130100,338250.0,338225.2293229103
20180824130200,338375.0,338167.4309372902
20180824130300,338250.0,338235.6276512146
20180824130400,338125.0,338225.2293229103
20180824130500,338250.0,338099.24083948135
20180824130600,338375.0,338109.62814092636
20180824130700,338250.0,338235.6276512146
20180824130800,338375.0,338225.2293229103
20180824130900,338125.0,338235.6276512146
20180824131000,338250.0,338157.03040361404
20180824131100,338375.0,338109.62814092636
20180824131200,338250.0,338235.6276512146
20180824131300,338375.0,338225.2293229103
20180824131400,338375.0,338235.6276512146
20180824131500,338625.0,338293.437063694
20180824131600,338750.0,338429.87900972366
20180824131700,338750.0,338613.7805581093
20180824131800,338875.0,338671.6142296791
20180824131900,338875.0,338739.88151550293
20180824132000,338875.0,338797.73062467575
20180824132100,338750.0,338797.73062467575
20180824132200,338750.0,338729.45231199265
20180824132300,338750.0,338671.6142296791
20180824132400,338750.0,338671.6142296791
20180824132500,339250.0,338671.6142296791
20180824132600,338625.0,338944.72748041153
20180824132700,338750.0,338834.6816301346
20180824132800,338750.0,338613.7805581093
20180824132900,338875.0,338671.6142296791
20180824133000,339375.0,338739.88151550293
20180824133100,339375.0,339070.9034204483
20180824133200,339375.0,339302.40792036057
20180824133300,339250.0,339302.40792036057
20180824133400,339375.0,339234.0766787529
20180824133500,339250.0,339244.5345520973
20180824133600,339250.0,339234.0766787529
20180824133700,339375.0,339176.20331048965
20180824133800,339375.0,339244.5345520973
20180824133900,339250.0,339302.40792036057
20180824134000,339250.0,339234.0766787529
20180824134100,339375.0,339176.20331048965
20180824134200,339375.0,339244.5345520973
20180824134300,339000.0,339302.40792036057
20180824134400,338875.0,339097.4274277687
20180824134500,338750.0,338855.573117733
20180824134600,338875.0,338729.45231199265
20180824134700,338875.0,338739.88151550293
20180824134800,338750.0,338797.73062467575
20180824134900,338750.0,338729.45231199265
20180824135000,338875.0,338671.6142296791
20180824135100,338625.0,338739.88151550293
20180824135200,338875.0,338661.1872315407
20180824135300,338875.0,338682.03461170197
20180824135400,338750.0,338797.73062467575
20180824135500,339000.0,338729.45231199265
20180824135600,338875.0,338808.1576228142
20180824135700,338875.0,338855.573117733
20180824135800,338625.0,338797.73062467575
20180824135900,338750.0,338661.1872315407
20180824140000,338750.0,338613.7805581093
20180824140100,338875.0,338671.6142296791
20180824140200,338875.0,338739.88151550293
20180824140300,339000.0,338797.73062467575
20180824140400,339750.0,338866.00893735886
20180824140500,339625.0,339333.76610279083
20180824140600,339625.0,339612.79195547104
20180824140700,339625.0,339554.8965334892
20180824140800,339625.0,339554.8965334892
20180824140900,339625.0,339554.8965334892
20180824141000,339750.0,339554.8965334892
20180824141100,339875.0,339623.26967716217
20180824141200,340250.0,339749.5558857918
20180824141300,340124.99999999994,340012.6986503601
20180824141400,340250.0,340118.051469326
20180824141500,340250.0,340128.56006622314
20180824141600,340250.0,340186.4885687828
20180824141700,340375.0,340186.4885687828
20180824141800,340250.0,340254.9300789833
20180824141900,340124.99999999994,340244.4192767143
20180824142000,340124.99999999994,340118.051469326
20180824142100,340250.0,340060.1251721382
20180824142200,340250.0,340128.56006622314
20180824142300,340250.0,340186.4885687828
20180824142400,340124.99999999994,340186.4885687828
20180824142500,339625.0,340118.051469326
20180824142600,339250.0,339786.47381067276
20180824142700,339125.0,339349.82120990753
20180824142800,339125.0,339107.8853011131
20180824142900,339125.0,339050.02295970917
20180824143000,339125.0,339050.02295970917
20180824143100,339250.0,339050.02295970917
20180824143200,339125.0,339118.3343529701
20180824143300,339125.0,339107.8853011131
20180824143400,339125.0,339050.02295970917
20180824143500,339125.0,339050.02295970917
20180824143600,339250.0,339050.02295970917
20180824143700,339125.0,339118.3343529701
20180824143800,339125.0,339107.8853011131
20180824143900,339125.0,339050.02295970917
20180824144000,339125.0,339050.02295970917
20180824144100,339125.0,339050.02295970917
20180824144200,339250.0,339050.02295970917
20180824144300,339125.0,339118.3343529701
20180824144400,339250.0,339107.8853011131
20180824144500,339250.0,339118.3343529701
20180824144600,339250.0,339176.20331048965
20180824144700,339125.0,339176.20331048965
20180824144800,339125.0,339107.8853011131
20180824144900,339250.0,339050.02295970917
20180824145000,339375.0,339118.3343529701
20180824145100,339125.0,339244.5345520973
20180824145200,339250.0,339165.74543714523
20180824145300,339375.0,339118.3343529701
20180824145400,339375.0,339244.5345520973
20180824145500,339375.0,339302.40792036057
20180824145600,339000.0,339302.40792036057
20180824145700,338750.0,339097.4274277687
20180824145800,338500.0,338787.2948050499
20180824145900,338125.0,338535.11494398117
20180824150000,338250.0,338214.8265838623
20180824150100,338625.0,338109.62814092636
20180824150200,338875.0,338372.05415964127
20180824150300,338625.0,338682.03461170197
20180824150400,339000.0,338661.1872315407
20180824150500,339250.0,338750.3063082695
20180824150600,339375.0,339060.4609847069
20180824150700,339250.0,339244.5345520973
20180824150800,338750.0,339234.0766787529
20180824150900,339000.0,338902.970969677
20180824151000,339000.0,338808.1576228142
20180824151100,339125.0,338923.86025190353
20180824151200,339250.0,338992.1562075615
20180824151300,339250.0,339118.3343529701
20180824151400,339375.0,339176.20331048965
20180824151500,339000.0,339244.5345520973
20180824151600,338875.0,339097.4274277687
20180824151700,338500.0,338855.573117733
20180824151800,338250.0,338592.93538331985
20180824151900,338250.0,338283.03653001785
20180824153000,338500.0,338167.4309372902
20180824153500,338500.0,338303.83759737015
20180827090000,340250.0,338419.4696545601
20180827090100,340499.99999999994,339375.4851222038
20180827090200,341000.0,340323.3870267868
20180827090300,340875.00000000006,340713.20194005966
20180827090400,341000.0,340876.55383348465
20180827090500,340499.99999999994,340887.10874319077
20180827090600,340375.0,340671.04625701904
20180827090700,340250.0,340370.80693244934
20180827090800,340000.0,340244.4192767143
20180827090900,340250.0,340049.61878061295
20180827091000,340000.0,340070.6293582916
20180827091100,339500.0,340049.61878061295
20180827091200,339375.0,339660.1942181587
20180827091300,338875.0,339360.2879047394
20180827091400,338750.0,339029.1182398796
20180827091500,339500.0,338729.45231199265
20180827091600,340750.0,339081.3326239586
20180827091700,340750.0,340112.5689148903
20180827091800,340499.99999999994,340692.13622808456
20180827091900,340750.0,340555.16278743744
20180827092000,340750.0,340576.2240886688
20180827092100,340250.0,340692.13622808456
20180827092200,340000.0,340418.209195137
20180827092300,340000.0,340049.61878061295
20180827092400,340000.0,339933.7838292122
20180827092500,339625.0,339933.7838292122
20180827092600,339250.0,339728.58279943466
20180827092800,339125.0,339349.82120990753
20180827092900,339000.0,339107.8853011131
20180827093000,339625.0,338981.7159771919
20180827093100,340375.0,339265.4282450676
20180827093200,340875.00000000006,339965.25007486343
20180827093300,341125.0,340586.7415070534
20180827093400,341000.0,340955.62303066254
20180827093600,340499.99999999994,341003.0407309532
20180827093700,340000.0,340671.04625701904
20180827093800,340000.0,340165.4537320137
20180827093900,339500.0,339933.7838292122
20180827094000,339500.0,339660.1942181587
20180827094100,339750.0,339428.6412000656
20180827094200,339750.0,339565.3676390648
20180827094300,339500.0,339681.17171525955
20180827094400,339500.0,339544.4188117981
20180827094500,339500.0,339428.6412000656
20180827094600,339500.0,339428.6412000656
20180827094700,339875.0,339428.6412000656
20180827094800,339750.0,339633.74078273773
20180827094900,339875.0,339739.07375335693
20180827095000,339875.0,339749.5558857918
20180827095100,339875.0,339807.46454000473
20180827095200,339875.0,339807.46454000473
20180827095300,339750.0,339807.46454000473
20180827095400,340000.0,339739.07375335693
20180827095500,339875.0,339817.95328855515
20180827095600,340250.0,339865.3776049614
20180827095700,340000.0,340012.6986503601
20180827095800,340000.0,340049.61878061295
20180827095900,340250.0,339933.7838292122
20180827100100,340499.99999999994,340070.6293582916
20180827100200,340499.99999999994,340323.3870267868
20180827100300,340250.0,340439.27270174026
20180827100400,340499.99999999994,340302.3521900177
20180827100500,340625.0,340323.3870267868
20180827100600,340499.99999999994,340507.74508714676
20180827100700,340625.0,340497.2166419029
20180827100800,340250.0,340507.74508714676
20180827100900,340000.0,340360.28069257736
20180827101000,340000.0,340049.61878061295
20180827101100,339750.0,339933.7838292122
20180827101200,339625.0,339796.9757914543
20180827101300,339750.0,339612.79195547104
20180827101400,339500.0,339623.26967716217
20180827101500,339625.0,339544.4188117981
20180827101600,339500.0,339497.0011115074
20180827101700,339750.0,339486.53000593185
20180827101800,339500.0,339565.3676390648
20180827101900,339500.0,339544.4188117981
20180827102000,339500.0,339428.6412000656
20180827102100,339500.0,339428.6412000656
20180827102200,339250.0,339428.6412000656
20180827102300,339000.0,339291.95004701614
20180827102400,339000.0,339039.5717024803
20180827102500,339125.0,338923.86025190353
20180827102600,339000.0,338992.1562075615
20180827102700,339125.0,338981.7159771919
20180827102800,339000.0,338992.1562075615
20180827102900,339250.0,338981.7159771919
20180827103000,339125.0,339060.4609847069
20180827103100,339125.0,339107.8853011131
20180827103200,339250.0,339050.02295970917
20180827103300,339250.0,339118.3343529701
20180827103400,339000.0,339176.20331048965
20180827103500,339125.0,339039.5717024803
20180827103600,339250.0,338992.1562075615
20180827103700,339125.0,339118.3343529701
20180827103800,339125.0,339107.8853011131
20180827103900,339250.0,339050.02295970917
20180827104000,339000.0,339118.3343529701
20180827104100,339125.0,339039.5717024803
20180827104200,339250.0,338992.1562075615
20180827104300,339000.0,339118.3343529701
20180827104400,339125.0,339039.5717024803
20180827104500,339250.0,338992.1562075615
20180827104600,339250.0,339118.3343529701
20180827104700,339125.0,339176.20331048965
20180827104800,339000.0,339107.8853011131
20180827104900,339000.0,338981.7159771919
20180827105000,339375.0,338923.86025190353
20180827105100,339250.0,339128.7789940834
20180827105200,339125.0,339234.0766787529
20180827105300,339125.0,339107.8853011131
20180827105400,339250.0,339050.02295970917
20180827105500,339125.0,339118.3343529701
20180827105600,338875.0,339107.8853011131
20180827105700,338625.0,338913.4178161621
20180827105800,338750.0,338661.1872315407
20180827105900,338625.0,338613.7805581093
20180827110000,338250.0,338603.35797071457
20180827110100,338250.0,338340.8371210098
20180827110200,338125.0,338167.4309372902
20180827110300,338125.0,338099.24083948135
20180827110400,338000.0,338041.44686460495
20180827110500,338000.0,337973.2766151428
20180827110600,338125.0,337915.4936671257
20180827110700,338000.0,337983.661711216
20180827110800,338000.0,337973.2766151428
20180827110900,338125.0,337915.4936671257
20180827111000,338000.0,337983.661711216
20180827111100,338125.0,337973.2766151428
20180827111200,338250.0,337983.661711216
20180827111300,338000.0,338109.62814092636
20180827111400,338250.0,338031.05956315994
20180827111500,338125.0,338051.83416604996
20180827111600,338125.0,338099.24083948135
20180827111700,338125.0,338041.44686460495
20180827111800,338000.0,338041.44686460495
20180827111900,338125.0,337973.2766151428
20180827112000,338125.0,337983.661711216
20180827112100,338125.0,338041.44686460495
20180827112200,338125.0,338041.44686460495
20180827112300,338125.0,338041.44686460495
20180827112400,338125.0,338041.44686460495
20180827112500,338250.0,338041.44686460495
20180827112600,338125.0,338109.62814092636
20180827112700,338000.0,338099.24083948135
20180827112800,338125.0,337973.2766151428
20180827112900,337750.0,337983.661711216
20180827113000,337625.0,337836.960375309
20180827113100,337750.0,337595.55155038834
20180827113200,337750.0,337605.91238737106
20180827113300,337625.0,337663.67107629776
20180827113400,337625.0,337595.55155038834
20180827113500,337500.0,337537.7994775772
20180827113600,337500.0,337469.69759464264
20180827113700,337750.0,337411.9565486908
20180827113800,337625.0,337548.15369844437
20180827113900,337625.0,337595.55155038834
20180827114000,337625.0,337537.7994775772
20180827114100,337500.0,337537.7994775772
20180827114200,337625.0,337469.69759464264
20180827114300,337500.0,337480.0474047661
20180827114400,337750.0,337469.69759464264
20180827114500,337625.0,337548.15369844437
20180827114600,337625.0,337595.55155038834
20180827114700,337375.0,337537.7994775772
20180827114800,337125.0,337401.60673856735
20180827114900,337125.0,337150.02673864365
20180827115000,337250.0,337034.60639715195
20180827115100,337125.0,337102.64652967453
20180827115200,337125.0,337092.3165678978
20180827115300,337250.0,337034.60639715195
20180827115400,337250.0,337102.64652967453
20180827115500,337125.0,337160.3611111641
20180827115600,337375.0,337092.3165678978
20180827115700,337125.0,337170.6910729408
20180827115800,337125.0,337150.02673864365
20180827115900,337125.0,337034.60639715195
20180827120000,337125.0,337034.60639715195
20180827120100,337375.0,337034.60639715195
20180827120200,337375.0,337170.6910729408
20180827120300,337250.0,337286.1422896385
20180827120400,337250.0,337218.08010339737
20180827120500,337125.0,337160.3611111641
20180827120600,337375.0,337092.3165678978
20180827120700,337125.0,337170.6910729408
20180827120800,337250.0,337150.02673864365
20180827120900,337375.0,337102.64652967453
20180827121000,337625.0,337228.41888666153
20180827121100,337750.0,337422.3019480705
20180827121200,337875.0,337605.91238737106
20180827121300,338125.0,337731.80162906647
20180827121400,338375.0,337925.8721470833
20180827121500,338250.0,338177.8182387352
20180827121600,338375.0,338225.2293229103
20180827121700,338250.0,338235.6276512146
20180827121800,338125.0,338225.2293229103
20180827121900,338500.0,338099.24083948135
20180827122000,338250.0,338246.0215687752
20180827122100,338250.0,338283.03653001785
20180827122200,338750.0,338167.4309372902
20180827122300,338750.0,338440.2795433998
20180827122400,338750.0,338671.6142296791
20180827122500,338750.0,338671.6142296791
20180827122600,338750.0,338671.6142296791
20180827122700,338875.0,338671.6142296791
20180827122800,338750.0,338739.88151550293
20180827122900,338750.0,338729.45231199265
20180827123000,338750.0,338671.6142296791
20180827123100,338750.0,338671.6142296791
20180827123200,338750.0,338671.6142296791
20180827123300,339125.0,338671.6142296791
20180827123400,339125.0,338876.4359354973
20180827123500,339250.0,339050.02295970917
20180827123600,339375.0,339118.3343529701
20180827123700,339250.0,339244.5345520973
20180827123800,339250.0,339234.0766787529
20180827123900,339375.0,339176.20331048965
20180827124000,339125.0,339244.5345520973
20180827124100,339375.0,339165.74543714523
20180827124200,339375.0,339186.6545677185
20180827124300,339250.0,339302.40792036057
20180827124400,339250.0,339234.0766787529
20180827124500,339375.0,339176.20331048965
20180827124600,339125.0,339244.5345520973
20180827124700,339250.0,339165.74543714523
20180827124800,339375.0,339118.3343529701
20180827124900,339250.0,339244.5345520973
20180827125000,339250.0,339234.0766787529
20180827125100,339250.0,339176.20331048965
20180827125200,339125.0,339176.20331048965
20180827125300,338625.0,339107.8853011131
20180827125400,338875.0,338776.8501639366
20180827125500,338750.0,338682.03461170197
20180827125600,338625.0,338729.45231199265
20180827125700,339000.0,338603.35797071457
20180827125800,339125.0,338750.3063082695
20180827125900,339125.0,338992.1562075615
20180827130000,339250.0,339050.02295970917
20180827130100,339125.0,339118.3343529701
20180827130200,339125.0,339107.8853011131
20180827130300,339250.0,339050.02295970917
20180827130400,339250.0,339118.3343529701
20180827130500,339250.0,339176.20331048965
20180827130600,339375.0,339176.20331048965
20180827130700,339125.0,339244.5345520973
20180827130800,339125.0,339165.74543714523
20180827130900,339125.0,339050.02295970917
20180827131000,339125.0,339050.02295970917
20180827131100,339375.0,339050.02295970917
20180827131200,339375.0,339186.6545677185
20180827131300,339250.0,339302.40792036057
20180827131400,339500.0,339234.0766787529
20180827131500,339750.0,339312.8702044487
20180827131600,339625.0,339565.3676390648
20180827131700,339625.0,339612.79195547104
20180827131800,339625.0,339554.8965334892
20180827131900,339875.0,339554.8965334892
20180827132000,339750.0,339691.65164232254
20180827132100,339875.0,339739.07375335693
20180827132200,339750.0,339749.5558857918
20180827132300,339750.0,339739.07375335693
20180827132400,339750.0,339681.17171525955
20180827132500,339750.0,339681.17171525955
20180827132600,339625.0,339681.17171525955
20180827132700,339750.0,339612.79195547104
20180827132800,339750.0,339623.26967716217
20180827132900,339875.0,339681.17171525955
20180827133000,339750.0,339749.5558857918
20180827133100,339750.0,339739.07375335693
20180827133200,339625.0,339681.17171525955
20180827133300,339750.0,339612.79195547104
20180827133400,339875.0,339623.26967716217
20180827133500,339875.0,339749.5558857918
20180827133600,339250.0,339807.46454000473
20180827133700,339375.0,339465.56574106216
20180827133800,339375.0,339244.5345520973
20180827133900,339125.0,339302.40792036057
20180827134000,339250.0,339165.74543714523
20180827134100,339375.0,339118.3343529701
20180827134200,339125.0,339244.5345520973
20180827134300,339250.0,339165.74543714523
20180827134400,339250.0,339118.3343529701
20180827134500,339375.0,339176.20331048965
20180827134600,339375.0,339244.5345520973
20180827134700,339125.0,339302.40792036057
20180827134800,339250.0,339165.74543714523
20180827134900,339375.0,339118.3343529701
20180827135000,339375.0,339244.5345520973
20180827135100,339125.0,339302.40792036057
20180827135200,339375.0,339165.74543714523
20180827135300,339375.0,339186.6545677185
20180827135400,339250.0,339302.40792036057
20180827135500,339375.0,339234.0766787529
20180827135600,339750.0,339244.5345520973
20180827135700,339625.0,339507.46339559555
20180827135800,340250.0,339612.79195547104
20180827135900,340250.0,339896.8394398689
20180827140000,340250.0,340186.4885687828
20180827140100,340375.0,340186.4885687828
20180827140200,340250.0,340254.9300789833
20180827140300,340250.0,340244.4192767143
20180827140400,340375.0,340186.4885687828
20180827140500,340250.0,340254.9300789833
20180827140600,340250.0,340244.4192767143
20180827140700,340124.99999999994,340186.4885687828
20180827140800,340375.0,340118.051469326
20180827140900,340375.0,340196.99716567993
20180827141000,340375.0,340312.8718137741
20180827141100,340250.0,340312.8718137741
20180827141200,340499.99999999994,340244.4192767143
20180827141300,340750.0,340323.3870267868
20180827141400,340875.00000000006,340576.2240886688
20180827141500,340625.0,340760.6328725815
20180827141600,340625.0,340681.5901398659
20180827141700,340750.0,340565.695643425
20180827141800,340750.0,340634.1812610626
20180827141900,340875.00000000006,340692.13622808456
20180827142000,340750.0,340760.6328725815
20180827142100,340875.00000000006,340750.0911951065
20180827142200,340875.00000000006,340760.6328725815
20180827142300,341125.0,340818.59666109085
20180827142400,341250.00000000006,340955.62303066254
20180827142500,341375.0,341140.1090025902
20180827142600,341125.0,341266.63559675217
20180827142700,341375.0,341187.5156760216
20180827142800,341250.00000000006,341208.6563706398
20180827142900,341250.00000000006,341256.0674548149
20180827143000,341125.0,341198.08822870255
20180827143100,341250.00000000006,341129.5474767685
20180827143200,341125.0,341140.1090025902
20180827143300,341000.0,341129.5474767685
20180827143400,340625.0,341003.0407309532
20180827143500,340750.0,340739.5406961441
20180827143600,340750.0,340634.1812610626
20180827143700,340750.0,340692.13622808456
20180827143800,340625.0,340692.13622808456
20180827143900,340750.0,340623.6461997032
20180827144000,340875.00000000006,340634.1812610626
20180827144100,340750.0,340760.6328725815
20180827144200,340750.0,340750.0911951065
20180827144300,340750.0,340692.13622808456
20180827144400,340875.00000000006,340692.13622808456
20180827144500,340750.0,340760.6328725815
20180827144600,341125.0,340750.0911951065
20180827144700,341125.0,340897.6526260376
20180827144800,340875.00000000006,341071.570456028
20180827144900,341000.0,340934.51541662216
20180827145000,341250.00000000006,340887.10874319077
20180827145100,341250.00000000006,341082.13198184967
20180827145200,341375.0,341198.08822870255
20180827145300,341375.0,341266.63559675217
20180827145400,341375.0,341324.61923360825
20180827145500,340625.0,341324.61923360825
20180827145600,339875.0,340913.38354349136
20180827145700,339750.0,340154.923081398
20180827145800,339750.0,339739.07375335693
20180827145900,339625.0,339681.17171525955
20180827150000,339875.0,339612.79195547104
20180827150100,339875.0,339691.65164232254
20180827150200,339875.0,339807.46454000473
20180827150300,339875.0,339807.46454000473
20180827150400,339875.0,339807.46454000473
20180827150500,339875.0,339807.46454000473
20180827150600,340000.0,339807.46454000473
20180827150700,339750.0,339875.8707642555
20180827150800,339875.0,339796.9757914543
20180827150900,340124.99999999994,339749.5558857918
20180827151000,340750.0,339944.2769885063
20180827151100,340750.0,340402.3547768593
20180827151200,340875.00000000006,340692.13622808456
20180827151300,340625.0,340760.6328725815
20180827151400,341000.0,340681.5901398659
20180827151500,340750.0,340771.1723446846
20180827151600,340750.0,340808.04616212845
20180827151700,340875.00000000006,340692.13622808456
20180827151800,340750.0,340760.6328725815
20180827151900,340750.0,340750.0911951065
20180827153000,341000.0,340692.13622808456
20180828090000,342125.0,340829.1405439377
20180828090100,342000.0,341562.0142817497
20180828090200,342000.0,342015.5357718468
20180828090300,342000.0,341957.532286644
20180828090400,341875.0,341957.532286644
20180828090500,341375.0,341888.9165520668
20180828090700,341375.0,341556.54937028885
20180828090800,341500.0,341324.61923360825
20180828090900,341500.0,341393.179833889
20180828091000,341500.0,341451.1678814888
20180828091100,341500.0,341451.1678814888
20180828091200,341500.0,341451.1678814888
20180828091300,341250.00000000006,341451.1678814888
20180828091400,341500.0,341314.04227018356
20180828091500,340750.0,341335.1873755455
20180828091600,340625.0,341039.8616194725
20180828091700,340625.0,340623.6461997032
20180828091900,340875.00000000006,340565.695643425
20180828092000,340750.0,340702.6734948158
20180828092100,341000.0,340750.0911951065
20180828092200,341000.0,340829.1405439377
20180828092300,341250.00000000006,340945.074737072
20180828092400,341250.00000000006,341082.13198184967
20180828092500,341000.0,341198.08822870255
20180828092600,341000.0,341061.0089302063
20180828092700,340875.00000000006,340945.074737072
20180828092800,341000.0,340876.55383348465
20180828092900,341000.0,340887.10874319077
20180828093000,341250.00000000006,340945.074737072
20180828093100,341125.0,341082.13198184967
20180828093200,340499.99999999994,341129.5474767685
20180828093300,341500.0,340728.985786438
20180828093400,342500.0,340987.2370362282
20180828093500,342125.0,341999.912917614
20180828093600,342250.0,342258.1884264946
20180828093700,342625.0,342152.7892947197
20180828093800,343625.0,342416.7436361313
20180828093900,343625.0,343140.3217315674
20180828094100,343125.0,343604.7730445862
20180828094200,342875.0,343329.8337459564
20180828094300,342875.0,342960.2972269058
20180828094400,342750.0,342844.23953294754
20180828094500,343000.0,342775.55322647095
20180828094600,342750.0,342854.89147901535
20180828094700,342750.0,342833.58097076416
20180828094800,342750.0,342717.52548217773
20180828094900,342750.0,342717.52548217773
20180828095000,342750.0,342717.52548217773
20180828095100,342875.0,342717.52548217773
20180828095200,342500.0,342786.2073779106
20180828095300,342750.0,342638.1938457489
20180828095400,342500.0,342601.46337747574
20180828095500,342750.0,342580.1815390587
20180828095600,342750.0,342601.46337747574
20180828095700,342875.0,342717.52548217773
20180828095800,343250.0,342786.2073779106
20180828095900,343000.0,343050.32271146774
20180828100000,343500.0,343087.0333313942
20180828100100,343750.0,343245.79364061356
20180828100200,343625.0,343615.46248197556
20180828100300,343875.0,343662.8162264824
20180828100400,344250.0,343742.2647476196
20180828100500,344125.0,344064.65923786163
20180828100600,344125.0,344170.0561642647
20180828100700,344375.0,344112.00857162476
20180828100800,344250.0,344249.55981969833
20180828100900,344250.0,344296.88930511475
20180828101000,344125.0,344238.83950710297
20180828101100,344250.0,344170.0561642647
20180828101200,344125.0,344180.7830929756
20180828101300,344500.0,344170.0561642647
20180828101400,344500.0,344318.3431625366
20180828101500,344500.0,344492.5256371498
20180828101600,344375.0,344492.5256371498
20180828101700,344250.0,344423.73567819595
20180828101800,344250.0,344296.88930511475
20180828101900,344375.0,344238.83950710297
20180828102000,344375.0,344307.62284994125
20180828102100,344500.0,344365.67705869675
20180828102200,344375.0,344434.46481227875
20180828102300,344375.0,344423.73567819595
20180828102400,344125.0,344365.67705869675
20180828102500,344125.0,344228.10596227646
20180828102600,344250.0,344112.00857162476
20180828102700,344375.0,344180.7830929756
20180828102800,344375.0,344307.62284994125
20180828102900,344749.99999999994,344365.67705869675
20180828103000,344625.0,344572.0623731613
20180828103100,344625.0,344677.4372458458
20180828103200,344749.99999999994,344619.3830370903
20180828103300,344625.0,344688.190639019
20180828103400,344625.0,344677.4372458458
20180828103500,345000.0,344619.3830370903
20180828103600,344500.0,344825.80584287643
20180828103700,344375.0,344724.72923994064
20180828103800,344500.0,344423.73567819595
20180828103900,345124.99999999994,344434.46481227875
20180828104000,345375.0,344836.5460038185
20180828104100,345000.0,345264.54252004623
20180828104200,345124.99999999994,345174.15314912796
20180828104300,345124.99999999994,345068.82017850876
20180828104400,345124.99999999994,345126.87879800797
20180828104500,345250.0,345126.87879800797
20180828104600,345124.99999999994,345195.70845365524
20180828104700,344875.0,345184.9374175072
20180828104800,344625.0,344989.22830820084
20180828104900,344625.0,344735.4914546013
20180828105000,344749.99999999994,344619.3830370903
20180828105100,344875.0,344688.190639019
20180828105200,344749.99999999994,344815.0590658188
20180828105300,344749.99999999994,344804.30567264557
20180828105400,344749.99999999994,344746.24705314636
20180828105500,344749.99999999994,344746.24705314636
20180828105600,344749.99999999994,344746.24705314636
20180828105700,344749.99999999994,344746.24705314636
20180828105800,344625.0,344746.24705314636
20180828105900,344500.0,344677.4372458458
20180828110000,344749.99999999994,344550.584256649
20180828110100,344749.99999999994,344630.1231980324
20180828110200,344875.0,344746.24705314636
20180828110300,344875.0,344815.0590658188
20180828110400,344749.99999999994,344873.117685318
20180828110500,344875.0,344804.30567264557
20180828110600,344625.0,344815.0590658188
20180828110700,344625.0,344735.4914546013
20180828110800,344625.0,344619.3830370903
20180828110900,344625.0,344619.3830370903
20180828111000,344625.0,344619.3830370903
20180828111100,344749.99999999994,344619.3830370903
20180828111200,344250.0,344688.190639019
20180828111300,344125.0,344471.0364937782
20180828111400,344125.0,344170.0561642647
20180828111500,343875.0,344112.00857162476
20180828111600,343250.0,343974.4661450386
20180828111700,343250.0,343514.6240592003
20180828111800,343125.0,343224.4544625282
20180828111900,343125.0,343155.7438969612
20180828112000,343250.0,343097.7051258087
20180828112100,343250.0,343166.4178967476
20180828112200,343250.0,343224.4544625282
20180828112300,343250.0,343224.4544625282
20180828112400,343250.0,343224.4544625282
20180828112500,343125.0,343224.4544625282
20180828112600,343250.0,343155.7438969612
20180828112700,343875.0,343166.4178967476
20180828112800,344250.0,343568.08668375015
20180828112900,343750.0,344064.65923786163
20180828113000,343750.0,343963.73921632767
20180828113100,343750.0,343731.5664887428
20180828113200,343750.0,343731.5664887428
20180828113300,343500.0,343731.5664887428
20180828113400,343625.0,343594.07037496567
20180828113500,343625.0,343546.7232465744
20180828113600,343875.0,343604.7730445862
20180828113700,344250.0,343742.2647476196
20180828113800,344250.0,344064.65923786163
20180828113900,344125.0,344238.83950710297
20180828114000,344125.0,344170.0561642647
20180828114100,344250.0,344112.00857162476
20180828114200,344250.0,344180.7830929756
20180828114300,344250.0,344238.83950710297
20180828114400,344000.0,344238.83950710297
20180828114500,343500.0,344101.2816429138
20180828114600,343750.0,343710.14791727066
20180828114700,343750.0,343615.46248197556
20180828114800,343875.0,343731.5664887428
20180828114900,343750.0,343800.3189563751
20180828115000,343875.0,343789.6118760109
20180828115100,343750.0,343800.3189563751
20180828115200,343500.0,343789.6118760109
20180828115300,343750.0,343594.07037496567
20180828115400,343875.0,343615.46248197556
20180828115500,344250.0,343800.3189563751
20180828115600,344125.0,344064.65923786163
20180828115700,344375.0,344170.0561642647
20180828115800,344375.0,344249.55981969833
20180828115900,344250.0,344365.67705869675
20180828120000,344250.0,344296.88930511475
20180828120100,344250.0,344238.83950710297
20180828120200,344250.0,344238.83950710297
20180828120300,344125.0,344238.83950710297
20180828120400,344250.0,344170.0561642647
20180828120500,344125.0,344180.7830929756
20180828120600,344250.0,344170.0561642647
20180828120700,344250.0,344180.7830929756
20180828120800,344250.0,344238.83950710297
20180828120900,344250.0,344238.83950710297
20180828121000,344250.0,344238.83950710297
20180828121100,344125.0,344238.83950710297
20180828121200,344000.0,344170.0561642647
20180828121300,344250.0,344043.2340502739
20180828121400,344250.0,344122.72226810455
20180828121500,344125.0,344238.83950710297
20180828121600,344125.0,344170.0561642647
20180828121700,344125.0,344112.00857162476
20180828121800,344250.0,344112.00857162476
20180828121900,344250.0,344180.7830929756
20180828122000,344375.0,344238.83950710297
20180828122100,344125.0,344307.62284994125
20180828122200,344250.0,344228.10596227646
20180828122300,344500.0,344180.7830929756
20180828122400,344250.0,344376.4083981514
20180828122500,344125.0,344354.9413084984
20180828122600,344250.0,344170.0561642647
20180828122700,344625.0,344180.7830929756
20180828122800,344625.0,344445.1961517334
20180828122900,344875.0,344619.3830370903
20180828123000,344749.99999999994,344756.9982409477
20180828123100,344625.0,344804.30567264557
20180828123200,344625.0,344677.4372458458
20180828123300,344625.0,344619.3830370903
20180828123400,344749.99999999994,344619.3830370903
20180828123500,344749.99999999994,344688.190639019
20180828123600,344749.99999999994,344746.24705314636
20180828123700,344875.0,344746.24705314636
20180828123800,344749.99999999994,344815.0590658188
20180828123900,344875.0,344804.30567264557
20180828124000,344749.99999999994,344815.0590658188
20180828124100,344625.0,344804.30567264557
20180828124200,344500.0,344677.4372458458
20180828124300,344625.0,344550.584256649
20180828124400,344625.0,344561.3244175911
20180828124500,344749.99999999994,344619.3830370903
20180828124600,344500.0,344688.190639019
20180828124700,344749.99999999994,344608.6340546608
20180828124800,344625.0,344630.1231980324
20180828124900,344749.99999999994,344677.4372458458
20180828125000,344625.0,344688.190639019
20180828125100,344749.99999999994,344677.4372458458
20180828125200,344749.99999999994,344688.190639019
20180828125300,344625.0,344746.24705314636
20180828125400,344625.0,344677.4372458458
20180828125500,344625.0,344619.3830370903
20180828125600,344749.99999999994,344619.3830370903
20180828125700,344625.0,344688.190639019
20180828125800,344749.99999999994,344677.4372458458
20180828125900,344625.0,344688.190639019
20180828130000,344000.0,344677.4372458458
20180828130100,344250.0,344275.40677785873
20180828130200,344000.0,344122.72226810455
20180828130300,344250.0,344101.2816429138
20180828130400,344250.0,344122.72226810455
20180828130500,344250.0,344238.83950710297
20180828130600,344125.0,344238.83950710297
20180828130700,344125.0,344170.0561642647
20180828130800,344125.0,344112.00857162476
20180828130900,344500.0,344112.00857162476
20180828131000,344749.99999999994,344318.3431625366
20180828131100,344875.0,344630.1231980324
20180828131200,344500.0,344815.0590658188
20180828131300,344749.99999999994,344666.67944192886
20180828131400,344749.99999999994,344630.1231980324
20180828131500,344875.0,344746.24705314636
20180828131600,345250.0,344815.0590658188
20180828131700,345250.0,345079.5823931694
20180828131800,345375.0,345253.77148389816
20180828131900,345375.0,345322.60555028915
20180828132000,345124.99999999994,345380.66416978836
20180828132100,345250.0,345242.99162626266
20180828132200,345375.0,345195.70845365524
20180828132300,345250.0,345322.60555028915
20180828132400,345250.0,345311.83010339737
20180828132500,345250.0,345253.77148389816
20180828132600,345124.99999999994,345253.77148389816
20180828132700,344749.99999999994,345184.9374175072
20180828132800,344749.99999999994,344920.40967941284
20180828132900,344749.99999999994,344746.24705314636
20180828133000,344749.99999999994,344746.24705314636
20180828133100,344749.99999999994,344746.24705314636
20180828133200,344875.0,344746.24705314636
20180828133300,345250.0,344815.0590658188
20180828133400,345250.0,345079.5823931694
20180828133500,345250.0,345253.77148389816
20180828133600,345124.99999999994,345253.77148389816
20180828133700,345124.99999999994,345184.9374175072
20180828133800,345375.0,345126.87879800797
20180828133900,345750.0,345264.54252004623
20180828134000,345750.0,345587.20165491104
20180828134100,345625.0,345761.38854026794
20180828134200,345875.00000000006,345692.53021478653
20180828134300,346250.0,345772.1860408783
20180828134400,346250.0,346094.9025154114
20180828134500,346250.0,346269.0739631653
20180828134600,346375.0,346269.0739631653
20180828134700,346750.0,346337.943315506
20180828134800,346750.0,346602.6408672333
20180828134900,347000.0,346776.7946720123
20180828135000,347250.0,346914.5863056183
20180828135100,346875.0,347168.4687137604
20180828135200,346750.0,347077.82793045044
20180828135300,346625.0,346834.83123779297
20180828135400,346750.0,346707.90326595306
20180828135500,346625.0,346718.74928474426
20180828135600,346750.0,346707.90326595306
20180828135700,346625.0,346718.74928474426
20180828135800,346375.0,346707.90326595306
20180828135900,346375.0,346512.0838880539
20180828140000,346125.0,346395.99311351776
20180828140100,346125.0,346258.2367658615
20180828140200,346250.0,346142.14158058167
20180828140300,346125.0,346211.0197544098
20180828140400,346125.0,346200.19578933716
20180828140500,346500.0,346142.14158058167
20180828140600,346625.0,346348.7672805786
20180828140700,346750.0,346591.8080806732
20180828140800,346625.0,346718.74928474426
20180828140900,346750.0,346707.90326595306
20180828141000,346625.0,346718.74928474426
20180828141100,346625.0,346707.90326595306
20180828141200,346750.0,346649.857878685
20180828141300,346750.0,346718.74928474426
20180828141400,346625.0,346776.7946720123
20180828141500,346750.0,346707.90326595306
20180828141600,346625.0,346718.74928474426
20180828141700,346625.0,346707.90326595306
20180828141800,346750.0,346649.857878685
20180828141900,346625.0,346718.74928474426
20180828142000,346625.0,346707.90326595306
20180828142100,346625.0,346649.857878685
20180828142200,346750.0,346649.857878685
20180828142300,346750.0,346718.74928474426
20180828142400,346750.0,346776.7946720123
20180828142500,346625.0,346776.7946720123
20180828142600,346875.0,346707.90326595306
20180828142700,347250.0,346787.6362800598
20180828142800,347125.0,347110.4233264923
20180828142900,347125.0,347215.63720703125
20180828143000,347250.0,347157.6006412506
20180828143100,347750.0,347226.5096902847
20180828143200,347625.0,347560.1692199707
20180828143300,347750.0,347723.37114810944
20180828143400,348375.0,347734.2656850815
20180828143500,349125.0,348136.8695497513
20180828143600,348875.0,348840.4713869095
20180828143700,348375.0,349050.550699234
20180828143800,348250.0,348658.8898897171
20180828143900,347750.0,348358.0154180527
20180828144000,347625.0,348024.320602417
20180828144100,347500.0,347723.37114810944
20180828144200,347750.0,347596.4343547821
20180828144300,347625.0,347676.23794078827
20180828144400,347750.0,347723.37114810944
20180828144500,347625.0,347734.2656850815
20180828144600,347625.0,347723.37114810944
20180828144700,347625.0,347665.34781455994
20180828144800,347625.0,347665.34781455994
20180828144900,347625.0,347665.34781455994
20180828145000,347625.0,347665.34781455994
20180828145100,347250.0,347665.34781455994
20180828145200,347250.0,347458.61184597015
20180828145300,347125.0,347284.54184532166
20180828145400,347250.0,347215.63720703125
20180828145500,347125.0,347226.5096902847
20180828145600,347250.0,347215.63720703125
20180828145700,347250.0,347226.5096902847
20180828145800,347125.0,347284.54184532166
20180828145900,347250.0,347215.63720703125
20180828150000,347250.0,347226.5096902847
20180828150100,347500.0,347284.54184532166
20180828150200,347625.0,347422.35112190247
20180828150300,347625.0,347607.32448101044
20180828150400,347625.0,347665.34781455994
20180828150500,347625.0,347665.34781455994
20180828150600,347625.0,347665.34781455994
20180828150700,348125.0,347665.34781455994
20180828150800,348125.0,347941.0104751587
20180828150900,348125.0,348173.08616638184
20180828151000,348125.0,348173.08616638184
20180828151100,348250.0,348173.08616638184
20180828151200,348250.0,348242.0084476471
20180828151300,348375.0,348300.009727478
20180828151400,348375.0,348368.9320087433
20180828151500,348250.0,348426.9332885742
20180828151600,348250.0,348358.0154180527
20180828151700,348250.0,348300.009727478
20180828151800,348375.0,348300.009727478
20180828151900,348625.0,348368.9320087433
20180828153000,349000.0,348564.78667259216
20180828153500,349000.0,348887.5516653061
20180829090000,348375.0,349061.50698661804
20180829090100,348000.0,348716.86470508575
20180829090200,348250.0,348220.16644477844
20180829090400,347750.0,348183.993935585
20180829090500,347750.0,348024.320602417
20180829090600,347625.0,347792.289018631
20180829090700,347000.0,347723.37114810944
20180829090800,346750.0,347320.7937479019
20180829090900,346750.0,346892.8678035736
20180829091000,346250.0,346776.7946720123
20180829091100,346000.0,346501.233458519
20180829091200,346000.0,346131.32202625275
20180829091300,346500.0,346015.2224302292
20180829091400,346500.0,346290.7042503357
20180829091500,346250.0,346522.9299068451
20180829091600,346125.0,346385.155916214
20180829091700,346250.0,346200.19578933716
20180829091800,345875.00000000006,346211.0197544098
20180829091900,345500.00000000006,346062.44826316833
20180829092000,345750.0,345681.71948194504
20180829092100,346000.0,345645.2690958977
20180829092200,345250.0,345899.1051912308
20180829092300,345500.00000000006,345602.052628994
20180829092400,345500.00000000006,345391.4484381676
20180829092500,345750.0,345507.565677166
20180829092600,345875.00000000006,345645.2690958977
20180829092700,345750.0,345830.2446603775
20180829092800,345875.00000000006,345819.4383382797
20180829092900,346000.0,345830.2446603775
20180829093000,345750.0,345957.16381073
20180829093100,345625.0,345877.4881362915
20180829093200,345750.0,345692.53021478653
20180829093300,345250.0,345703.32330465317
20180829093400,345250.0,345485.9706759453
20180829093500,345750.0,345253.77148389816
20180829093600,345375.0,345529.1342139244
20180829093700,345250.0,345554.8223853111
20180829093800,345124.99999999994,345311.83010339737
20180829093900,344500.0,345184.9374175072
20180829094000,344125.0,344782.76801109314
20180829094100,343875.0,344286.1513495445
20180829094200,343625.0,343974.4661450386
20180829094300,343625.0,343720.85720300674
20180829094400,343875.0,343604.7730445862
20180829094500,343625.0,343742.2647476196
20180829094600,343375.0,343720.85720300674
20180829094700,343250.0,343467.292368412
20180829094800,343250.0,343282.49102830887
20180829094900,343250.0,343224.4544625282
20180829095000,343500.0,343224.4544625282
20180829095100,343250.0,343361.8932366371
20180829095200,343750.0,343340.52979946136
20180829095300,343875.0,343499.34965372086
20180829095400,343500.0,343800.3189563751
20180829095500,343250.0,343652.11135149
20180829095600,343625.0,343340.52979946136
20180829095700,343375.0,343430.6192398071
20180829095800,343625.0,343467.292368412
20180829095900,343875.0,343488.67124319077
20180829100000,343500.0,343742.2647476196
20180829100100,343750.0,343652.11135149
20180829100200,343875.0,343615.46248197556
20180829100300,344250.0,343800.3189563751
20180829100400,344250.0,344064.65923786163
20180829100500,344125.0,344238.83950710297
20180829100600,344250.0,344170.0561642647
20180829100700,344250.0,344180.7830929756
20180829100800,344125.0,344238.83950710297
20180829100900,343875.0,344170.0561642647
20180829101000,343625.0,343974.4661450386
20180829101100,343750.0,343720.85720300674
20180829101200,343500.0,343673.51669073105
20180829101300,343875.0,343594.07037496567
20180829101400,343750.0,343684.2061281204
20180829101500,343750.0,343789.6118760109
20180829101600,343750.0,343731.5664887428
20180829101700,343500.0,343731.5664887428
20180829101800,343625.0,343594.07037496567
20180829101900,343625.0,343546.7232465744
20180829102000,343750.0,343604.7730445862
20180829102100,343250.0,343673.51669073105
20180829102200,343250.0,343456.5963149071
20180829102300,343250.0,343224.4544625282
20180829102400,343750.0,343224.4544625282
20180829102500,343625.0,343499.34965372086
20180829102600,344000.0,343662.8162264824
20180829102700,344250.0,343811.0128045082
20180829102800,344125.0,344122.72226810455
20180829102900,344250.0,344170.0561642647
20180829103000,344125.0,344180.7830929756
20180829103100,344125.0,344170.0561642647
20180829103200,344250.0,344112.00857162476
20180829103300,344375.0,344180.7830929756
20180829103400,344500.0,344307.62284994125
20180829103500,344125.0,344434.46481227875
20180829103600,344500.0,344286.1513495445
20180829103700,344375.0,344318.3431625366
20180829103800,344625.0,344423.73567819595
20180829103900,344749.99999999994,344503.2613873482
20180829104000,344749.99999999994,344688.190639019
20180829104100,344749.99999999994,344746.24705314636
20180829104200,344500.0,344746.24705314636
20180829104300,344500.0,344608.6340546608
20180829104400,344625.0,344492.5256371498
20180829104500,344375.0,344561.3244175911
20180829104600,344125.0,344481.781065464
20180829104700,344375.0,344228.10596227646
20180829104800,344500.0,344249.55981969833
20180829104900,344250.0,344434.46481227875
20180829105000,344250.0,344354.9413084984
20180829105100,344375.0,344238.83950710297
20180829105200,344250.0,344307.62284994125
20180829105300,344250.0,344296.88930511475
20180829105400,344250.0,344238.83950710297
20180829105500,344250.0,344238.83950710297
20180829105600,344250.0,344238.83950710297
20180829105700,344500.0,344238.83950710297
20180829105800,344749.99999999994,344376.4083981514
20180829105900,344875.0,344630.1231980324
20180829110000,344500.0,344815.0590658188
20180829110100,345000.0,344666.67944192886
20180829110200,345000.0,344767.7384018898
20180829110300,344625.0,344999.9949336052
20180829110400,344625.0,344793.54125261307
20180829110500,344625.0,344619.3830370903
20180829110600,344875.0,344619.3830370903
20180829110700,344500.0,344756.9982409477
20180829110800,344250.0,344666.67944192886
20180829110900,344250.0,344354.9413084984
20180829111000,344125.0,344238.83950710297
20180829111100,344250.0,344170.0561642647
20180829111200,344250.0,344180.7830929756
20180829111300,344125.0,344238.83950710297
20180829111400,344125.0,344170.0561642647
20180829111500,344125.0,344112.00857162476
20180829111600,344250.0,344112.00857162476
20180829111700,344375.0,344180.7830929756
20180829111800,344500.0,344307.62284994125
20180829111900,344625.0,344434.46481227875
20180829112000,344749.99999999994,344561.3244175911
20180829112100,344749.99999999994,344688.190639019
20180829112200,344749.99999999994,344746.24705314636
20180829112300,344749.99999999994,344746.24705314636
20180829112400,344625.0,344746.24705314636
20180829112500,344749.99999999994,344677.4372458458
20180829112600,344749.99999999994,344688.190639019
20180829112700,344875.0,344746.24705314636
20180829112800,344500.0,344815.0590658188
20180829112900,345000.0,344666.67944192886
20180829113000,345000.0,344767.7384018898
20180829113100,344625.0,344999.9949336052
20180829113200,344875.0,344793.54125261307
20180829113300,345000.0,344756.9982409477
20180829113400,345124.99999999994,344941.936314106
20180829113500,345250.0,345068.82017850876
20180829113600,345375.0,345195.70845365524
20180829113700,345000.0,345322.60555028915
20180829113800,344625.0,345174.15314912796
20180829113900,345000.0,344793.54125261307
20180829114000,345124.99999999994,344825.80584287643
20180829114100,345250.0,345068.82017850876
20180829114200,345124.99999999994,345195.70845365524
20180829114300,345250.0,345184.9374175072
20180829114400,345124.99999999994,345195.70845365524
20180829114500,345250.0,345184.9374175072
20180829114600,344875.0,345195.70845365524
20180829114700,345250.0,345047.2781062126
20180829114800,345250.0,345079.5823931694
20180829114900,345250.0,345253.77148389816
20180829115000,345375.0,345253.77148389816
20180829115100,345250.0,345322.60555028915
20180829115200,345124.99999999994,345311.83010339737
20180829115300,345250.0,345184.9374175072
20180829115400,345250.0,345195.70845365524
20180829115500,345250.0,345253.77148389816
20180829115600,345375.0,345253.77148389816
20180829115700,345250.0,345322.60555028915
20180829115800,345625.0,345311.83010339737
20180829115900,345375.0,345460.2869153023
20180829120000,345000.0,345496.77699804306
20180829120100,345000.0,345174.15314912796
20180829120200,344625.0,344999.9949336052
20180829120300,344749.99999999994,344793.54125261307
20180829120400,345250.0,344688.190639019
20180829120500,344875.0,345021.51054143906
20180829120600,344625.0,345047.2781062126
20180829120700,344875.0,344735.4914546013
20180829120800,344749.99999999994,344756.9982409477
20180829120900,344500.0,344804.30567264557
20180829121000,344749.99999999994,344608.6340546608
20180829121100,344749.99999999994,344630.1231980324
20180829121200,344875.0,344746.24705314636
20180829121300,345000.0,344815.0590658188
20180829121400,345000.0,344941.936314106
20180829121500,345000.0,344999.9949336052
20180829121600,344749.99999999994,344999.9949336052
20180829121700,344749.99999999994,344862.3576760292
20180829121800,345124.99999999994,344746.24705314636
20180829121900,345124.99999999994,344952.6897072792
20180829122000,345124.99999999994,345126.87879800797
20180829122100,344625.0,345126.87879800797
20180829122200,344749.99999999994,344851.5844345093
20180829122300,344625.0,344688.190639019
20180829122400,344625.0,344677.4372458458
20180829122500,344625.0,344619.3830370903
20180829122600,344625.0,344619.3830370903
20180829122700,344875.0,344619.3830370903
20180829122800,344625.0,344756.9982409477
20180829122900,344875.0,344735.4914546013
20180829123000,344749.99999999994,344756.9982409477
20180829123100,344875.0,344804.30567264557
20180829123200,344749.99999999994,344815.0590658188
20180829123300,344749.99999999994,344804.30567264557
20180829123400,344749.99999999994,344746.24705314636
20180829123500,345124.99999999994,344746.24705314636
20180829123600,345250.0,344952.6897072792
20180829123700,345250.0,345195.70845365524
20180829123800,345250.0,345253.77148389816
20180829123900,345250.0,345253.77148389816
20180829124000,345124.99999999994,345253.77148389816
20180829124100,345124.99999999994,345184.9374175072
20180829124200,345000.0,345126.87879800797
20180829124300,344625.0,345058.0535531044
20180829124400,344625.0,344793.54125261307
20180829124500,344749.99999999994,344619.3830370903
20180829124600,344749.99999999994,344688.190639019
20180829124700,344749.99999999994,344746.24705314636
20180829124800,344625.0,344746.24705314636
20180829124900,344625.0,344677.4372458458
20180829125000,344625.0,344619.3830370903
20180829125100,344749.99999999994,344619.3830370903
20180829125200,344625.0,344688.190639019
20180829125300,344749.99999999994,344677.4372458458
20180829125400,344375.0,344688.190639019
20180829125500,344250.0,344539.8308634758
20180829125600,344250.0,344296.88930511475
20180829125700,344250.0,344238.83950710297
20180829125800,344250.0,344238.83950710297
20180829125900,344125.0,344238.83950710297
20180829130000,344125.0,344170.0561642647
20180829130100,344250.0,344112.00857162476
20180829130200,344250.0,344180.7830929756
20180829130300,344250.0,344238.83950710297
20180829130400,344749.99999999994,344238.83950710297
20180829130500,344250.0,344513.99052143097
20180829130600,344250.0,344471.0364937782
20180829130700,344000.0,344238.83950710297
20180829130800,343875.0,344101.2816429138
20180829130900,343750.0,343916.4163470268
20180829131000,343875.0,343789.6118760109
20180829131100,344250.0,343800.3189563751
20180829131200,344125.0,344064.65923786163
20180829131300,344000.0,344170.0561642647
20180829131400,344125.0,344043.2340502739
20180829131500,344250.0,344053.9521574974
20180829131600,343750.0,344180.7830929756
20180829131700,344250.0,343963.73921632767
20180829131800,344250.0,344006.59841299057
20180829131900,344250.0,344238.83950710297
20180829132000,343875.0,344238.83950710297
20180829132100,344125.0,344032.50712156296
20180829132200,344250.0,343995.89574337006
20180829132300,344250.0,344180.7830929756
20180829132400,344375.0,344238.83950710297
20180829132500,344250.0,344307.62284994125
20180829132600,344250.0,344296.88930511475
20180829132700,344250.0,344238.83950710297
20180829132800,344250.0,344238.83950710297
20180829132900,344375.0,344238.83950710297
20180829133000,344125.0,344307.62284994125
20180829133100,344375.0,344228.10596227646
20180829133200,344500.0,344249.55981969833
20180829133300,344250.0,344434.46481227875
20180829133400,344250.0,344354.9413084984
20180829133500,344250.0,344238.83950710297
20180829133600,344250.0,344238.83950710297
20180829133700,344250.0,344238.83950710297
20180829133800,344125.0,344238.83950710297
20180829133900,344250.0,344170.0561642647
20180829134000,344250.0,344180.7830929756
20180829134100,344375.0,344238.83950710297
20180829134200,344125.0,344307.62284994125
20180829134300,344250.0,344228.10596227646
20180829134400,344250.0,344180.7830929756
20180829134500,344250.0,344238.83950710297
20180829134600,344250.0,344238.83950710297
20180829134700,344125.0,344238.83950710297
20180829134800,344125.0,344170.0561642647
20180829134900,344250.0,344112.00857162476
20180829135000,344375.0,344180.7830929756
20180829135100,344250.0,344307.62284994125
20180829135200,344250.0,344296.88930511475
20180829135300,344250.0,344238.83950710297
20180829135400,344250.0,344238.83950710297
20180829135500,344375.0,344238.83950710297
20180829135600,344125.0,344307.62284994125
20180829135700,344250.0,344228.10596227646
20180829135800,344125.0,344180.7830929756
20180829135900,344250.0,344170.0561642647
20180829140000,344250.0,344180.7830929756
20180829140100,344250.0,344238.83950710297
20180829140200,343500.0,344238.83950710297
20180829140300,343875.0,343826.2122273445
20180829140400,344125.0,343684.2061281204
20180829140500,344250.0,343995.89574337006
20180829140600,344250.0,344180.7830929756
20180829140700,344375.0,344238.83950710297
20180829140800,344125.0,344307.62284994125
20180829140900,344125.0,344228.10596227646
20180829141000,344375.0,344112.00857162476
20180829141100,344250.0,344249.55981969833
20180829141200,344125.0,344296.88930511475
20180829141300,344125.0,344170.0561642647
20180829141400,344250.0,344112.00857162476
20180829141500,344125.0,344180.7830929756
20180829141600,344250.0,344170.0561642647
20180829141700,344125.0,344180.7830929756
20180829141800,344125.0,344170.0561642647
20180829141900,344250.0,344112.00857162476
20180829142000,344125.0,344180.7830929756
20180829142100,344125.0,344170.0561642647
20180829142200,344125.0,344112.00857162476
20180829142300,344125.0,344112.00857162476
20180829142400,344125.0,344112.00857162476
20180829142500,344125.0,344112.00857162476
20180829142600,344125.0,344112.00857162476
20180829142700,344125.0,344112.00857162476
20180829142800,344125.0,344112.00857162476
20180829142900,344250.0,344112.00857162476
20180829143000,344250.0,344180.7830929756
20180829143100,344125.0,344238.83950710297
20180829143200,344125.0,344170.0561642647
20180829143300,344250.0,344112.00857162476
20180829143400,344125.0,344180.7830929756
20180829143500,344125.0,344170.0561642647
20180829143600,344125.0,344112.00857162476
20180829143700,344125.0,344112.00857162476
20180829143800,344125.0,344112.00857162476
20180829143900,344250.0,344112.00857162476
20180829144000,344125.0,344180.7830929756
20180829144100,344250.0,344170.0561642647
20180829144200,344125.0,344180.7830929756
20180829144300,344125.0,344170.0561642647
20180829144400,343875.0,344112.00857162476
20180829144500,343625.0,343974.4661450386
20180829144600,343625.0,343720.85720300674
20180829144700,343625.0,343604.7730445862
20180829144800,343625.0,343604.7730445862
20180829144900,343250.0,343604.7730445862
20180829145000,343000.0,343398.56415987015
20180829145100,343250.0,343087.0333313942
20180829145200,343250.0,343108.3680987358
20180829145300,343125.0,343224.4544625282
20180829145400,343125.0,343155.7438969612
20180829145500,343125.0,343097.7051258087
20180829145600,343125.0,343097.7051258087
20180829145700,343125.0,343097.7051258087
20180829145800,343375.0,343097.7051258087
20180829145900,343125.0,343235.1240515709
20180829150000,343250.0,343213.77605199814
20180829150100,343375.0,343166.4178967476
20180829150200,343250.0,343293.1760549545
20180829150300,343250.0,343282.49102830887
20180829150400,343375.0,343224.4544625282
20180829150500,343125.0,343293.1760549545
20180829150600,343250.0,343213.77605199814
20180829150700,343375.0,343166.4178967476
20180829150800,343125.0,343293.1760549545
20180829150900,343125.0,343213.77605199814
20180829151000,343125.0,343097.7051258087
20180829151100,343375.0,343097.7051258087
20180829151200,343375.0,343235.1240515709
20180829151300,343375.0,343351.2104153633
20180829151400,343375.0,343351.2104153633
20180829151500,343375.0,343351.2104153633
20180829151600,343250.0,343351.2104153633
20180829151700,343375.0,343282.49102830887
20180829151800,343375.0,343293.1760549545
20180829151900,343250.0,343351.2104153633
20180829153000,343000.0,343282.49102830887
20180830090000,344250.0,343087.0333313942
20180830090100,344625.0,343658.15848112106
20180830090200,344749.99999999994,344445.1961517334
20180830090300,344875.0,344688.190639019
20180830090400,345000.0,344815.0590658188
20180830090500,344749.99999999994,344941.936314106
20180830090600,344749.99999999994,344862.3576760292
20180830090700,344749.99999999994,344746.24705314636
20180830090800,344749.99999999994,344746.24705314636
20180830090900,344749.99999999994,344746.24705314636
20180830091000,344500.0,344746.24705314636
20180830091100,344749.99999999994,344608.6340546608
20180830091200,344749.99999999994,344630.1231980324
20180830091300,345000.0,344746.24705314636
20180830091400,344500.0,344883.87328386307
20180830091500,344500.0,344724.72923994064
20180830091600,344749.99999999994,344492.5256371498
20180830091700,344375.0,344630.1231980324
20180830091800,344875.0,344539.8308634758
20180830091900,344500.0,344640.86335897446
20180830092000,344250.0,344666.67944192886
20180830092100,344250.0,344354.9413084984
20180830092200,344375.0,344238.83950710297
20180830092300,344125.0,344307.62284994125
20180830092400,343625.0,344228.10596227646
20180830092500,343750.0,343836.9413614273
20180830092600,343250.0,343673.51669073105
20180830092700,343125.0,343456.5963149071
20180830092800,343375.0,343155.7438969612
20180830092900,343375.0,343235.1240515709
20180830093000,343250.0,343351.2104153633
20180830093100,343125.0,343282.49102830887
20180830093200,343375.0,343155.7438969612
20180830093300,343750.0,343235.1240515709
20180830093400,343750.0,343557.40827322006
20180830093500,344000.0,343731.5664887428
20180830093600,343875.0,343869.0736293793
20180830093700,343625.0,343916.4163470268
20180830093800,344000.0,343720.85720300674
20180830093900,343750.0,343811.0128045082
20180830094000,343500.0,343847.6594686508
20180830094100,343250.0,343594.07037496567
20180830094200,343250.0,343340.52979946136
20180830094300,343375.0,343224.4544625282
20180830094400,343250.0,343293.1760549545
20180830094500,343500.0,343282.49102830887
20180830094600,343250.0,343361.8932366371
20180830094700,343500.0,343340.52979946136
20180830094800,343375.0,343361.8932366371
20180830094900,343250.0,343409.25800800323
20180830095000,343375.0,343282.49102830887
20180830095100,343375.0,343293.1760549545
20180830095200,343500.0,343351.2104153633
20180830095300,343375.0,343419.9430346489
20180830095400,343375.0,343409.25800800323
20180830095500,343250.0,343351.2104153633
20180830095600,343250.0,343282.49102830887
20180830095700,342625.0,343224.4544625282
20180830095800,341875.0,342880.9280991554
20180830095900,341625.0,342178.9097189903
20180830100000,341250.00000000006,341693.7190890312
20180830100100,341125.0,341372.0170855522
20180830100200,341750.0,341129.5474767685
20180830100300,342500.0,341414.31391239166
20180830100400,342250.0,342115.9794330597
20180830100500,342250.0,342326.8328309059
20180830100600,342375.0,342210.80380678177
20180830100700,342375.0,342279.4438004494
20180830100800,342375.0,342337.46713399887
20180830100900,342250.0,342337.46713399887
20180830101000,342625.0,342268.82272958755
20180830101100,342875.0,342416.7436361313
20180830101200,343250.0,342728.17301750183
20180830101300,342875.0,343050.32271146774
20180830101400,342750.0,343018.3271765709
20180830101500,343375.0,342775.55322647095
20180830101600,343125.0,343060.9768629074
20180830101700,343000.0,343213.77605199814
20180830101800,343250.0,343028.9989709854
20180830101900,342750.0,343108.3680987358
20180830102000,342750.0,342949.6254324913
20180830102100,342625.0,342717.52548217773
20180830102200,342250.0,342648.84799718857
20180830102300,342375.0,342384.8429322243
20180830102400,342625.0,342279.4438004494
20180830102500,342875.0,342474.76917505264
20180830102600,343125.0,342728.17301750183
20180830102700,342875.0,342981.62537813187
20180830102800,342750.0,342960.2972269058
20180830102900,342625.0,342775.55322647095
20180830103000,342750.0,342648.84799718857
20180830103100,342250.0,342659.49112176895
20180830103200,342375.0,342442.85303354263
20180830103300,342500.0,342279.4438004494
20180830103400,342250.0,342406.1159491539
20180830103500,342250.0,342326.8328309059
20180830103600,342375.0,342210.80380678177
20180830103700,342250.0,342279.4438004494
20180830103800,341500.0,342268.82272958755
20180830103900,341750.0,341799.0785241127
20180830104000,341500.0,341588.3199572563
20180830104100,341250.00000000006,341567.1439766884
20180830104200,341375.0,341314.04227018356
20180830104300,341250.00000000006,341266.63559675217
20180830104400,341125.0,341256.0674548149
20180830104500,341250.00000000006,341129.5474767685
20180830104600,341375.0,341140.1090025902
20180830104700,341250.00000000006,341266.63559675217
20180830104800,341250.00000000006,341256.0674548149
20180830104900,341250.00000000006,341198.08822870255
20180830105000,341375.0,341198.08822870255
20180830105100,341375.0,341266.63559675217
20180830105200,341000.0,341324.61923360825
20180830105300,341250.00000000006,341118.97271871567
20180830105400,341375.0,341082.13198184967
20180830105500,341250.00000000006,341266.63559675217
20180830105600,341250.00000000006,341256.0674548149
20180830105700,341250.00000000006,341198.08822870255
20180830105800,341250.00000000006,341198.08822870255
20180830105900,341125.0,341198.08822870255
20180830110000,341250.00000000006,341129.5474767685
20180830110100,341250.00000000006,341140.1090025902
20180830110200,341250.00000000006,341198.08822870255
20180830110300,341375.0,341198.08822870255
20180830110400,341375.0,341266.63559675217
20180830110500,341250.00000000006,341324.61923360825
20180830110600,341375.0,341256.0674548149
20180830110700,341375.0,341266.63559675217
20180830110800,341125.0,341324.61923360825
20180830110900,341375.0,341187.5156760216
20180830111000,341250.00000000006,341208.6563706398
20180830111100,341375.0,341256.0674548149
20180830111200,341250.00000000006,341266.63559675217
20180830111300,341375.0,341256.0674548149
20180830111400,341375.0,341266.63559675217
20180830111500,341375.0,341324.61923360825
20180830111600,341250.00000000006,341324.61923360825
20180830111700,341250.00000000006,341256.0674548149
20180830111800,341250.00000000006,341198.08822870255
20180830111900,341375.0,341198.08822870255
20180830112000,341375.0,341266.63559675217
20180830112100,341375.0,341324.61923360825
20180830112200,341250.00000000006,341324.61923360825
20180830112300,341250.00000000006,341256.0674548149
20180830112400,341500.0,341198.08822870255
20180830112500,341250.00000000006,341335.1873755455
20180830112600,341250.00000000006,341314.04227018356
20180830112700,341250.00000000006,341198.08822870255
20180830112800,341375.0,341198.08822870255
20180830112900,341375.0,341266.63559675217
20180830113000,341375.0,341324.61923360825
20180830113100,341375.0,341324.61923360825
20180830113200,341250.00000000006,341324.61923360825
20180830113300,341250.00000000006,341256.0674548149
20180830113400,341500.0,341198.08822870255
20180830113500,341375.0,341335.1873755455
20180830113600,341250.00000000006,341382.6028704643
20180830113700,341375.0,341256.0674548149
20180830113800,341250.00000000006,341266.63559675217
20180830113900,341375.0,341256.0674548149
20180830114000,341250.00000000006,341266.63559675217
20180830114100,341125.0,341256.0674548149
20180830114200,340750.0,341129.5474767685
20180830114300,340875.00000000006,340866.00333452225
20180830114400,340875.00000000006,340760.6328725815
20180830114500,340875.00000000006,340818.59666109085
20180830114600,340750.0,340818.59666109085
20180830114700,340750.0,340750.0911951065
20180830114800,340875.00000000006,340692.13622808456
20180830114900,340875.00000000006,340760.6328725815
20180830115000,340750.0,340818.59666109085
20180830115100,340625.0,340750.0911951065
20180830115200,340875.00000000006,340623.6461997032
20180830115300,340750.0,340702.6734948158
20180830115400,340375.0,340750.0911951065
20180830115500,340124.99999999994,340486.67937517166
20180830115600,340124.99999999994,340175.97115039825
20180830115700,340124.99999999994,340060.1251721382
20180830115800,340375.0,340060.1251721382
20180830115900,340375.0,340196.99716567993
20180830120000,340375.0,340312.8718137741
20180830120100,340250.0,340312.8718137741
20180830120200,340250.0,340244.4192767143
20180830120300,339875.0,340186.4885687828
20180830120400,339750.0,339981.1949133873
20180830120500,340000.0,339739.07375335693
20180830120600,339750.0,339817.95328855515
20180830120700,340000.0,339796.9757914543
20180830120800,339875.0,339817.95328855515
20180830120900,339750.0,339865.3776049614
20180830121000,339750.0,339739.07375335693
20180830121100,340000.0,339681.17171525955
20180830121200,339750.0,339817.95328855515
20180830121300,339875.0,339796.9757914543
20180830121400,339750.0,339749.5558857918
20180830121500,339625.0,339739.07375335693
20180830121600,339625.0,339612.79195547104
20180830121700,340000.0,339554.8965334892
20180830121800,340250.0,339760.0402235985
20180830121900,340375.0,340070.6293582916
20180830122000,340250.0,340254.9300789833
20180830122100,340250.0,340244.4192767143
20180830122200,340375.0,340186.4885687828
20180830122300,340250.0,340254.9300789833
20180830122400,340375.0,340244.4192767143
20180830122500,340375.0,340254.9300789833
20180830122600,339875.0,340312.8718137741
20180830122700,339625.0,340039.1057729721
20180830122800,339625.0,339670.685172081
20180830122900,339750.0,339554.8965334892
20180830123000,339750.0,339623.26967716217
20180830123100,339875.0,339681.17171525955
20180830123200,339875.0,339749.5558857918
20180830123300,339750.0,339807.46454000473
20180830123400,339750.0,339739.07375335693
20180830123500,339875.0,339681.17171525955
20180830123600,340250.0,339749.5558857918
20180830123700,340124.99999999994,340012.6986503601
20180830123800,340124.99999999994,340118.051469326
20180830123900,340250.0,340060.1251721382
20180830124000,340250.0,340128.56006622314
20180830124100,340250.0,340186.4885687828
20180830124200,340375.0,340186.4885687828
20180830124300,340250.0,340254.9300789833
20180830124400,339875.0,340244.4192767143
20180830124500,339750.0,339981.1949133873
20180830124600,339625.0,339739.07375335693
20180830124700,339875.0,339612.79195547104
20180830124800,339750.0,339691.65164232254
20180830124900,339750.0,339739.07375335693
20180830125000,339750.0,339681.17171525955
20180830125100,339875.0,339681.17171525955
20180830125200,340000.0,339749.5558857918
20180830125300,339875.0,339875.8707642555
20180830125400,339875.0,339865.3776049614
20180830125500,339750.0,339807.46454000473
20180830125600,339750.0,339739.07375335693
20180830125700,339875.0,339681.17171525955
20180830125800,339750.0,339749.5558857918
20180830125900,339625.0,339739.07375335693
20180830130000,339625.0,339612.79195547104
20180830130100,339750.0,339554.8965334892
20180830130200,339875.0,339623.26967716217
20180830130300,339625.0,339749.5558857918
20180830130400,339875.0,339670.685172081
20180830130500,339750.0,339691.65164232254
20180830130600,339750.0,339739.07375335693
20180830130700,339750.0,339681.17171525955
20180830130800,339750.0,339681.17171525955
20180830130900,339875.0,339681.17171525955
20180830131000,339625.0,339749.5558857918
20180830131100,339750.0,339670.685172081
20180830131200,339750.0,339623.26967716217
20180830131300,339750.0,339681.17171525955
20180830131400,339875.0,339681.17171525955
20180830131500,339875.0,339749.5558857918
20180830131600,339750.0,339807.46454000473
20180830131700,339750.0,339739.07375335693
20180830131800,339750.0,339681.17171525955
20180830131900,339750.0,339681.17171525955
20180830132000,339750.0,339681.17171525955
20180830132100,339625.0,339681.17171525955
20180830132200,339750.0,339612.79195547104
20180830132300,339625.0,339623.26967716217
20180830132400,339875.0,339612.79195547104
20180830132500,339875.0,339691.65164232254
20180830132600,339625.0,339807.46454000473
20180830132700,339875.0,339670.685172081
20180830132800,339875.0,339691.65164232254
20180830132900,339875.0,339807.46454000473
20180830133000,339875.0,339807.46454000473
20180830133100,339750.0,339807.46454000473
20180830133200,339875.0,339739.07375335693
20180830133300,339750.0,339749.5558857918
20180830133400,339750.0,339739.07375335693
20180830133500,339875.0,339681.17171525955
20180830133600,339875.0,339749.5558857918
20180830133700,339625.0,339807.46454000473
20180830133800,339750.0,339670.685172081
20180830133900,339750.0,339623.26967716217
20180830134000,339625.0,339681.17171525955
20180830134100,339750.0,339612.79195547104
20180830134200,339750.0,339623.26967716217
20180830134300,339750.0,339681.17171525955
20180830134400,339875.0,339681.17171525955
20180830134500,339750.0,339749.5558857918
20180830134600,339750.0,339739.07375335693
20180830134700,339750.0,339681.17171525955
20180830134800,339875.0,339681.17171525955
20180830134900,339500.0,339749.5558857918
20180830135000,339375.0,339602.3032069206
20180830135100,339250.0,339360.2879047394
20180830135200,339375.0,339234.0766787529
20180830135300,339375.0,339244.5345520973
20180830135400,339375.0,339302.40792036057
20180830135500,339250.0,339302.40792036057
20180830135600,339250.0,339234.0766787529
20180830135700,339375.0,339176.20331048965
20180830135800,339375.0,339244.5345520973
20180830135900,339250.0,339302.40792036057
20180830140000,339375.0,339234.0766787529
20180830140100,339250.0,339244.5345520973
20180830140200,339250.0,339234.0766787529
20180830140300,339625.0,339176.20331048965
20180830140400,339875.0,339381.2146782875
20180830140500,339750.0,339691.65164232254
20180830140600,339750.0,339739.07375335693
20180830140700,339750.0,339681.17171525955
20180830140800,339750.0,339681.17171525955
20180830140900,339750.0,339681.17171525955
20180830141000,339625.0,339681.17171525955
20180830141100,339875.0,339612.79195547104
20180830141200,339625.0,339691.65164232254
20180830141300,339750.0,339670.685172081
20180830141400,339750.0,339623.26967716217
20180830141500,339750.0,339681.17171525955
20180830141600,339875.0,339681.17171525955
20180830141700,339750.0,339749.5558857918
20180830141800,339750.0,339739.07375335693
20180830141900,339750.0,339681.17171525955
20180830142000,339500.0,339681.17171525955
20180830142100,339625.0,339544.4188117981
20180830142200,339750.0,339497.0011115074
20180830142300,339875.0,339623.26967716217
20180830142400,339500.0,339749.5558857918
20180830142500,339875.0,339602.3032069206
20180830142600,339500.0,339633.74078273773
20180830142700,339750.0,339602.3032069206
20180830142800,339750.0,339565.3676390648
20180830142900,339375.0,339681.17171525955
20180830143000,339250.0,339476.047873497
20180830143100,339125.0,339234.0766787529
20180830143200,339375.0,339107.8853011131
20180830143300,339250.0,339186.6545677185
20180830143400,339125.0,339234.0766787529
20180830143500,339875.0,339107.8853011131
20180830143600,340000.0,339460.0192308426
20180830143700,340124.99999999994,339875.8707642555
20180830143800,340250.0,340002.2032856941
20180830143900,340250.0,340128.56006622314
20180830144000,340250.0,340186.4885687828
20180830144100,340250.0,340186.4885687828
20180830144200,340250.0,340186.4885687828
20180830144300,340124.99999999994,340186.4885687828
20180830144400,340124.99999999994,340118.051469326
20180830144500,340250.0,340060.1251721382
20180830144600,340250.0,340128.56006622314
20180830144700,339875.0,340186.4885687828
20180830144800,339750.0,339981.1949133873
20180830144900,339625.0,339739.07375335693
20180830145000,339750.0,339612.79195547104
20180830145100,339750.0,339623.26967716217
20180830145200,339625.0,339681.17171525955
20180830145300,339625.0,339612.79195547104
20180830145400,339375.0,339554.8965334892
20180830145500,339250.0,339418.1722998619
20180830145600,339375.0,339234.0766787529
20180830145700,339375.0,339244.5345520973
20180830145800,339250.0,339302.40792036057
20180830145900,339125.0,339234.0766787529
20180830150000,339375.0,339107.8853011131
20180830150100,339375.0,339186.6545677185
20180830150200,339375.0,339302.40792036057
20180830150300,339375.0,339302.40792036057
20180830150400,339375.0,339302.40792036057
20180830150500,339375.0,339302.40792036057
20180830150600,339125.0,339302.40792036057
20180830150700,338500.0,339165.74543714523
20180830150800,338375.0,338708.58067274094
20180830150900,338375.0,338351.2508869171
20180830151000,338625.0,338293.437063694
20180830151100,339000.0,338429.87900972366
20180830151200,338875.0,338750.3063082695
20180830151300,339000.0,338855.573117733
20180830151400,339375.0,338866.00893735886
20180830151500,339625.0,339128.7789940834
20180830151600,339625.0,339439.1056895256
20180830151700,339500.0,339554.8965334892
20180830151800,339125.0,339486.53000593185
20180830151900,339500.0,339223.61439466476
20180830153000,339500.0,339254.9836039543
20180830153500,339500.0,339428.6412000656
20180831090000,340000.0,339428.6412000656
20180831090100,340499.99999999994,339702.1227478981
20180831090300,339750.0,340207.4991464615
20180831090400,339750.0,340028.58394384384
20180831090800,339500.0,339681.17171525955
20180831090900,339500.0,339544.4188117981
20180831091000,339500.0,339428.6412000656
20180831091100,339500.0,339428.6412000656
20180831091200,340000.0,339428.6412000656
20180831091300,339750.0,339702.1227478981
20180831091400,339750.0,339796.9757914543
20180831091500,339750.0,339681.17171525955
20180831091600,340000.0,339681.17171525955
20180831091700,339500.0,339817.95328855515
20180831091800,340000.0,339660.1942181587
20180831091900,339750.0,339702.1227478981
20180831092000,339750.0,339796.9757914543
20180831092100,339500.0,339681.17171525955
20180831092200,339375.0,339544.4188117981
20180831092300,339250.0,339360.2879047394
20180831092400,339500.0,339234.0766787529
20180831092500,339000.0,339312.8702044487
20180831092600,338750.0,339155.2831530571
20180831092700,338000.0,338787.2948050499
20180831092800,337500.0,338262.20458745956
20180831092900,337500.0,337642.9295539856
20180831093000,337500.0,337411.9565486908
20180831093100,337625.0,337411.9565486908
20180831093200,337500.0,337480.0474047661
20180831093300,337375.0,337469.69759464264
20180831093400,337250.0,337343.87451410294
20180831093500,337000.0,337218.08010339737
20180831093600,336250.00000000006,337024.2830514908
20180831093700,335750.0,336500.99021196365
20180831093800,335750.0,335883.7066292763
20180831093900,335625.0,335653.3952355385
20180831094000,335750.0,335585.59107780457
20180831094100,336000.0,335595.82620859146
20180831094200,336000.0,335789.0410423279
20180831094300,336000.0,335904.2320251465
20180831094400,336000.0,335904.2320251465
20180831094500,336125.0,335904.2320251465
20180831094600,336250.00000000006,335972.08911180496
20180831094700,336000.0,336097.5791811943
20180831094800,336125.0,336019.4340348244
20180831094900,336250.00000000006,335972.08911180496
20180831095000,336250.00000000006,336097.5791811943
20180831095100,335874.99999999994,336155.20334243774
20180831095200,336000.0,335951.56371593475
20180831095300,336125.0,335846.6343283653
20180831095400,336000.0,335972.08911180496
20180831095500,336000.0,335961.83413267136
20180831095600,336000.0,335904.2320251465
20180831095700,336000.0,335904.2320251465
20180831095800,336000.0,335904.2320251465
20180831095900,335750.0,335904.2320251465
20180831100000,335750.0,335768.54652166367
20180831100100,335625.0,335653.3952355385
20180831100200,335625.0,335585.59107780457
20180831100300,335750.0,335528.0286669731
20180831100400,335750.0,335595.82620859146
20180831100500,335874.99999999994,335653.3952355385
20180831100600,336000.0,335721.2148308754
20180831100700,336125.0,335846.6343283653
20180831100800,336250.00000000006,335972.08911180496
20180831100900,336250.00000000006,336097.5791811943
20180831101000,336000.0,336155.20334243774
20180831101100,336250.00000000006,336019.4340348244
20180831101200,336000.0,336039.9594306946
20180831101300,336375.0,336019.4340348244
20180831101400,336500.0,336107.8385710716
20180831101500,336750.0,336348.65415096283
20180831101600,336500.0,336542.1931743622
20180831101700,336750.0,336521.6016173363
20180831101800,336750.0,336542.1931743622
20180831101900,337000.0,336657.5319170952
20180831102000,337250.0,336793.49970817566
20180831102100,336750.0,337044.93194818497
20180831102200,336500.0,336888.23586702347
20180831102300,336625.00000000006,336521.6016173363
20180831102400,336875.0,336474.24125671387
20180831102500,337000.0,336667.8310036659
20180831102600,337250.0,336851.1900305748
20180831102700,336750.0,337044.93194818497
20180831102800,336375.0,336888.23586702347
20180831102900,336250.00000000006,336453.6541104317
20180831103000,336625.00000000006,336212.82309293747
20180831103100,336750.0,336358.931183815
20180831103200,336625.00000000006,336599.86144304276
20180831103300,336500.0,336589.562356472
20180831103400,336625.00000000006,336463.95099163055
20180831103500,336750.0,336474.24125671387
20180831103600,336500.0,336599.86144304276
20180831103700,336750.0,336521.6016173363
20180831103800,336625.00000000006,336542.1931743622
20180831103900,336750.0,336589.562356472
20180831104000,336750.0,336599.86144304276
20180831104100,336500.0,336657.5319170952
20180831104200,336625.00000000006,336521.6016173363
20180831104300,336750.0,336474.24125671387
20180831104400,337125.0,336599.86144304276
20180831104500,337250.0,336861.5001440048
20180831104600,337250.0,337102.64652967453
20180831104700,337375.0,337160.3611111641
20180831104800,337125.0,337228.41888666153
20180831104900,337125.0,337150.02673864365
20180831105000,336875.0,337034.60639715195
20180831105100,336750.0,336898.56362342834
20180831105200,336750.0,336715.20459651947
20180831105300,336750.0,336657.5319170952
20180831105400,336750.0,336657.5319170952
20180831105500,336875.0,336657.5319170952
20180831105600,336750.0,336725.5102992058
20180831105700,336750.0,336715.20459651947
20180831105800,336875.0,336657.5319170952
20180831105900,336750.0,336725.5102992058
20180831110000,336875.0,336715.20459651947
20180831110100,336875.0,336725.5102992058
20180831110200,336875.0,336783.19400548935
20180831110300,336875.0,336783.19400548935
20180831110400,336625.00000000006,336783.19400548935
20180831110500,336750.0,336647.2262144089
20180831110600,336625.00000000006,336599.86144304276
20180831110700,336750.0,336589.562356472
20180831110800,336625.00000000006,336599.86144304276
20180831110900,336250.00000000006,336589.562356472
20180831111000,336250.00000000006,336328.0846476555
20180831111100,336375.0,336155.20334243774
20180831111200,336250.00000000006,336223.10012578964
20180831111300,336125.0,336212.82309293747
20180831111400,336125.0,336087.31096982956
20180831111500,336250.00000000006,336029.70004081726
20180831111600,336250.00000000006,336097.5791811943
20180831111700,336250.00000000006,336155.20334243774
20180831111800,336250.00000000006,336155.20334243774
20180831111900,336250.00000000006,336155.20334243774
20180831112000,336125.0,336155.20334243774
20180831112100,336250.00000000006,336087.31096982956
20180831112200,336125.0,336097.5791811943
20180831112300,336250.00000000006,336087.31096982956
20180831112400,336250.00000000006,336097.5791811943
20180831112500,336125.0,336155.20334243774
20180831112600,336250.00000000006,336087.31096982956
20180831112700,336375.0,336097.5791811943
20180831112800,336250.00000000006,336223.10012578964
20180831112900,336125.0,336212.82309293747
20180831113000,336250.00000000006,336087.31096982956
20180831113100,336125.0,336097.5791811943
20180831113200,336125.0,336087.31096982956
20180831113300,336250.00000000006,336029.70004081726
20180831113400,336125.0,336097.5791811943
20180831113500,336250.00000000006,336087.31096982956
20180831113600,336250.00000000006,336097.5791811943
20180831113700,336125.0,336155.20334243774
20180831113800,336250.00000000006,336087.31096982956
20180831113900,336750.0,336097.5791811943
20180831114000,337375.0,336426.86545848846
20180831114100,337375.0,336997.5296854973
20180831114200,337250.0,337286.1422896385
20180831114300,337250.0,337218.08010339737
20180831114400,337250.0,337160.3611111641
20180831114500,336875.0,337160.3611111641
20180831114600,336875.0,336956.2539458275
20180831114700,337125.0,336783.19400548935
20180831114800,337375.0,336919.1992878914
20180831114900,337250.0,337170.6910729408
20180831115000,337250.0,337218.08010339737
20180831115100,337250.0,337160.3611111641
20180831115200,337250.0,337160.3611111641
20180831115300,337250.0,337160.3611111641
20180831115400,337375.0,337160.3611111641
20180831115500,337250.0,337228.41888666153
20180831115600,337250.0,337218.08010339737
20180831115700,337250.0,337160.3611111641
20180831115800,337250.0,337160.3611111641
20180831115900,337125.0,337160.3611111641
20180831120000,337250.0,337092.3165678978
20180831120100,337250.0,337102.64652967453
20180831120200,337250.0,337160.3611111641
20180831120300,337000.0,337160.3611111641
20180831120400,336750.0,337024.2830514908
20180831120500,336750.0,336772.8794813156
20180831120600,336750.0,336657.5319170952
20180831120700,336750.0,336657.5319170952
20180831120800,336625.00000000006,336657.5319170952
20180831120900,336750.0,336589.562356472
20180831121000,336750.0,336599.86144304276
20180831121100,336625.00000000006,336657.5319170952
20180831121200,336625.00000000006,336589.562356472
20180831121300,336625.00000000006,336531.900703907
20180831121400,336625.00000000006,336531.900703907
20180831121500,336750.0,336531.900703907
20180831121600,336750.0,336599.86144304276
20180831121700,336250.00000000006,336657.5319170952
20180831121800,336500.0,336385.7154250145
20180831121900,336750.0,336291.0145521164
20180831122000,336875.0,336542.1931743622
20180831122100,336875.0,336725.5102992058
20180831122200,336750.0,336783.19400548935
20180831122300,336625.00000000006,336715.20459651947
20180831122400,336750.0,336589.562356472
20180831122500,336750.0,336599.86144304276
20180831122600,336750.0,336657.5319170952
20180831122700,336875.0,336657.5319170952
20180831122800,336875.0,336725.5102992058
20180831122900,337250.0,336783.19400548935
20180831123000,337125.0,336987.2173666954
20180831123100,337125.0,337092.3165678978
20180831123200,337375.0,337034.60639715195
20180831123300,337375.0,337170.6910729408
20180831123400,337750.0,337286.1422896385
20180831123500,337750.0,337490.3972148895
20180831123600,337625.0,337663.67107629776
20180831123700,337750.0,337595.55155038834
20180831123800,337750.0,337605.91238737106
20180831123900,337875.0,337663.67107629776
20180831124000,337750.0,337731.80162906647
20180831124100,337625.0,337721.43417596817
20180831124200,337750.0,337595.55155038834
20180831124300,337875.0,337605.91238737106
20180831124400,337625.0,337731.80162906647
20180831124500,337625.0,337653.3058285713
20180831124600,337750.0,337537.7994775772
20180831124700,337750.0,337605.91238737106
20180831124800,337750.0,337663.67107629776
20180831124900,337750.0,337663.67107629776
20180831125000,338000.0,337663.67107629776
20180831125100,338250.0,337799.93438720703
20180831125200,338500.0,338051.83416604996
20180831125300,339000.0,338303.83759737015
20180831125400,339375.0,338692.4549937248
20180831125500,339125.0,339128.7789940834
20180831125600,339375.0,339165.74543714523
20180831125700,339250.0,339186.6545677185
20180831125800,339125.0,339234.0766787529
20180831125900,339250.0,339107.8853011131
20180831130000,339250.0,339118.3343529701
20180831130100,339250.0,339176.20331048965
20180831130200,339125.0,339176.20331048965
20180831130300,339125.0,339107.8853011131
20180831130400,339250.0,339050.02295970917
20180831130500,339250.0,339118.3343529701
20180831130600,339375.0,339176.20331048965
20180831130700,339375.0,339244.5345520973
20180831130800,339125.0,339302.40792036057
20180831130900,339375.0,339165.74543714523
20180831131000,339375.0,339186.6545677185
20180831131100,339250.0,339302.40792036057
20180831131200,339250.0,339234.0766787529
20180831131300,339375.0,339176.20331048965
20180831131400,339125.0,339244.5345520973
20180831131500,339125.0,339165.74543714523
20180831131600,339250.0,339050.02295970917
20180831131700,339125.0,339118.3343529701
20180831131800,339500.0,339107.8853011131
20180831131900,339750.0,339254.9836039543
20180831132000,339750.0,339565.3676390648
20180831132100,339750.0,339681.17171525955
20180831132200,339875.0,339681.17171525955
20180831132300,339875.0,339749.5558857918
20180831132400,339750.0,339807.46454000473
20180831132500,339750.0,339739.07375335693
20180831132600,339750.0,339681.17171525955
20180831132700,339750.0,339681.17171525955
20180831132800,339625.0,339681.17171525955
20180831132900,339750.0,339612.79195547104
20180831133000,339750.0,339623.26967716217
20180831133100,339875.0,339681.17171525955
20180831133200,339875.0,339749.5558857918
20180831133300,339875.0,339807.46454000473
20180831133400,339750.0,339807.46454000473
20180831133500,339750.0,339739.07375335693
20180831133600,339625.0,339681.17171525955
20180831133700,339750.0,339612.79195547104
20180831133800,339625.0,339623.26967716217
20180831133900,339875.0,339612.79195547104
20180831134000,339625.0,339691.65164232254
20180831134100,339750.0,339670.685172081
20180831134200,339750.0,339623.26967716217
20180831134300,339625.0,339681.17171525955
20180831134400,339750.0,339612.79195547104
20180831134500,339500.0,339623.26967716217
20180831134600,339375.0,339544.4188117981
20180831134700,339250.0,339360.2879047394
20180831134800,338875.0,339234.0766787529
20180831134900,338750.0,338971.27133607864
20180831135000,338625.0,338729.45231199265
20180831135100,338125.0,338603.35797071457
20180831135200,338250.0,338272.62276411057
20180831135300,338250.0,338109.62814092636
20180831135400,338250.0,338167.4309372902
20180831135500,338250.0,338167.4309372902
20180831135600,338375.0,338167.4309372902
20180831135700,338375.0,338235.6276512146
20180831135800,338375.0,338293.437063694
20180831135900,338125.0,338293.437063694
20180831140000,338375.0,338157.03040361404
20180831140100,338250.0,338177.8182387352
20180831140200,338250.0,338225.2293229103
20180831140300,338250.0,338167.4309372902
20180831140400,338250.0,338167.4309372902
20180831140500,338125.0,338167.4309372902
20180831140600,338375.0,338099.24083948135
20180831140700,338250.0,338177.8182387352
20180831140800,338125.0,338225.2293229103
20180831140900,338250.0,338099.24083948135
20180831141000,338250.0,338109.62814092636
20180831141100,338250.0,338167.4309372902
20180831141200,338250.0,338167.4309372902
20180831141300,338375.0,338167.4309372902
20180831141400,338125.0,338235.6276512146
20180831141500,338125.0,338157.03040361404
20180831141600,338500.0,338041.44686460495
20180831141700,338125.0,338246.0215687752
20180831141800,338250.0,338214.8265838623
20180831141900,338375.0,338109.62814092636
20180831142000,338125.0,338235.6276512146
20180831142100,338125.0,338157.03040361404
20180831142200,338375.0,338041.44686460495
20180831142300,338375.0,338177.8182387352
20180831142400,338250.0,338293.437063694
20180831142500,338250.0,338225.2293229103
20180831142600,338375.0,338167.4309372902
20180831142700,338375.0,338235.6276512146
20180831142800,338125.0,338293.437063694
20180831142900,338375.0,338157.03040361404
20180831143000,338250.0,338177.8182387352
20180831143100,338125.0,338225.2293229103
20180831143200,338250.0,338099.24083948135
20180831143300,338125.0,338109.62814092636
20180831143400,338250.0,338099.24083948135
20180831143500,338250.0,338109.62814092636
20180831143600,338875.0,338167.4309372902
20180831143700,339625.0,338508.5137486458
20180831143800,339750.0,339207.53943920135
20180831143900,340000.0,339623.26967716217
20180831144000,340124.99999999994,339817.95328855515
20180831144100,340250.0,340002.2032856941
20180831144200,340375.0,340128.56006622314
20180831144300,340250.0,340254.9300789833
20180831144400,340750.0,340244.4192767143
20180831144500,340124.99999999994,340460.3119492531
20180831144600,340250.0,340349.7434258461
20180831144700,340250.0,340128.56006622314
20180831144800,340250.0,340186.4885687828
20180831144900,340250.0,340186.4885687828
20180831145000,340124.99999999994,340186.4885687828
20180831145100,340375.0,340118.051469326
20180831145200,340875.00000000006,340196.99716567993
20180831145300,340625.0,340586.7415070534
20180831145400,340750.0,340681.5901398659
20180831145500,340875.00000000006,340634.1812610626
20180831145600,340625.0,340760.6328725815
20180831145700,340750.0,340681.5901398659
20180831145800,340750.0,340634.1812610626
20180831145900,340875.00000000006,340692.13622808456
20180831150000,340875.00000000006,340760.6328725815
20180831150100,340499.99999999994,340818.59666109085
20180831150200,340250.0,340613.0979061127
20180831150300,340250.0,340302.3521900177
20180831150400,340250.0,340186.4885687828
20180831150500,340124.99999999994,340186.4885687828
20180831150600,340124.99999999994,340118.051469326
20180831150700,340124.99999999994,340060.1251721382
20180831150800,340250.0,340060.1251721382
20180831150900,340124.99999999994,340128.56006622314
20180831151000,340250.0,340118.051469326
20180831151100,340375.0,340128.56006622314
20180831151200,340250.0,340254.9300789833
20180831151300,340250.0,340244.4192767143
20180831151400,340124.99999999994,340186.4885687828
20180831151500,340375.0,340118.051469326
20180831151600,340124.99999999994,340196.99716567993
20180831151700,340250.0,340175.97115039825
20180831151800,340375.0,340128.56006622314
20180831151900,340250.0,340254.9300789833
20180831153000,342500.0,340244.4192767143
20180831153500,342500.0,341419.52300071716
20180903090000,340499.99999999994,342464.1392827034
20180903090100,339500.0,341366.30737781525
20180903090200,338500.0,339891.7494416237
20180903090300,338375.0,338882.05742836
20180903090400,339000.0,338351.2508869171
20180903090700,339500.0,338634.60367918015
20180903090800,339500.0,339197.10141420364
20180903090900,339625.0,339428.6412000656
20180903091000,339500.0,339497.0011115074
20180903091100,339750.0,339486.53000593185
20180903091200,340124.99999999994,339565.3676390648
20180903091300,340250.0,339886.3573074341
20180903091400,340000.0,340128.56006622314
20180903091500,340250.0,340049.61878061295
20180903091600,340250.0,340070.6293582916
20180903091700,340250.0,340186.4885687828
20180903091800,340250.0,340186.4885687828
20180903091900,340250.0,340186.4885687828
20180903092000,340375.0,340186.4885687828
20180903092100,340250.0,340254.9300789833
20180903092200,340124.99999999994,340244.4192767143
20180903092300,340250.0,340118.051469326
20180903092400,340124.99999999994,340128.56006622314
20180903092500,340000.0,340118.051469326
20180903092600,340250.0,339991.7035102844
20180903092700,340250.0,340070.6293582916
20180903092800,339750.0,340186.4885687828
20180903092900,339750.0,339912.7842783928
20180903093000,339625.0,339681.17171525955
20180903093100,339250.0,339612.79195547104
20180903093200,339000.0,339349.82120990753
20180903093300,339250.0,339039.5717024803
20180903093400,339250.0,339060.4609847069
20180903093500,338750.0,339176.20331048965
20180903093600,338750.0,338902.970969677
20180903093700,338750.0,338671.6142296791
20180903093800,338750.0,338671.6142296791
20180903093900,338500.0,338671.6142296791
20180903094000,338625.0,338535.11494398117
20180903094100,338750.0,338487.70385980606
20180903094200,338750.0,338613.7805581093
20180903094300,338875.0,338671.6142296791
20180903094400,338750.0,338739.88151550293
20180903094500,338750.0,338729.45231199265
20180903094600,338750.0,338671.6142296791
20180903094700,338750.0,338671.6142296791
20180903094800,339250.0,338671.6142296791
20180903094900,338750.0,338944.72748041153
20180903095000,338750.0,338902.970969677
20180903095100,338750.0,338671.6142296791
20180903095200,338875.0,338671.6142296791
20180903095300,339250.0,338739.88151550293
20180903095400,338750.0,339002.5942325592
20180903095500,338625.0,338902.970969677
20180903095600,338625.0,338603.35797071457
20180903095700,338625.0,338545.52870988846
20180903095800,338875.0,338545.52870988846
20180903095900,338875.0,338682.03461170197
20180903100000,339375.0,338797.73062467575
20180903100100,339250.0,339070.9034204483
20180903100200,339250.0,339234.0766787529
20180903100300,339250.0,339176.20331048965
20180903100400,339000.0,339176.20331048965
20180903100500,338750.0,339039.5717024803
20180903100600,339375.0,338787.2948050499
20180903100700,339500.0,339013.02564144135
20180903100800,339250.0,339370.7568049431
20180903100900,339375.0,339291.95004701614
20180903101000,338750.0,339244.5345520973
20180903101100,338500.0,338960.8134627342
20180903101200,338750.0,338535.11494398117
20180903101300,338625.0,338555.94688653946
20180903101400,338875.0,338603.35797071457
20180903101500,338625.0,338682.03461170197
20180903101600,338625.0,338661.1872315407
20180903101700,338750.0,338545.52870988846
20180903101800,338875.0,338613.7805581093
20180903101900,338750.0,338739.88151550293
20180903102000,338625.0,338729.45231199265
20180903102100,338750.0,338603.35797071457
20180903102200,339125.0,338613.7805581093
20180903102300,339250.0,338876.4359354973
20180903102400,339375.0,339118.3343529701
20180903102500,339750.0,339244.5345520973
20180903102600,339750.0,339507.46339559555
20180903102700,339750.0,339681.17171525955
20180903102800,339750.0,339681.17171525955
20180903102900,339500.0,339681.17171525955
20180903103000,339625.0,339544.4188117981
20180903103100,339375.0,339497.0011115074
20180903103200,339125.0,339418.1722998619
20180903103300,339250.0,339165.74543714523
20180903103400,339750.0,339118.3343529701
20180903103500,339625.0,339449.56356287
20180903103600,339750.0,339612.79195547104
20180903103700,339750.0,339623.26967716217
20180903103800,340250.0,339681.17171525955
20180903103900,340750.0,339954.7679424286
20180903104000,340625.0,340460.3119492531
20180903104100,340375.0,340623.6461997032
20180903104200,340250.0,340428.74425649643
20180903104300,340375.0,340244.4192767143
20180903104400,340250.0,340254.9300789833
20180903104500,340250.0,340244.4192767143
20180903104600,340250.0,340186.4885687828
20180903104700,340250.0,340186.4885687828
20180903104800,340250.0,340186.4885687828
20180903104900,340250.0,340186.4885687828
20180903105000,340250.0,340186.4885687828
20180903105100,340375.0,340186.4885687828
20180903105200,340250.0,340254.9300789833
20180903105300,340250.0,340244.4192767143
20180903105400,340250.0,340186.4885687828
20180903105500,340250.0,340186.4885687828
20180903105600,340124.99999999994,340186.4885687828
20180903105700,340124.99999999994,340118.051469326
20180903105800,340250.0,340060.1251721382
20180903105900,340375.0,340128.56006622314
20180903110000,340375.0,340254.9300789833
20180903110100,340250.0,340312.8718137741
20180903110200,340000.0,340244.4192767143
20180903110300,340250.0,340049.61878061295
20180903110400,340250.0,340070.6293582916
20180903110500,340124.99999999994,340186.4885687828
20180903110600,339750.0,340118.051469326
20180903110700,339875.0,339854.87562417984
20180903110800,339500.0,339749.5558857918
20180903110900,339250.0,339602.3032069206
20180903111000,339125.0,339291.95004701614
20180903111100,339250.0,339107.8853011131
20180903111200,339250.0,339118.3343529701
20180903111300,339375.0,339176.20331048965
20180903111400,339250.0,339244.5345520973
20180903111500,339125.0,339234.0766787529
20180903111600,339375.0,339107.8853011131
20180903111700,339125.0,339186.6545677185
20180903111800,339250.0,339165.74543714523
20180903111900,339375.0,339118.3343529701
20180903112000,339250.0,339244.5345520973
20180903112100,339250.0,339234.0766787529
20180903112200,339250.0,339176.20331048965
20180903112300,339250.0,339176.20331048965
20180903112400,339500.0,339176.20331048965
20180903112500,339000.0,339312.8702044487
20180903112600,339125.0,339155.2831530571
20180903112700,339125.0,338992.1562075615
20180903112800,339375.0,339050.02295970917
20180903112900,339625.0,339186.6545677185
20180903113000,339625.0,339439.1056895256
20180903113100,339750.0,339554.8965334892
20180903113200,339750.0,339623.26967716217
20180903113300,339750.0,339681.17171525955
20180903113400,339625.0,339681.17171525955
20180903113500,340000.0,339612.79195547104
20180903113600,340250.0,339760.0402235985
20180903113700,340375.0,340070.6293582916
20180903113800,340375.0,340254.9300789833
20180903113900,340750.0,340312.8718137741
20180903114000,340499.99999999994,340518.266916275
20180903114100,340750.0,340555.16278743744
20180903114200,340625.0,340576.2240886688
20180903114300,340499.99999999994,340623.6461997032
20180903114400,341000.0,340497.2166419029
20180903114500,341250.00000000006,340713.20194005966
20180903114600,341250.00000000006,341082.13198184967
20180903114700,341250.00000000006,341198.08822870255
20180903114800,341250.00000000006,341198.08822870255
20180903114900,341250.00000000006,341198.08822870255
20180903115000,341250.00000000006,341198.08822870255
20180903115100,341250.00000000006,341198.08822870255
20180903115200,341250.00000000006,341198.08822870255
20180903115300,341250.00000000006,341198.08822870255
20180903115400,341125.0,341198.08822870255
20180903115500,341250.00000000006,341129.5474767685
20180903115600,341250.00000000006,341140.1090025902
20180903115700,341250.00000000006,341198.08822870255
20180903115800,341125.0,341198.08822870255
20180903115900,341375.0,341129.5474767685
20180903120000,341750.0,341208.6563706398
20180903120100,341875.0,341530.32088279724
20180903120200,341750.0,341772.91399240494
20180903120300,341625.0,341762.3149752617
20180903120400,341500.0,341635.7310414314
20180903120500,341375.0,341509.15813446045
20180903120600,341250.00000000006,341382.6028704643
20180903120700,341000.0,341256.0674548149
20180903120800,341250.00000000006,341061.0089302063
20180903120900,340875.00000000006,341082.13198184967
20180903121000,340875.00000000006,340992.4769997597
20180903121100,340875.00000000006,340818.59666109085
20180903121200,340499.99999999994,340818.59666109085
20180903121300,340625.0,340613.0979061127
20180903121400,340625.0,340507.74508714676
20180903121500,340750.0,340565.695643425
20180903121600,340625.0,340634.1812610626
20180903121700,341000.0,340623.6461997032
20180903121800,341375.0,340771.1723446846
20180903121900,341250.00000000006,341150.66832304
20180903122000,341250.00000000006,341256.0674548149
20180903122100,341125.0,341198.08822870255
20180903122200,341250.00000000006,341129.5474767685
20180903122300,341750.0,341140.1090025902
20180903122400,341625.0,341472.3196029663
20180903122500,341750.0,341635.7310414314
20180903122600,341125.0,341646.32123708725
20180903122700,341375.0,341361.4268898964
20180903122800,341625.0,341208.6563706398
20180903122900,341625.0,341461.7492556572
20180903123000,341750.0,341577.7341723442
20180903123100,341875.0,341646.32123708725
20180903123200,341625.0,341772.91399240494
20180903123300,341750.0,341693.7190890312
20180903123400,341875.0,341646.32123708725
20180903123500,341750.0,341772.91399240494
20180903123600,341875.0,341762.3149752617
20180903123700,342250.0,341772.91399240494
20180903123800,342125.0,342036.75585985184
20180903123900,341875.0,342142.1726346016
20180903124000,341750.0,341946.9244480133
20180903124100,341500.0,341762.3149752617
20180903124200,341625.0,341567.1439766884
20180903124300,341375.0,341519.74391937256
20180903124400,341375.0,341440.5865073204
20180903124500,341500.0,341324.61923360825
20180903124600,341375.0,341393.179833889
20180903124700,341625.0,341382.6028704643
20180903124800,341750.0,341461.7492556572
20180903124900,341750.0,341646.32123708725
20180903125000,341625.0,341704.3203115463
20180903125100,341750.0,341635.7310414314
20180903125200,341875.0,341646.32123708725
20180903125300,341750.0,341772.91399240494
20180903125400,341875.0,341762.3149752617
20180903125500,342250.0,341772.91399240494
20180903125600,342250.0,342036.75585985184
20180903125700,342000.0,342210.80380678177
20180903125800,342250.0,342073.5436677933
20180903125900,342125.0,342094.77257728577
20180903130000,342250.0,342142.1726346016
20180903130100,342125.0,342152.7892947197
20180903130200,342125.0,342142.1726346016
20180903130300,342375.0,342084.16253328323
20180903130400,342125.0,342221.42708301544
20180903130500,342000.0,342200.18273591995
20180903130600,342000.0,342015.5357718468
20180903130700,342125.0,341957.532286644
20180903130800,342125.0,342026.1524319649
20180903130900,342250.0,342084.16253328323
20180903131000,342125.0,342152.7892947197
20180903131100,342250.0,342142.1726346016
20180903131200,342125.0,342152.7892947197
20180903131300,342250.0,342142.1726346016
20180903131400,342000.0,342152.7892947197
20180903131500,342125.0,342073.5436677933
20180903131600,342125.0,342026.1524319649
20180903131700,342000.0,342084.16253328323
20180903131800,342250.0,342015.5357718468
20180903131900,342250.0,342094.77257728577
20180903132000,342250.0,342210.80380678177
20180903132100,342125.0,342210.80380678177
20180903132200,342125.0,342142.1726346016
20180903132300,342250.0,342084.16253328323
20180903132400,342125.0,342152.7892947197
20180903132500,341875.0,342142.1726346016
20180903132600,341250.00000000006,341946.9244480133
20180903132700,341125.0,341487.9667162895
20180903132800,340875.00000000006,341129.5474767685
20180903132900,340375.0,340934.51541662216
20180903133000,340124.99999999994,340544.6144938469
20180903133100,340124.99999999994,340175.97115039825
20180903133200,340124.99999999994,340060.1251721382
20180903133300,340250.0,340060.1251721382
20180903133400,340124.99999999994,340128.56006622314
20180903133500,340124.99999999994,340118.051469326
20180903133600,340124.99999999994,340060.1251721382
20180903133700,340124.99999999994,340060.1251721382
20180903133800,340124.99999999994,340060.1251721382
20180903133900,340000.0,340060.1251721382
20180903134000,340250.0,339991.7035102844
20180903134100,340124.99999999994,340070.6293582916
20180903134200,340124.99999999994,340118.051469326
20180903134300,340250.0,340060.1251721382
20180903134400,340124.99999999994,340128.56006622314
20180903134500,340750.0,340118.051469326
20180903134600,340750.0,340402.3547768593
20180903134700,341125.0,340692.13622808456
20180903134800,341250.00000000006,340897.6526260376
20180903134900,341250.00000000006,341140.1090025902
20180903135000,341125.0,341198.08822870255
20180903135100,341125.0,341129.5474767685
20180903135200,341375.0,341071.570456028
20180903135300,341625.0,341208.6563706398
20180903135400,341750.0,341461.7492556572
20180903135500,341875.0,341646.32123708725
20180903135600,341750.0,341772.91399240494
20180903135700,341750.0,341762.3149752617
20180903135800,341250.00000000006,341704.3203115463
20180903135900,341250.00000000006,341429.9941062927
20180903140000,341750.0,341198.08822870255
20180903140100,341750.0,341472.3196029663
20180903140200,342125.0,341704.3203115463
20180903140300,342250.0,341910.1234078407
20180903140400,341875.0,342152.7892947197
20180903140500,341500.0,342004.9213171005
20180903140600,341375.0,341625.1320242882
20180903140700,341375.0,341382.6028704643
20180903140800,341125.0,341324.61923360825
20180903140900,341625.0,341187.5156760216
20180903141000,341750.0,341345.75551748276
20180903141100,342125.0,341646.32123708725
20180903141200,342250.0,341910.1234078407
20180903141300,342250.0,342152.7892947197
20180903141400,342250.0,342210.80380678177
20180903141500,342375.0,342210.80380678177
20180903141600,342125.0,342279.4438004494
20180903141700,342250.0,342200.18273591995
20180903141800,342250.0,342152.7892947197
20180903141900,342125.0,342210.80380678177
20180903142000,342375.0,342142.1726346016
20180903142100,342250.0,342221.42708301544
20180903142200,342375.0,342268.82272958755
20180903142300,342375.0,342279.4438004494
20180903142400,342250.0,342337.46713399887
20180903142500,342250.0,342268.82272958755
20180903142600,342250.0,342210.80380678177
20180903142700,342250.0,342210.80380678177
20180903142800,342375.0,342210.80380678177
20180903142900,342625.0,342279.4438004494
20180903143000,342750.0,342474.76917505264
20180903143100,342750.0,342659.49112176895
20180903143200,342750.0,342717.52548217773
20180903143300,342750.0,342717.52548217773
20180903143400,342750.0,342717.52548217773
20180903143500,342875.0,342717.52548217773
20180903143600,342750.0,342786.2073779106
20180903143700,342750.0,342775.55322647095
20180903143800,343625.0,342717.52548217773
20180903143900,344250.0,343198.3847618103
20180903144000,344250.0,343948.5265612602
20180903144100,344375.0,344238.83950710297
20180903144200,344125.0,344307.62284994125
20180903144300,343875.0,344228.10596227646
20180903144400,343750.0,343974.4661450386
20180903144500,344000.0,343789.6118760109
20180903144600,344375.0,343869.0736293793
20180903144700,344250.0,344191.49458408356
20180903144800,344375.0,344296.88930511475
20180903144900,344375.0,344307.62284994125
20180903145000,344250.0,344365.67705869675
20180903145100,344250.0,344296.88930511475
20180903145200,344250.0,344238.83950710297
20180903145300,344250.0,344238.83950710297
20180903145400,344375.0,344238.83950710297
20180903145500,344250.0,344307.62284994125
20180903145600,344375.0,344296.88930511475
20180903145700,344375.0,344307.62284994125
20180903145800,344250.0,344365.67705869675
20180903145900,344375.0,344296.88930511475
20180903150000,344125.0,344307.62284994125
20180903150100,344375.0,344228.10596227646
20180903150200,344250.0,344249.55981969833
20180903150300,344250.0,344296.88930511475
20180903150400,344250.0,344238.83950710297
20180903150500,344250.0,344238.83950710297
20180903150600,344375.0,344238.83950710297
20180903150700,344250.0,344307.62284994125
20180903150800,344125.0,344296.88930511475
20180903150900,344250.0,344170.0561642647
20180903151000,344250.0,344180.7830929756
20180903151100,344375.0,344238.83950710297
20180903151200,344749.99999999994,344307.62284994125
20180903151300,344749.99999999994,344572.0623731613
20180903151400,344875.0,344746.24705314636
20180903151500,344875.0,344815.0590658188
20180903151600,344749.99999999994,344873.117685318
20180903151700,344625.0,344804.30567264557
20180903151800,344749.99999999994,344677.4372458458
20180903151900,344749.99999999994,344688.190639019
20180903153000,345000.0,344746.24705314636
20180903153500,345000.0,344883.87328386307
20180904090000,344625.0,344999.9949336052
20180904090100,344500.0,344793.54125261307
20180904090200,344000.0,344550.584256649
20180904090300,344000.0,344217.36800670624
20180904090400,343750.0,343985.1842522621
20180904090500,343000.0,343847.6594686508
20180904090600,342875.0,343319.1354870796
20180904090700,343000.0,342902.27168798447
20180904090800,342500.0,342912.928044796
20180904090900,342000.0,342696.21938467026
20180904091000,341750.0,342189.548432827
20180904091100,341625.0,341820.3118443489
20180904091200,341625.0,341635.7310414314
20180904091300,341750.0,341577.7341723442
20180904091400,341125.0,341646.32123708725
20180904091500,341125.0,341361.4268898964
20180904091600,340750.0,341071.570456028
20180904091700,340124.99999999994,340866.00333452225
20180904091800,340250.0,340349.7434258461
20180904091900,340124.99999999994,340128.56006622314
20180904092000,340124.99999999994,340118.051469326
20180904092100,340499.99999999994,340060.1251721382
20180904092200,340625.0,340265.4408812523
20180904092300,340750.0,340507.74508714676
20180904092400,340750.0,340634.1812610626
20180904092500,340750.0,340692.13622808456
20180904092600,340750.0,340692.13622808456
20180904092700,340750.0,340692.13622808456
20180904092800,340625.0,340692.13622808456
20180904092900,340875.00000000006,340623.6461997032
20180904093000,340750.0,340702.6734948158
20180904093100,340750.0,340750.0911951065
20180904093200,341000.0,340692.13622808456
20180904093300,341250.00000000006,340829.1405439377
20180904093400,341000.0,341082.13198184967
20180904093500,341625.0,341061.0089302063
20180904093600,342125.0,341287.75864839554
20180904093700,341875.0,341852.1111011505
20180904093800,341500.0,341946.9244480133
20180904093900,341625.0,341625.1320242882
20180904094000,342000.0,341519.74391937256
20180904094100,342875.0,341783.5085988045
20180904094200,342750.0,342437.9703402519
20180904094300,342750.0,342775.55322647095
20180904094400,342500.0,342717.52548217773
20180904094500,342625.0,342580.1815390587
20180904094600,342750.0,342532.80133008957
20180904094700,342500.0,342659.49112176895
20180904094800,342750.0,342580.1815390587
20180904094900,342875.0,342601.46337747574
20180904095000,342250.0,342786.2073779106
20180904095100,342125.0,342500.8587241173
20180904095200,342125.0,342142.1726346016
20180904095300,342250.0,342084.16253328323
20180904095400,342250.0,342152.7892947197
20180904095500,342250.0,342210.80380678177
20180904095600,341875.0,342210.80380678177
20180904095700,341750.0,342004.9213171005
20180904095800,341750.0,341762.3149752617
20180904095900,341750.0,341704.3203115463
20180904100000,341750.0,341704.3203115463
20180904100100,341750.0,341704.3203115463
20180904100200,342000.0,341704.3203115463
20180904100300,342375.0,341841.516494751
20180904100400,342500.0,342163.4015440941
20180904100500,342625.0,342406.1159491539
20180904100600,342750.0,342532.80133008957
20180904100700,342375.0,342659.49112176895
20180904100800,342125.0,342511.5150809288
20180904100900,342125.0,342200.18273591995
20180904101000,342125.0,342084.16253328323
20180904101100,342000.0,342084.16253328323
20180904101200,342125.0,342015.5357718468
20180904101300,342125.0,342026.1524319649
20180904101400,342250.0,342084.16253328323
20180904101500,342125.0,342152.7892947197
20180904101600,342250.0,342142.1726346016
20180904101700,342000.0,342152.7892947197
20180904101800,342125.0,342073.5436677933
20180904101900,342250.0,342026.1524319649
20180904102000,342125.0,342152.7892947197
20180904102100,341875.0,342142.1726346016
20180904102200,342000.0,341946.9244480133
20180904102300,341875.0,341899.5243906975
20180904102400,342000.0,341888.9165520668
20180904102500,341625.0,341899.5243906975
20180904102600,342125.0,341751.7115473747
20180904102700,342250.0,341852.1111011505
20180904102800,341875.0,342152.7892947197
20180904102900,341625.0,342004.9213171005
20180904103000,341500.0,341693.7190890312
20180904103100,341875.0,341509.15813446045
20180904103200,342375.0,341656.90702199936
20180904103300,342250.0,342105.3782105446
20180904103400,342250.0,342268.82272958755
20180904103500,341875.0,342210.80380678177
20180904103600,341375.0,342004.9213171005
20180904103700,341500.0,341556.54937028885
20180904103800,341875.0,341393.179833889
20180904103900,342250.0,341656.90702199936
20180904104000,341875.0,342036.75585985184
20180904104100,341500.0,342004.9213171005
20180904104200,341625.0,341625.1320242882
20180904104300,341750.0,341519.74391937256
20180904104400,341500.0,341646.32123708725
20180904104500,341625.0,341567.1439766884
20180904104600,341625.0,341519.74391937256
20180904104700,341750.0,341577.7341723442
20180904104800,341625.0,341646.32123708725
20180904104900,341625.0,341635.7310414314
20180904105000,342000.0,341577.7341723442
20180904105100,342000.0,341783.5085988045
20180904105200,341625.0,341957.532286644
20180904105300,341750.0,341751.7115473747
20180904105400,341750.0,341646.32123708725
20180904105500,341625.0,341704.3203115463
20180904105600,341500.0,341635.7310414314
20180904105700,341625.0,341509.15813446045
20180904105800,341750.0,341519.74391937256
20180904105900,341750.0,341646.32123708725
20180904110000,341375.0,341704.3203115463
20180904110100,341625.0,341498.56573343277
20180904110200,341500.0,341461.7492556572
20180904110300,341750.0,341509.15813446045
20180904110400,341750.0,341588.3199572563
20180904110500,341750.0,341704.3203115463
20180904110600,341625.0,341704.3203115463
20180904110700,341750.0,341635.7310414314
20180904110800,341750.0,341646.32123708725
20180904110900,341750.0,341704.3203115463
20180904111000,341750.0,341704.3203115463
20180904111100,341625.0,341704.3203115463
20180904111200,341750.0,341635.7310414314
20180904111300,341500.0,341646.32123708725
20180904111400,341750.0,341567.1439766884
20180904111500,341625.0,341588.3199572563
20180904111600,341625.0,341635.7310414314
20180904111700,341500.0,341577.7341723442
20180904111800,341625.0,341509.15813446045
20180904111900,341125.0,341519.74391937256
20180904112000,341375.0,341303.45648527145
20180904112100,341125.0,341208.6563706398
20180904112200,341125.0,341187.5156760216
20180904112300,341125.0,341071.570456028
20180904112400,341125.0,341071.570456028
20180904112500,341125.0,341071.570456028
20180904112600,341125.0,341071.570456028
20180904112700,341125.0,341071.570456028
20180904112800,341125.0,341071.570456028
20180904112900,341125.0,341071.570456028
20180904113000,341125.0,341071.570456028
20180904113100,341250.00000000006,341071.570456028
20180904113200,341125.0,341140.1090025902
20180904113300,341125.0,341129.5474767685
20180904113400,341125.0,341071.570456028
20180904113500,341250.00000000006,341071.570456028
20180904113600,341000.0,341140.1090025902
20180904113700,340625.0,341061.0089302063
20180904113800,340625.0,340739.5406961441
20180904113900,340625.0,340565.695643425
20180904114000,340625.0,340565.695643425
20180904114100,340625.0,340565.695643425
20180904114200,340750.0,340565.695643425
20180904114300,340625.0,340634.1812610626
20180904114400,340625.0,340623.6461997032
20180904114500,340875.00000000006,340565.695643425
20180904114600,340625.0,340702.6734948158
20180904114700,340750.0,340681.5901398659
20180904114800,340625.0,340634.1812610626
20180904114900,340750.0,340623.6461997032
20180904115000,340250.0,340634.1812610626
20180904115100,339750.0,340418.209195137
20180904115200,339375.0,339912.7842783928
20180904115300,339250.0,339476.047873497
20180904115400,339125.0,339234.0766787529
20180904115500,339125.0,339107.8853011131
20180904115600,339250.0,339050.02295970917
20180904115700,339125.0,339118.3343529701
20180904115800,339125.0,339107.8853011131
20180904115900,339250.0,339050.02295970917
20180904120000,339125.0,339118.3343529701
20180904120100,339250.0,339107.8853011131
20180904120200,339125.0,339118.3343529701
20180904120300,338875.0,339107.8853011131
20180904120400,338750.0,338913.4178161621
20180904120500,338750.0,338729.45231199265
20180904120600,338750.0,338671.6142296791
20180904120700,338625.0,338671.6142296791
20180904120800,338750.0,338603.35797071457
20180904120900,338875.0,338613.7805581093
20180904121000,338875.0,338739.88151550293
20180904121100,338750.0,338797.73062467575
20180904121200,338750.0,338729.45231199265
20180904121300,338625.0,338671.6142296791
20180904121400,338625.0,338603.35797071457
20180904121500,338625.0,338545.52870988846
20180904121600,338625.0,338545.52870988846
20180904121700,338625.0,338545.52870988846
20180904121800,338250.0,338545.52870988846
20180904121900,338250.0,338340.8371210098
20180904122000,338125.0,338167.4309372902
20180904122100,338125.0,338099.24083948135
20180904122200,338125.0,338041.44686460495
20180904122300,338250.0,338041.44686460495
20180904122400,338125.0,338109.62814092636
20180904122500,338125.0,338099.24083948135
20180904122600,338000.0,338041.44686460495
20180904122700,337625.0,337973.2766151428
20180904122800,337625.0,337711.05790138245
20180904122900,337625.0,337537.7994775772
20180904123000,337750.0,337537.7994775772
20180904123100,337625.0,337605.91238737106
20180904123200,337375.0,337595.55155038834
20180904123300,337125.0,337401.60673856735
20180904123400,337125.0,337150.02673864365
20180904123500,337250.0,337034.60639715195
20180904123600,337125.0,337102.64652967453
20180904123700,337250.0,337092.3165678978
20180904123800,337375.0,337102.64652967453
20180904123900,337125.0,337228.41888666153
20180904124000,337125.0,337150.02673864365
20180904124100,337125.0,337034.60639715195
20180904124200,337125.0,337034.60639715195
20180904124300,337250.0,337034.60639715195
20180904124400,337250.0,337102.64652967453
20180904124500,337125.0,337160.3611111641
20180904124600,337625.0,337092.3165678978
20180904124700,337625.0,337306.8154454231
20180904124800,337625.0,337537.7994775772
20180904124900,337750.0,337537.7994775772
20180904125000,337875.0,337605.91238737106
20180904125100,337750.0,337731.80162906647
20180904125200,337750.0,337721.43417596817
20180904125300,337750.0,337663.67107629776
20180904125400,338125.0,337663.67107629776
20180904125500,338125.0,337868.08478832245
20180904125600,338125.0,338041.44686460495
20180904125700,338125.0,338041.44686460495
20180904125800,338125.0,338041.44686460495
20180904125900,338125.0,338041.44686460495
20180904130000,338375.0,338041.44686460495
20180904130100,338125.0,338177.8182387352
20180904130200,338250.0,338157.03040361404
20180904130300,338250.0,338109.62814092636
20180904130400,338125.0,338167.4309372902
20180904130500,338250.0,338099.24083948135
20180904130600,338125.0,338109.62814092636
20180904130700,338125.0,338099.24083948135
20180904130800,338250.0,338041.44686460495
20180904130900,338250.0,338109.62814092636
20180904131000,338125.0,338167.4309372902
20180904131100,338250.0,338099.24083948135
20180904131200,338125.0,338109.62814092636
20180904131300,338250.0,338099.24083948135
20180904131400,338125.0,338109.62814092636
20180904131500,338125.0,338099.24083948135
20180904131600,338250.0,338041.44686460495
20180904131700,338375.0,338109.62814092636
20180904131800,337875.0,338235.6276512146
20180904131900,337625.0,338020.6634402275
20180904132000,337625.0,337653.3058285713
20180904132100,337750.0,337537.7994775772
20180904132200,337750.0,337605.91238737106
20180904132300,337750.0,337663.67107629776
20180904132400,337750.0,337663.67107629776
20180904132500,337875.0,337663.67107629776
20180904132600,337625.0,337731.80162906647
20180904132700,337750.0,337653.3058285713
20180904132800,337750.0,337605.91238737106
20180904132900,337750.0,337663.67107629776
20180904133000,337625.0,337663.67107629776
20180904133100,337625.0,337595.55155038834
20180904133200,337875.0,337537.7994775772
20180904133300,337625.0,337674.02970790863
20180904133400,337625.0,337653.3058285713
20180904133500,337625.0,337537.7994775772
20180904133600,337625.0,337537.7994775772
20180904133700,337750.0,337537.7994775772
20180904133800,337625.0,337605.91238737106
20180904133900,337625.0,337595.55155038834
20180904134000,337625.0,337537.7994775772
20180904134100,337750.0,337537.7994775772
20180904134200,337625.0,337605.91238737106
20180904134300,337750.0,337595.55155038834
20180904134400,337625.0,337605.91238737106
20180904134500,337625.0,337595.55155038834
20180904134600,337625.0,337537.7994775772
20180904134700,337625.0,337537.7994775772
20180904134800,337625.0,337537.7994775772
20180904134900,337750.0,337537.7994775772
20180904135000,337500.0,337605.91238737106
20180904135100,337625.0,337527.4430513382
20180904135200,337750.0,337480.0474047661
20180904135300,337625.0,337605.91238737106
20180904135400,337750.0,337595.55155038834
20180904135500,337500.0,337605.91238737106
20180904135600,337750.0,337527.4430513382
20180904135700,337625.0,337548.15369844437
20180904135800,337625.0,337595.55155038834
20180904135900,337750.0,337537.7994775772
20180904140000,337375.0,337605.91238737106
20180904140100,337375.0,337459.3411684036
20180904140200,337250.0,337286.1422896385
20180904140300,337250.0,337218.08010339737
20180904140400,337375.0,337160.3611111641
20180904140500,337250.0,337228.41888666153
20180904140600,337125.0,337218.08010339737
20180904140700,337250.0,337092.3165678978
20180904140800,337125.0,337102.64652967453
20180904140900,337000.0,337092.3165678978
20180904141000,337125.0,336966.5794968605
20180904141100,337125.0,336976.9050478935
20180904141200,337250.0,337034.60639715195
20180904141300,337125.0,337102.64652967453
20180904141400,337250.0,337092.3165678978
20180904141500,337375.0,337102.64652967453
20180904141600,337250.0,337228.41888666153
20180904141700,337125.0,337218.08010339737
20180904141800,337125.0,337092.3165678978
20180904141900,337250.0,337034.60639715195
20180904142000,337250.0,337102.64652967453
20180904142100,337250.0,337160.3611111641
20180904142200,337125.0,337160.3611111641
20180904142300,337250.0,337092.3165678978
20180904142400,337250.0,337102.64652967453
20180904142500,337125.0,337160.3611111641
20180904142600,337375.0,337092.3165678978
20180904142700,337375.0,337170.6910729408
20180904142800,337250.0,337286.1422896385
20180904142900,337750.0,337218.08010339737
20180904143000,337750.0,337432.64293670654
20180904143100,337750.0,337663.67107629776
20180904143200,337625.0,337663.67107629776
20180904143300,337875.0,337595.55155038834
20180904143400,337625.0,337674.02970790863
20180904143500,337625.0,337653.3058285713
20180904143600,337750.0,337537.7994775772
20180904143700,337750.0,337605.91238737106
20180904143800,337625.0,337663.67107629776
20180904143900,337750.0,337595.55155038834
20180904144000,337625.0,337605.91238737106
20180904144100,337750.0,337595.55155038834
20180904144200,337625.0,337605.91238737106
20180904144300,337625.0,337595.55155038834
20180904144400,337625.0,337537.7994775772
20180904144500,337750.0,337537.7994775772
20180904144600,337750.0,337605.91238737106
20180904144700,337625.0,337663.67107629776
20180904144800,337625.0,337595.55155038834
20180904144900,337625.0,337537.7994775772
20180904145000,337750.0,337537.7994775772
20180904145100,337750.0,337605.91238737106
20180904145200,337625.0,337663.67107629776
20180904145300,337750.0,337595.55155038834
20180904145400,337750.0,337605.91238737106
20180904145500,337750.0,337663.67107629776
20180904145600,337625.0,337663.67107629776
20180904145700,337750.0,337595.55155038834
20180904145800,337625.0,337605.91238737106
20180904145900,337625.0,337595.55155038834
20180904150000,337625.0,337537.7994775772
20180904150100,337750.0,337537.7994775772
20180904150200,337625.0,337605.91238737106
20180904150300,337750.0,337595.55155038834
20180904150400,337500.0,337605.91238737106
20180904150500,337125.0,337527.4430513382
20180904150600,337375.0,337207.7369093895
20180904150700,337250.0,337170.6910729408
20180904150800,337125.0,337218.08010339737
20180904150900,337250.0,337092.3165678978
20180904151000,337125.0,337102.64652967453
20180904151100,337250.0,337092.3165678978
20180904151200,337125.0,337102.64652967453
20180904151300,337250.0,337092.3165678978
20180904151400,337125.0,337102.64652967453
20180904151500,337250.0,337092.3165678978
20180904151600,337125.0,337102.64652967453
20180904151700,337250.0,337092.3165678978
20180904151800,337250.0,337102.64652967453
20180904151900,337375.0,337160.3611111641
20180904153000,337000.0,337228.41888666153
20180904153500,337000.0,337081.98219537735
20180905090000,335625.0,336908.8869690895
20180905090100,335499.99999999994,336161.3673567772
20180905090200,336000.0,335460.24656295776
20180905090300,336500.0,335673.8654971123
20180905090400,336250.00000000006,336175.72873830795
20180905090500,336250.00000000006,336270.4516649246
20180905090600,336250.00000000006,336155.20334243774
20180905090700,336500.0,336155.20334243774
20180905090800,336625.00000000006,336291.0145521164
20180905090900,336250.00000000006,336474.24125671387
20180905091000,336250.00000000006,336328.0846476555
20180905091100,336250.00000000006,336155.20334243774
20180905091200,337000.0,336155.20334243774
20180905091300,337250.0,336562.7582669258
20180905091400,337000.0,337044.93194818497
20180905091500,337000.0,337024.2830514908
20180905091600,337250.0,336908.8869690895
20180905091700,337000.0,337044.93194818497
20180905091800,336750.0,337024.2830514908
20180905091900,336500.0,336772.8794813156
20180905092000,336750.0,336521.6016173363
20180905092100,337000.0,336542.1931743622
20180905092200,337250.0,336793.49970817566
20180905092300,337250.0,337044.93194818497
20180905092400,337250.0,337160.3611111641
20180905092500,337000.0,337160.3611111641
20180905092600,337250.0,337024.2830514908
20180905092700,337250.0,337044.93194818497
20180905092800,336875.0,337160.3611111641
20180905092900,337000.0,336956.2539458275
20180905093000,337000.0,336851.1900305748
20180905093100,336750.0,336908.8869690895
20180905093200,337125.0,336772.8794813156
20180905093300,336625.00000000006,336861.5001440048
20180905093400,336875.0,336762.56054639816
20180905093500,336750.0,336667.8310036659
20180905093600,337125.0,336715.20459651947
20180905093700,337375.0,336861.5001440048
20180905093800,337125.0,337170.6910729408
20180905093900,337000.0,337150.02673864365
20180905094000,337000.0,336966.5794968605
20180905094100,337375.0,336908.8869690895
20180905094200,337250.0,337112.96766996384
20180905094300,337125.0,337218.08010339737
20180905094400,337250.0,337092.3165678978
20180905094500,337500.0,337102.64652967453
20180905094600,338000.0,337296.4854836464
20180905094700,338250.0,337684.38613414764
20180905094800,338250.0,338051.83416604996
20180905094900,338125.0,338167.4309372902
20180905095000,338125.0,338099.24083948135
20180905095100,338250.0,338041.44686460495
20180905095200,338250.0,338109.62814092636
20180905095300,338250.0,338167.4309372902
20180905095400,338375.0,338167.4309372902
20180905095500,338000.0,338235.6276512146
20180905095600,338375.0,338088.8469219208
20180905095700,338750.0,338120.01544237137
20180905095800,339125.0,338498.1110095978
20180905095900,339125.0,338876.4359354973
20180905100000,339000.0,339050.02295970917
20180905100100,339125.0,338981.7159771919
20180905100200,338875.0,338992.1562075615
20180905100300,339000.0,338913.4178161621
20180905100400,338750.0,338866.00893735886
20180905100500,338750.0,338787.2948050499
20180905100600,338750.0,338671.6142296791
20180905100700,339000.0,338671.6142296791
20180905100800,338750.0,338808.1576228142
20180905100900,338750.0,338787.2948050499
20180905101000,338750.0,338671.6142296791
20180905101100,338750.0,338671.6142296791
20180905101200,338750.0,338671.6142296791
20180905101300,338500.0,338671.6142296791
20180905101400,338750.0,338535.11494398117
20180905101500,338500.0,338555.94688653946
20180905101600,338750.0,338535.11494398117
20180905101700,338750.0,338555.94688653946
20180905101800,338750.0,338671.6142296791
20180905101900,338750.0,338671.6142296791
20180905102000,338500.0,338671.6142296791
20180905102100,338875.0,338535.11494398117
20180905102200,338500.0,338624.1943240166
20180905102300,338750.0,338592.93538331985
20180905102400,339000.0,338555.94688653946
20180905102500,338750.0,338808.1576228142
20180905102600,338500.0,338787.2948050499
20180905102700,338750.0,338535.11494398117
20180905102800,338875.0,338555.94688653946
20180905102900,338750.0,338739.88151550293
20180905103000,338625.0,338729.45231199265
20180905103100,338375.0,338603.35797071457
20180905103200,338250.0,338409.0602993965
20180905103300,338250.0,338225.2293229103
20180905103400,338375.0,338167.4309372902
20180905103500,338500.0,338235.6276512146
20180905103600,338125.0,338361.6536259651
20180905103700,338250.0,338214.8265838623
20180905103800,338125.0,338109.62814092636
20180905103900,338125.0,338099.24083948135
20180905104000,338000.0,338041.44686460495
20180905104100,338250.0,337973.2766151428
20180905104200,338500.0,338051.83416604996
20180905104300,338250.0,338303.83759737015
20180905104400,338125.0,338283.03653001785
20180905104500,337875.0,338099.24083948135
20180905104600,337875.0,337905.1151871681
20180905104700,337625.0,337789.57134485245
20180905104800,337750.0,337653.3058285713
20180905104900,337250.0,337605.91238737106
20180905105000,337250.0,337391.25031232834
20180905105100,336750.0,337160.3611111641
20180905105200,337125.0,336888.23586702347
20180905105300,337625.0,336861.5001440048
20180905105400,337250.0,337306.8154454231
20180905105500,337250.0,337333.52249860764
20180905105600,337000.0,337160.3611111641
20180905105700,337125.0,337024.2830514908
20180905105800,337000.0,336976.9050478935
20180905105900,337250.0,336966.5794968605
20180905110000,337125.0,337044.93194818497
20180905110100,337000.0,337092.3165678978
20180905110200,337375.0,336966.5794968605
20180905110300,337250.0,337112.96766996384
20180905110400,337125.0,337218.08010339737
20180905110500,337250.0,337092.3165678978
20180905110600,337750.0,337102.64652967453
20180905110700,337500.0,337432.64293670654
20180905110800,337750.0,337527.4430513382
20180905110900,337875.0,337548.15369844437
20180905111000,338250.0,337731.80162906647
20180905111100,337500.0,337994.04019117355
20180905111200,337250.0,337758.42928886414
20180905111300,337250.0,337275.80350637436
20180905111400,337000.0,337160.3611111641
20180905111500,336750.0,337024.2830514908
20180905111600,336625.00000000006,336772.8794813156
20180905111700,336750.0,336589.562356472
20180905111800,336625.00000000006,336599.86144304276
20180905111900,336750.0,336589.562356472
20180905112000,336625.00000000006,336599.86144304276
20180905112100,336750.0,336589.562356472
20180905112200,336750.0,336599.86144304276
20180905112300,337000.0,336657.5319170952
20180905112400,336750.0,336793.49970817566
20180905112500,336875.0,336772.8794813156
20180905112600,336875.0,336725.5102992058
20180905112700,336625.00000000006,336783.19400548935
20180905112800,336750.0,336647.2262144089
20180905112900,336750.0,336599.86144304276
20180905113000,336625.00000000006,336657.5319170952
20180905113100,336750.0,336589.562356472
20180905113200,336875.0,336599.86144304276
20180905113300,336750.0,336725.5102992058
20180905113400,336750.0,336715.20459651947
20180905113500,336750.0,336657.5319170952
20180905113600,336625.00000000006,336657.5319170952
20180905113700,336750.0,336589.562356472
20180905113800,336750.0,336599.86144304276
20180905113900,336625.00000000006,336657.5319170952
20180905114000,336750.0,336589.562356472
20180905114100,336750.0,336599.86144304276
20180905114200,336750.0,336657.5319170952
20180905114300,336625.00000000006,336657.5319170952
20180905114400,336500.0,336589.562356472
20180905114500,337000.0,336463.95099163055
20180905114600,336625.00000000006,336678.12567949295
20180905114700,336750.0,336704.89448308945
20180905114800,336750.0,336599.86144304276
20180905114900,336750.0,336657.5319170952
20180905115000,336625.00000000006,336657.5319170952
20180905115100,336625.00000000006,336589.562356472
20180905115200,336750.0,336531.900703907
20180905115300,336625.00000000006,336599.86144304276
20180905115400,336750.0,336589.562356472
20180905115500,336625.00000000006,336599.86144304276
20180905115600,336625.00000000006,336589.562356472
20180905115700,336750.0,336531.900703907
20180905115800,336625.00000000006,336599.86144304276
20180905115900,336875.0,336589.562356472
20180905120000,336750.0,336667.8310036659
20180905120100,336750.0,336715.20459651947
20180905120200,336625.00000000006,336657.5319170952
20180905120300,336625.00000000006,336589.562356472
20180905120400,336875.0,336531.900703907
20180905120500,336500.0,336667.8310036659
20180905120600,336750.0,336579.2566537857
20180905120700,336750.0,336542.1931743622
20180905120800,336625.00000000006,336657.5319170952
20180905120900,336500.0,336589.562356472
20180905121000,336250.00000000006,336463.95099163055
20180905121100,336000.0,336270.4516649246
20180905121200,336125.0,336019.4340348244
20180905121300,336250.00000000006,335972.08911180496
20180905121400,336000.0,336097.5791811943
20180905121500,336125.0,336019.4340348244
20180905121600,336000.0,335972.08911180496
20180905121700,336375.0,335961.83413267136
20180905121800,336250.00000000006,336107.8385710716
20180905121900,336000.0,336212.82309293747
20180905122000,336375.0,336019.4340348244
20180905122100,336000.0,336107.8385710716
20180905122200,336250.00000000006,336077.0383477211
20180905122300,336125.0,336039.9594306946
20180905122400,336250.00000000006,336087.31096982956
20180905122500,336375.0,336097.5791811943
20180905122600,336375.0,336223.10012578964
20180905122700,336625.00000000006,336280.73531389236
20180905122800,336750.0,336416.5884256363
20180905122900,336875.0,336599.86144304276
20180905123000,337250.0,336725.5102992058
20180905123100,337375.0,336987.2173666954
20180905123200,337250.0,337228.41888666153
20180905123300,337250.0,337218.08010339737
20180905123400,337250.0,337160.3611111641
20180905123500,337125.0,337160.3611111641
20180905123600,337250.0,337092.3165678978
20180905123700,337250.0,337102.64652967453
20180905123800,337250.0,337160.3611111641
20180905123900,337250.0,337160.3611111641
20180905124000,337375.0,337160.3611111641
20180905124100,337250.0,337228.41888666153
20180905124200,337250.0,337218.08010339737
20180905124300,337250.0,337160.3611111641
20180905124400,337125.0,337160.3611111641
20180905124500,337125.0,337092.3165678978
20180905124600,337000.0,337034.60639715195
20180905124700,337250.0,336966.5794968605
20180905124800,337125.0,337044.93194818497
20180905124900,337125.0,337092.3165678978
20180905125000,337250.0,337034.60639715195
20180905125100,337250.0,337102.64652967453
20180905125200,337250.0,337160.3611111641
20180905125300,337000.0,337160.3611111641
20180905125400,337250.0,337024.2830514908
20180905125500,337125.0,337044.93194818497
20180905125600,337125.0,337092.3165678978
20180905125700,337125.0,337034.60639715195
20180905125800,337375.0,337034.60639715195
20180905125900,337000.0,337170.6910729408
20180905130000,337000.0,337081.98219537735
20180905130100,337125.0,336908.8869690895
20180905130200,336750.0,336976.9050478935
20180905130300,336625.00000000006,336830.55877685547
20180905130400,336625.00000000006,336589.562356472
20180905130500,336625.00000000006,336531.900703907
20180905130600,336500.0,336531.900703907
20180905130700,336500.0,336463.95099163055
20180905130800,336750.0,336406.30036592484
20180905130900,336625.00000000006,336542.1931743622
20180905131000,336625.00000000006,336589.562356472
20180905131100,336125.0,336531.900703907
20180905131200,336125.0,336260.165810585
20180905131300,336000.0,336029.70004081726
20180905131400,336250.00000000006,335961.83413267136
20180905131500,336000.0,336039.9594306946
20180905131600,336250.00000000006,336019.4340348244
20180905131700,336125.0,336039.9594306946
20180905131800,336375.0,336087.31096982956
20180905131900,336125.0,336165.46934843063
20180905132000,336375.0,336144.9241042137
20180905132100,336375.0,336165.46934843063
20180905132200,336250.00000000006,336280.73531389236
20180905132300,336250.00000000006,336212.82309293747
20180905132400,336375.0,336155.20334243774
20180905132500,336375.0,336223.10012578964
20180905132600,336375.0,336280.73531389236
20180905132700,336250.00000000006,336280.73531389236
20180905132800,336125.0,336212.82309293747
20180905132900,336250.00000000006,336087.31096982956
20180905133000,336125.0,336097.5791811943
20180905133100,336375.0,336087.31096982956
20180905133200,336250.00000000006,336165.46934843063
20180905133300,336375.0,336212.82309293747
20180905133400,336125.0,336223.10012578964
20180905133500,336375.0,336144.9241042137
20180905133600,336000.0,336165.46934843063
20180905133700,336375.0,336077.0383477211
20180905133800,336375.0,336107.8385710716
20180905133900,336750.0,336280.73531389236
20180905134000,336750.0,336484.5249056816
20180905134100,336625.00000000006,336657.5319170952
20180905134200,336625.00000000006,336589.562356472
20180905134300,336250.00000000006,336531.900703907
20180905134400,336125.0,336328.0846476555
20180905134500,336125.0,336087.31096982956
20180905134600,336250.00000000006,336029.70004081726
20180905134700,336000.0,336097.5791811943
20180905134800,336375.0,336019.4340348244
20180905134900,336375.0,336107.8385710716
20180905135000,336250.00000000006,336280.73531389236
20180905135100,336250.00000000006,336212.82309293747
20180905135200,336125.0,336155.20334243774
20180905135300,336250.00000000006,336087.31096982956
20180905135400,336250.00000000006,336097.5791811943
20180905135500,336125.0,336155.20334243774
20180905135600,336375.0,336087.31096982956
20180905135700,336250.00000000006,336165.46934843063
20180905135800,336125.0,336212.82309293747
20180905135900,336125.0,336087.31096982956
20180905140000,336375.0,336029.70004081726
20180905140100,336250.00000000006,336165.46934843063
20180905140200,336375.0,336212.82309293747
20180905140300,336250.00000000006,336223.10012578964
20180905140400,336250.00000000006,336212.82309293747
20180905140500,336250.00000000006,336155.20334243774
20180905140600,336125.0,336155.20334243774
20180905140700,336125.0,336087.31096982956
20180905140800,336125.0,336029.70004081726
20180905140900,336125.0,336029.70004081726
20180905141000,335750.0,336029.70004081726
20180905141100,335625.0,335826.12657546997
20180905141200,335750.0,335585.59107780457
20180905141300,335625.0,335595.82620859146
20180905141400,335750.0,335585.59107780457
20180905141500,335625.0,335595.82620859146
20180905141600,335625.0,335585.59107780457
20180905141700,335874.99999999994,335528.0286669731
20180905141800,335874.99999999994,335663.6303663254
20180905141900,335625.0,335778.7948846817
20180905142000,335750.0,335643.153488636
20180905142100,335625.0,335595.82620859146
20180905142200,335625.0,335585.59107780457
20180905142300,335625.0,335528.0286669731
20180905142400,335750.0,335528.0286669731
20180905142500,335750.0,335595.82620859146
20180905142600,335874.99999999994,335653.3952355385
20180905142700,335625.0,335721.2148308754
20180905142800,335750.0,335643.153488636
20180905142900,335625.0,335595.82620859146
20180905143000,335625.0,335585.59107780457
20180905143100,335750.0,335528.0286669731
20180905143200,335874.99999999994,335595.82620859146
20180905143300,335750.0,335721.2148308754
20180905143400,336000.0,335710.9686732292
20180905143500,336250.00000000006,335789.0410423279
20180905143600,336125.0,336039.9594306946
20180905143700,336000.0,336087.31096982956
20180905143800,335750.0,335961.83413267136
20180905143900,335750.0,335768.54652166367
20180905144000,335625.0,335653.3952355385
20180905144100,335625.0,335585.59107780457
20180905144200,335750.0,335528.0286669731
20180905144300,335750.0,335595.82620859146
20180905144400,335750.0,335653.3952355385
20180905144500,335625.0,335653.3952355385
20180905144600,335499.99999999994,335585.59107780457
20180905144700,335125.0,335460.24656295776
20180905144800,335250.0,335199.4414925575
20180905144900,335375.0,335094.62237358093
20180905145000,335375.0,335219.8720574379
20180905145100,335125.0,335277.4013876915
20180905145200,335250.0,335141.93201065063
20180905145300,335375.0,335094.62237358093
20180905145400,335250.0,335219.8720574379
20180905145500,335125.0,335209.6611857414
20180905145600,335125.0,335084.42252874374
20180905145700,335250.0,335026.91745758057
20180905145800,335250.0,335094.62237358093
20180905145900,335125.0,335152.1428823471
20180905150000,335375.0,335084.42252874374
20180905150100,335125.0,335162.347137928
20180905150200,335375.0,335141.93201065063
20180905150300,335250.0,335162.347137928
20180905150400,335125.0,335209.6611857414
20180905150500,334875.0,335084.42252874374
20180905150600,334750.0,334891.53188467026
20180905150700,334500.0,334708.9248895645
20180905150800,334250.0,334516.2150859833
20180905150900,334375.0,334266.19428396225
20180905151000,334250.0,334218.9375758171
20180905151100,334375.0,334208.7884545326
20180905151200,333875.0,334218.9375758171
20180905151300,333625.0,334006.1831474304
20180905151400,333500.0,333641.8204307556
20180905151500,333750.0,333459.7581624985
20180905151600,333875.0,333537.27036714554
20180905151700,333750.0,333719.38556432724
20180905151800,333625.0,333709.27172899246
20180905151900,333875.0,333584.4962000847
20180905153000,334000.0,333662.0414853096
20180905153500,334000.0,333844.20961141586
20180906090000,333875.0,333901.57574415207
20180906090100,333500.0,333834.0913653374
20180906090200,333500.0,333574.3823647499
20180906090300,332875.0,333402.4515748024
20180906090400,333000.0,333065.6317472458
20180906090500,333000.0,332846.74859046936
20180906090700,333875.0,332903.984606266
20180906090800,333500.0,333375.3872513771
20180906090900,333500.0,333574.3823647499
20180906091000,335000.0,333402.4515748024
20180906091100,336000.0,334212.1494412422
20180906091200,335499.99999999994,335443.54969263077
20180906091300,334750.0,335632.905125618
20180906091400,334500.0,334996.29586935043
20180906091500,334500.0,334516.2150859833
20180906091600,334750.0,334401.34608745575
20180906091700,335000.0,334536.5508198738
20180906091800,334750.0,334786.75907850266
20180906091900,334000.0,334766.3902640343
20180906092100,334000.0,334245.87178230286
20180906092200,334250.0,333901.57574415207
20180906092300,334500.0,334036.59522533417
20180906092400,334500.0,334286.4947319031
20180906092500,334250.0,334401.34608745575
20180906092600,334250.0,334266.19428396225
20180906092700,334500.0,334151.38483047485
20180906092800,334375.0,334286.4947319031
20180906092900,334500.0,334333.76467227936
20180906093000,334000.0,334343.9204096794
20180906093100,334625.0,334131.0909986496
20180906093200,334750.0,334239.20714855194
20180906093300,334875.0,334594.0051674843
20180906093400,334875.0,334719.10268068314
20180906093500,335000.0,334776.5790820122
20180906093600,335000.0,334844.2443013191
20180906093700,335250.0,334901.7295241356
20180906093800,335250.0,335037.11730241776
20180906093900,335625.0,335152.1428823471
20180906094000,336000.0,335355.3701043129
20180906094100,336250.00000000006,335731.4499616623
20180906094200,336500.0,336039.9594306946
20180906094300,336500.0,336291.0145521164
20180906094400,336375.0,336406.30036592484
20180906094500,336500.0,336338.3705019951
20180906094600,336500.0,336348.65415096283
20180906094700,336250.00000000006,336406.30036592484
20180906094800,336250.00000000006,336270.4516649246
20180906094900,336125.0,336155.20334243774
20180906095000,335499.99999999994,336087.31096982956
20180906095100,335874.99999999994,335690.46753644943
20180906095200,336000.0,335606.0547232628
20180906095300,335750.0,335846.6343283653
20180906095400,336000.0,335768.54652166367
20180906095500,336000.0,335789.0410423279
20180906095600,335874.99999999994,335904.2320251465
20180906095700,335750.0,335836.38375997543
20180906095800,335750.0,335710.9686732292
20180906095900,336000.0,335653.3952355385
20180906100000,335750.0,335789.0410423279
20180906100100,335250.0,335768.54652166367
20180906100200,335000.0,335382.2359442711
20180906100300,335250.0,335016.71320199966
20180906100400,335499.99999999994,335037.11730241776
20180906100500,335250.0,335287.6144647598
20180906100600,335250.0,335267.1816945076
20180906100700,335499.99999999994,335152.1428823471
20180906100800,335250.0,335287.6144647598
20180906100900,335125.0,335267.1816945076
20180906101000,335499.99999999994,335084.42252874374
20180906101100,335000.0,335230.07851839066
20180906101200,335250.0,335131.7145228386
20180906101300,335499.99999999994,335037.11730241776
20180906101400,335000.0,335287.6144647598
20180906101500,335250.0,335131.7145228386
20180906101600,335250.0,335037.11730241776
20180906101700,335499.99999999994,335152.1428823471
20180906101800,335499.99999999994,335287.6144647598
20180906101900,335250.0,335402.70179510117
20180906102000,335250.0,335267.1816945076
20180906102100,335125.0,335152.1428823471
20180906102200,335375.0,335084.42252874374
20180906102300,335250.0,335162.347137928
20180906102400,335125.0,335209.6611857414
20180906102500,334875.0,335084.42252874374
20180906102600,334750.0,334891.53188467026
20180906102700,334500.0,334708.9248895645
20180906102800,335125.0,334516.2150859833
20180906102900,335250.0,334739.44503068924
20180906103000,335750.0,335094.62237358093
20180906103100,335874.99999999994,335423.13235998154
20180906103200,335750.0,335721.2148308754
20180906103300,335375.0,335710.9686732292
20180906103400,335499.99999999994,335450.01143217087
20180906103500,335125.0,335345.1548218727
20180906103700,334875.0,335199.4414925575
20180906103800,334750.0,334891.53188467026
20180906103900,334750.0,334708.9248895645
20180906104000,334750.0,334651.46392583847
20180906104100,334875.0,334651.46392583847
20180906104200,334750.0,334719.10268068314
20180906104300,335000.0,334708.9248895645
20180906104400,334750.0,334786.75907850266
20180906104500,334750.0,334766.3902640343
20180906104600,335000.0,334651.46392583847
20180906104700,334750.0,334786.75907850266
20180906104800,335000.0,334766.3902640343
20180906104900,335000.0,334786.75907850266
20180906105000,334875.0,334901.7295241356
20180906105100,334750.0,334834.05327796936
20180906105200,335000.0,334708.9248895645
20180906105300,335000.0,334786.75907850266
20180906105400,334625.0,334901.7295241356
20180906105500,335000.0,334698.7426877022
20180906105600,334750.0,334729.2782664299
20180906105700,334875.0,334766.3902640343
20180906105800,334875.0,334719.10268068314
20180906105900,335000.0,334776.5790820122
20180906110000,334750.0,334844.2443013191
20180906110100,335499.99999999994,334766.3902640343
20180906110200,336125.0,335057.4927330017
20180906110300,336250.00000000006,335741.6850924492
20180906110400,336500.0,336097.5791811943
20180906110500,336000.0,336291.0145521164
20180906110600,335499.99999999994,336134.64707136154
20180906110700,335750.0,335632.905125618
20180906110800,336000.0,335538.2593870163
20180906110900,335499.99999999994,335789.0410423279
20180906111000,335750.0,335632.905125618
20180906111100,336000.0,335538.2593870163
20180906111200,335750.0,335789.0410423279
20180906111300,335625.0,335768.54652166367
20180906111400,335874.99999999994,335585.59107780457
20180906111500,335750.0,335663.6303663254
20180906111600,335750.0,335710.9686732292
20180906111700,336000.0,335653.3952355385
20180906111800,336000.0,335789.0410423279
20180906111900,335750.0,335904.2320251465
20180906112000,336000.0,335768.54652166367
20180906112100,335874.99999999994,335789.0410423279
20180906112200,335874.99999999994,335836.38375997543
20180906112300,335750.0,335778.7948846817
20180906112400,335874.99999999994,335710.9686732292
20180906112500,335874.99999999994,335721.2148308754
20180906112600,335750.0,335778.7948846817
20180906112700,335750.0,335710.9686732292
20180906112800,335750.0,335653.3952355385
20180906112900,335625.0,335653.3952355385
20180906113000,335375.0,335585.59107780457
20180906113100,335000.0,335392.471075058
20180906113200,335125.0,335074.2116570473
20180906113300,335250.0,334969.4167971611
20180906113400,335499.99999999994,335094.62237358093
20180906113500,335375.0,335287.6144647598
20180906113600,335499.99999999994,335334.9351286888
20180906113700,335125.0,335345.1548218727
20180906113800,335250.0,335199.4414925575
20180906113900,335499.99999999994,335094.62237358093
20180906114000,335250.0,335287.6144647598
20180906114100,335250.0,335267.1816945076
20180906114200,335499.99999999994,335152.1428823471
20180906114300,335375.0,335287.6144647598
20180906114400,335499.99999999994,335334.9351286888
20180906114500,336000.0,335345.1548218727
20180906114600,335499.99999999994,335673.8654971123
20180906114700,335750.0,335632.905125618
20180906114800,336000.0,335538.2593870163
20180906114900,335499.99999999994,335789.0410423279
20180906115000,335750.0,335632.905125618
20180906115100,335874.99999999994,335538.2593870163
20180906115200,336000.0,335721.2148308754
20180906115300,336000.0,335846.6343283653
20180906115400,335499.99999999994,335904.2320251465
20180906115500,335750.0,335632.905125618
20180906115600,336000.0,335538.2593870163
20180906115700,335874.99999999994,335789.0410423279
20180906115800,335874.99999999994,335836.38375997543
20180906115900,335625.0,335778.7948846817
20180906120000,335499.99999999994,335643.153488636
20180906120100,335750.0,335460.24656295776
20180906120200,336000.0,335538.2593870163
20180906120300,335874.99999999994,335789.0410423279
20180906120400,335874.99999999994,335836.38375997543
20180906120500,335874.99999999994,335778.7948846817
20180906120600,335750.0,335778.7948846817
20180906120700,335750.0,335710.9686732292
20180906120800,335750.0,335653.3952355385
20180906120900,336000.0,335653.3952355385
20180906121000,335750.0,335789.0410423279
20180906121100,336250.00000000006,335768.54652166367
20180906121200,336375.0,335924.7265458107
20180906121300,336125.0,336223.10012578964
20180906121400,336125.0,336144.9241042137
20180906121500,336000.0,336029.70004081726
20180906121600,336250.00000000006,335961.83413267136
20180906121700,336500.0,336039.9594306946
20180906121800,336000.0,336291.0145521164
20180906121900,336000.0,336134.64707136154
20180906122000,336375.0,335904.2320251465
20180906122200,336250.00000000006,336107.8385710716
20180906122300,336375.0,336212.82309293747
20180906122400,336500.0,336223.10012578964
20180906122500,336250.00000000006,336348.65415096283
20180906122600,336250.00000000006,336270.4516649246
20180906122700,336375.0,336155.20334243774
20180906122800,336500.0,336223.10012578964
20180906122900,336250.00000000006,336348.65415096283
20180906123000,336125.0,336270.4516649246
20180906123100,336250.00000000006,336087.31096982956
20180906123200,336250.00000000006,336097.5791811943
20180906123300,336250.00000000006,336155.20334243774
20180906123400,336125.0,336155.20334243774
20180906123500,335874.99999999994,336087.31096982956
20180906123600,335750.0,335893.974840641
20180906123700,335750.0,335710.9686732292
20180906123800,335750.0,335653.3952355385
20180906123900,336000.0,335653.3952355385
20180906124000,335750.0,335789.0410423279
20180906124100,335625.0,335768.54652166367
20180906124200,335874.99999999994,335585.59107780457
20180906124300,335625.0,335663.6303663254
20180906124400,335750.0,335643.153488636
20180906124500,335625.0,335595.82620859146
20180906124600,335750.0,335585.59107780457
20180906124700,335750.0,335595.82620859146
20180906124800,335750.0,335653.3952355385
20180906124900,335750.0,335653.3952355385
20180906125100,335750.0,335653.3952355385
20180906125200,335874.99999999994,335653.3952355385
20180906125300,335625.0,335721.2148308754
20180906125400,335750.0,335643.153488636
20180906125500,335750.0,335595.82620859146
20180906125600,335750.0,335653.3952355385
20180906125700,335750.0,335653.3952355385
20180906125800,335499.99999999994,335653.3952355385
20180906125900,335750.0,335517.7957415581
20180906130000,335750.0,335538.2593870163
20180906130100,335874.99999999994,335653.3952355385
20180906130200,335750.0,335721.2148308754
20180906130300,335750.0,335710.9686732292
20180906130400,335750.0,335653.3952355385
20180906130500,335375.0,335653.3952355385
20180906130600,335375.0,335450.01143217087
20180906130700,335250.0,335277.4013876915
20180906130800,335250.0,335209.6611857414
20180906130900,335250.0,335152.1428823471
20180906131000,335375.0,335152.1428823471
20180906131100,335499.99999999994,335219.8720574379
20180906131200,335250.0,335345.1548218727
20180906131300,335250.0,335267.1816945076
20180906131400,335250.0,335152.1428823471
20180906131500,335250.0,335152.1428823471
20180906131600,335375.0,335152.1428823471
20180906131700,335375.0,335219.8720574379
20180906131800,335375.0,335277.4013876915
20180906131900,335375.0,335277.4013876915
20180906132000,335499.99999999994,335277.4013876915
20180906132100,335375.0,335345.1548218727
20180906132200,335250.0,335334.9351286888
20180906132300,335499.99999999994,335209.6611857414
20180906132400,335000.0,335287.6144647598
20180906132500,334500.0,335131.7145228386
20180906132600,334750.0,334631.0995221138
20180906132700,334750.0,334536.5508198738
20180906132800,334625.0,334651.46392583847
20180906132900,334625.0,334583.83399248123
20180906133000,334750.0,334526.3862609863
20180906133100,334500.0,334594.0051674843
20180906133200,334625.0,334516.2150859833
20180906133300,334750.0,334468.94294023514
20180906133400,334750.0,334594.0051674843
20180906133500,334750.0,334651.46392583847
20180906133600,334250.0,334651.46392583847
20180906133700,334250.0,334381.01917505264
20180906133800,334125.0,334151.38483047485
20180906133900,334125.0,334083.84972810745
20180906134000,334000.0,334026.4615416527
20180906134100,334250.0,333958.946287632
20180906134200,334125.0,334036.59522533417
20180906134300,334000.0,334083.84972810745
20180906134400,334125.0,333958.946287632
20180906134500,334375.0,333969.0799713135
20180906134600,334375.0,334161.52292490005
20180906134700,334250.0,334276.34781599045
20180906134800,334250.0,334208.7884545326
20180906134900,334250.0,334151.38483047485
20180906135000,334250.0,334151.38483047485
20180906135100,334250.0,334151.38483047485
20180906135200,334125.0,334151.38483047485
20180906135300,333875.0,334083.84972810745
20180906135400,333500.0,333891.45308732986
20180906135500,333625.0,333574.3823647499
20180906135600,333875.0,333469.8543548584
20180906135700,333500.0,333662.0414853096
20180906135800,333750.0,333574.3823647499
20180906135900,333625.0,333537.27036714554
20180906140000,333875.0,333584.4962000847
20180906140100,333750.0,333662.0414853096
20180906140200,333875.0,333709.27172899246
20180906140300,333750.0,333719.38556432724
20180906140400,333875.0,333709.27172899246
20180906140500,333875.0,333719.38556432724
20180906140600,333875.0,333776.7384648323
20180906140700,333625.0,333776.7384648323
20180906140800,333875.0,333641.8204307556
20180906140900,333875.0,333662.0414853096
20180906141000,333750.0,333776.7384648323
20180906141100,333625.0,333709.27172899246
20180906141200,333750.0,333584.4962000847
20180906141300,333750.0,333594.60121393204
20180906141400,333750.0,333651.9342660904
20180906141500,333625.0,333651.9342660904
20180906141600,333625.0,333584.4962000847
20180906141700,333375.0,333527.17196941376
20180906141800,333125.0,333392.3553824425
20180906141900,333125.0,333143.0557370186
20180906142000,333250.0,333028.5351872444
20180906142100,333500.0,333095.86519002914
20180906142200,333250.0,333287.8516316414
20180906142300,333125.0,333267.6857113838
20180906142400,333375.0,333085.7910513878
20180906142500,333250.0,333163.2040143013
20180906142600,333375.0,333210.4077935219
20180906142700,333375.0,333220.48634290695
20180906142800,333375.0,333277.7686715126
20180906142900,333375.0,333277.7686715126
20180906143000,333250.0,333277.7686715126
20180906143100,333375.0,333210.4077935219
20180906143200,333375.0,333220.48634290695
20180906143300,333375.0,333277.7686715126
20180906143400,333375.0,333277.7686715126
20180906143500,333375.0,333277.7686715126
20180906143600,333250.0,333277.7686715126
20180906143700,333250.0,333210.4077935219
20180906143800,333250.0,333153.13428640366
20180906143900,333625.0,333153.13428640366
20180906144000,333750.0,333355.2345633507
20180906144100,333875.0,333594.60121393204
20180906144200,334000.0,333719.38556432724
20180906144300,333750.0,333844.20961141586
20180906144400,333875.0,333766.6158080101
20180906144500,333875.0,333719.38556432724
20180906144600,333875.0,333776.7384648323
20180906144700,333875.0,333776.7384648323
20180906144800,333875.0,333776.7384648323
20180906144900,334000.0,333776.7384648323
20180906145000,333750.0,333844.20961141586
20180906145100,334000.0,333766.6158080101
20180906145200,333875.0,333786.8523001671
20180906145300,333875.0,333834.0913653374
20180906145400,333875.0,333776.7384648323
20180906145500,333875.0,333776.7384648323
20180906145600,333750.0,333776.7384648323
20180906145700,333875.0,333709.27172899246
20180906145800,333750.0,333719.38556432724
20180906145900,333625.0,333709.27172899246
20180906150000,333875.0,333584.4962000847
20180906150100,333875.0,333662.0414853096
20180906150200,333625.0,333776.7384648323
20180906150300,333875.0,333641.8204307556
20180906150400,333625.0,333662.0414853096
20180906150500,333375.0,333641.8204307556
20180906150600,333000.0,333392.3553824425
20180906150700,333125.0,333075.7147073746
20180906150800,333125.0,332971.2859392166
20180906150900,333125.0,333028.5351872444
20180906151000,332875.0,333028.5351872444
20180906151100,332625.0,332893.9236998558
20180906151200,332750.0,332644.95927095413
20180906151300,332625.0,332597.8084206581
20180906151400,332625.0,332587.7717733383
20180906151500,332625.0,332530.5886864662
20180906151600,332625.0,332530.5886864662
20180906151700,332750.0,332530.5886864662
20180906151800,332875.0,332597.8084206581
20180906151900,332750.0,332722.25534915924
20180906153000,332500.0,332712.209880352
20180907090000,336750.0,332520.5476284027
20180907090100,336250.00000000006,334698.4670162201
20180907090300,336000.0,336385.7154250145
20180907090400,335874.99999999994,336019.4340348244
20180907090500,335375.0,335836.38375997543
20180907090600,334250.0,335507.5539946556
20180907090700,335000.0,334668.1541800499
20180907090800,333500.0,334556.8622946739
20180907090900,333000.0,334090.43937921524
20180907091000,332750.0,333132.9727768898
20180907091100,332500.0,332769.42163705826
20180907091200,332875.0,332520.5476284027
20180907091300,333000.0,332607.84286260605
20180907091400,333750.0,332846.74859046936
20180907091600,333125.0,333308.00211429596
20180907091700,333000.0,333314.8696422577
20180907091800,332750.0,332961.22282743454
20180907091900,333375.0,332769.42163705826
20180907092000,333000.0,332991.4011359215
20180907092100,332625.0,333075.7147073746
20180907092200,332500.0,332702.1600008011
20180907092300,332375.0,332463.37336301804
20180907092400,332500.0,332339.02126550674
20180907092500,332000.00000000006,332349.04247522354
20180907092600,332250.0,332137.56054639816
20180907092700,332500.0,332043.33823919296
20180907092800,332375.0,332291.8880581856
20180907092900,332375.0,332339.02126550674
20180907093000,332000.00000000006,332281.87346458435
20180907093100,332500.0,332080.4458260536
20180907093200,332625.0,332177.5880455971
20180907093300,332750.0,332473.40339422226
20180907093400,332750.0,332597.8084206581
20180907093500,332750.0,332655.0069451332
20180907093600,332625.0,332655.0069451332
20180907093700,332875.0,332587.7717733383
20180907093800,332750.0,332665.04579782486
20180907093900,332500.0,332712.209880352
20180907094000,332625.0,332520.5476284027
20180907094100,333000.0,332473.40339422226
20180907094200,332750.0,332732.30081796646
20180907094300,333625.0,332769.42163705826
20180907094400,333000.0,333126.0523200035
20180907094500,333500.0,333190.23084640503
20180907094600,333750.0,333173.27374219894
20180907094700,333000.0,333537.27036714554
20180907094800,332000.00000000006,333247.4977374077
20180907094900,332250.0,332366.06353521347
20180907095000,332000.00000000006,332043.33823919296
20180907095100,332250.0,332023.3355164528
20180907095200,332250.0,332043.33823919296
20180907095300,331750.0,332157.5853228569
20180907095400,331875.0,331889.14746046066
20180907095500,332000.00000000006,331727.91934013367
20180907095600,332250.0,331852.05310583115
20180907095700,332250.0,332043.33823919296
20180907095800,332000.00000000006,332157.5853228569
20180907095900,332250.0,332023.3355164528
20180907100000,332250.0,332043.33823919296
20180907100100,332625.0,332157.5853228569
20180907100200,332875.0,332359.0614795685
20180907100300,332500.0,332665.04579782486
20180907100400,332875.0,332577.7263045311
20180907100600,333250.0,332607.84286260605
20180907100700,333125.0,332981.344640255
20180907100800,333250.0,333085.7910513878
20180907100900,333250.0,333095.86519002914
20180907101000,333125.0,333153.13428640366
20180907101100,333125.0,333085.7910513878
20180907101200,333125.0,333028.5351872444
20180907101300,333125.0,333028.5351872444
20180907101400,333000.0,333028.5351872444
20180907101500,333125.0,332961.22282743454
20180907101600,333250.0,332971.2859392166
20180907101700,333625.0,333095.86519002914
20180907101800,333750.0,333355.2345633507
20180907101900,333750.0,333594.60121393204
20180907102000,334125.0,333651.9342660904
20180907102100,334250.0,333854.3300628662
20180907102200,334250.0,334093.9900279045
20180907102300,334250.0,334151.38483047485
20180907102400,334125.0,334151.38483047485
20180907102500,334125.0,334083.84972810745
20180907102600,334125.0,334026.4615416527
20180907102700,334750.0,334026.4615416527
20180907102800,334750.0,334364.2120361328
20180907102900,334500.0,334651.46392583847
20180907103000,334750.0,334516.2150859833
20180907103100,334625.0,334536.5508198738
20180907103200,334750.0,334583.83399248123
20180907103300,334750.0,334594.0051674843
20180907103400,334750.0,334651.46392583847
20180907103500,334875.0,334651.46392583847
20180907103600,334750.0,334719.10268068314
20180907103700,334625.0,334708.9248895645
20180907103800,334750.0,334583.83399248123
20180907103900,334750.0,334594.0051674843
20180907104000,335125.0,334651.46392583847
20180907104100,334500.0,334854.4242978096
20180907104200,334750.0,334688.54945898056
20180907104300,334625.0,334536.5508198738
20180907104400,334625.0,334583.83399248123
20180907104500,334875.0,334526.3862609863
20180907104600,335125.0,334661.6373062134
20180907104700,335250.0,334911.9183421135
20180907104800,335125.0,335094.62237358093
20180907104900,335250.0,335084.42252874374
20180907105000,335125.0,335094.62237358093
20180907105100,334875.0,335084.42252874374
20180907105300,334875.0,334891.53188467026
20180907105400,334750.0,334776.5790820122
20180907105500,334500.0,334708.9248895645
20180907105600,334750.0,334516.2150859833
20180907105700,334750.0,334536.5508198738
20180907105800,334625.0,334651.46392583847
20180907105900,334750.0,334583.83399248123
20180907110000,334750.0,334594.0051674843
20180907110100,334500.0,334651.46392583847
20180907110200,334625.0,334516.2150859833
20180907110300,334625.0,334468.94294023514
20180907110400,334375.0,334526.3862609863
20180907110500,334250.0,334391.185939312
20180907110600,333875.0,334208.7884545326
20180907110700,333375.0,333948.8170146942
20180907110800,333250.0,333506.9597363472
20180907110900,332875.0,333210.4077935219
20180907111000,332875.0,332951.1530995369
20180907111100,332500.0,332779.47372198105
20180907111200,333500.0,332577.7263045311
20180907111300,334125.0,332944.1819190979
20180907111400,333750.0,333739.5977973938
20180907111500,333125.0,333823.96429777145
20180907111600,333250.0,333314.8696422577
20180907111700,333125.0,333095.86519002914
20180907111800,333125.0,333085.7910513878
20180907111900,333250.0,333028.5351872444
20180907112000,333000.0,333095.86519002914
20180907112100,333250.0,333018.4654593468
20180907112200,333250.0,333038.60050439835
20180907112300,333250.0,333153.13428640366
20180907112400,333125.0,333153.13428640366
20180907112500,333250.0,333085.7910513878
20180907112600,333125.0,333095.86519002914
20180907112700,333250.0,333085.7910513878
20180907112800,333125.0,333095.86519002914
20180907112900,333250.0,333085.7910513878
20180907113000,333125.0,333095.86519002914
20180907113100,333500.0,333085.7910513878
20180907113200,333000.0,333230.5604815483
20180907113300,333250.0,333132.9727768898
20180907113400,333250.0,333038.60050439835
20180907113500,333125.0,333153.13428640366
20180907113600,333250.0,333085.7910513878
20180907113700,333500.0,333095.86519002914
20180907113800,333250.0,333287.8516316414
20180907113900,333125.0,333267.6857113838
20180907114000,333125.0,333085.7910513878
20180907114100,333375.0,333028.5351872444
20180907114200,333250.0,333163.2040143013
20180907114300,333250.0,333210.4077935219
20180907114400,333250.0,333153.13428640366
20180907114500,333125.0,333153.13428640366
20180907114600,333125.0,333085.7910513878
20180907114700,333250.0,333028.5351872444
20180907114800,333125.0,333095.86519002914
20180907114900,333250.0,333085.7910513878
20180907115000,333250.0,333095.86519002914
20180907115100,333000.0,333153.13428640366
20180907115200,333125.0,333018.4654593468
20180907115300,333250.0,332971.2859392166
20180907115400,333250.0,333095.86519002914
20180907115500,333250.0,333153.13428640366
20180907115600,333250.0,333153.13428640366
20180907115700,333125.0,333153.13428640366
20180907115800,333125.0,333085.7910513878
20180907115900,333125.0,333028.5351872444
20180907120000,333500.0,333028.5351872444
20180907120100,333250.0,333230.5604815483
20180907120200,333125.0,333267.6857113838
20180907120300,333000.0,333085.7910513878
20180907120400,333250.0,332961.22282743454
20180907120500,333250.0,333038.60050439835
20180907120600,333000.0,333153.13428640366
20180907120700,333250.0,333018.4654593468
20180907120800,333250.0,333038.60050439835
20180907120900,333125.0,333153.13428640366
20180907121000,333125.0,333085.7910513878
20180907121100,333250.0,333028.5351872444
20180907121200,333000.0,333095.86519002914
20180907121300,333125.0,333018.4654593468
20180907121400,333125.0,332971.2859392166
20180907121500,333250.0,333028.5351872444
20180907121600,333250.0,333095.86519002914
20180907121700,333125.0,333153.13428640366
20180907121800,333250.0,333085.7910513878
20180907121900,333125.0,333095.86519002914
20180907122000,333125.0,333085.7910513878
20180907122100,333125.0,333028.5351872444
20180907122200,333125.0,333028.5351872444
20180907122300,333125.0,333028.5351872444
20180907122400,333000.0,333028.5351872444
20180907122500,333250.0,332961.22282743454
20180907122600,333375.0,333038.60050439835
20180907122700,333125.0,333220.48634290695
20180907122800,333125.0,333143.0557370186
20180907122900,333250.0,333028.5351872444
20180907123000,333250.0,333095.86519002914
20180907123100,333250.0,333153.13428640366
20180907123200,333250.0,333153.13428640366
20180907123300,333250.0,333153.13428640366
20180907123400,333125.0,333153.13428640366
20180907123500,333250.0,333085.7910513878
20180907123600,333125.0,333095.86519002914
20180907123700,333250.0,333085.7910513878
20180907123800,333250.0,333095.86519002914
20180907123900,333375.0,333153.13428640366
20180907124000,333125.0,333220.48634290695
20180907124100,333250.0,333143.0557370186
20180907124200,333125.0,333095.86519002914
20180907124300,333125.0,333085.7910513878
20180907124400,333125.0,333028.5351872444
20180907124500,333375.0,333028.5351872444
20180907124600,333250.0,333163.2040143013
20180907124700,333250.0,333210.4077935219
20180907124800,333125.0,333153.13428640366
20180907124900,333125.0,333085.7910513878
20180907125000,332750.0,333028.5351872444
20180907125100,332750.0,332826.6333937645
20180907125200,332750.0,332655.0069451332
20180907125300,332625.0,332655.0069451332
20180907125400,332625.0,332587.7717733383
20180907125500,332750.0,332530.5886864662
20180907125600,332750.0,332597.8084206581
20180907125700,332625.0,332655.0069451332
20180907125800,332750.0,332587.7717733383
20180907125900,332750.0,332597.8084206581
20180907130000,332750.0,332655.0069451332
20180907130100,332875.0,332655.0069451332
20180907130200,332625.0,332722.25534915924
20180907130300,332750.0,332644.95927095413
20180907130400,332750.0,332597.8084206581
20180907130500,332750.0,332655.0069451332
20180907130600,332625.0,332655.0069451332
20180907130700,332750.0,332587.7717733383
20180907130800,332750.0,332597.8084206581
20180907130900,332750.0,332655.0069451332
20180907131000,332875.0,332655.0069451332
20180907131100,332250.0,332722.25534915924
20180907131200,332125.0,332443.3022737503
20180907131300,332250.0,332090.4538035393
20180907131400,332250.0,332100.4573702812
20180907131500,332125.0,332157.5853228569
20180907131600,332250.0,332090.4538035393
20180907131700,332125.0,332100.4573702812
20180907131800,332125.0,332090.4538035393
20180907131900,332125.0,332033.33908319473
20180907132000,332125.0,332033.33908319473
20180907132100,332125.0,332033.33908319473
20180907132200,332250.0,332033.33908319473
20180907132300,332250.0,332100.4573702812
20180907132400,332125.0,332157.5853228569
20180907132500,332125.0,332090.4538035393
20180907132600,332125.0,332033.33908319473
20180907132700,332125.0,332033.33908319473
20180907132800,332125.0,332033.33908319473
20180907132900,332125.0,332033.33908319473
20180907133000,332375.0,332033.33908319473
20180907133100,332250.0,332167.58888959885
20180907133200,332250.0,332214.71548080444
20180907133300,332125.0,332157.5853228569
20180907133400,332125.0,332090.4538035393
20180907133500,331750.0,332033.33908319473
20180907133600,331750.0,331832.07243680954
20180907133700,331750.0,331660.88485717773
20180907133800,331625.00000000006,331660.88485717773
20180907133900,331625.00000000006,331593.8614010811
20180907134000,331500.0,331536.8260741234
20180907134100,331625.00000000006,331469.8356986046
20180907134200,331375.0,331479.7951579094
20180907134300,331375.0,331402.85634994507
20180907134400,331375.0,331288.8496518135
20180907134500,331125.0,331288.8496518135
20180907134600,331125.0,331154.99460697174
20180907134700,331249.99999999994,331041.0695075989
20180907134800,330750.0,331107.962846756
20180907134900,330250.0,330897.40055799484
20180907135000,330125.0,330402.695953846
20180907135100,330125.0,330108.724296093
20180907135200,330250.0,330051.9315600395
20180907135300,330375.0,330118.58892440796
20180907135400,330250.0,330242.083132267
20180907135500,330375.0,330232.20747709274
20180907135600,330375.0,330242.083132267
20180907135700,330625.0,330298.9089488983
20180907135800,330750.0,330432.36261606216
20180907135900,330625.0,330612.8723025322
20180907140000,330750.0,330602.9745936394
20180907140100,331375.0,330612.8723025322
20180907140200,331249.99999999994,331003.9575099945
20180907140300,331249.99999999994,331221.916615963
20180907140400,331125.0,331164.9364233017
20180907140500,331375.0,331098.0276465416
20180907140600,331625.00000000006,331174.87382888794
20180907140700,331750.0,331422.7686524391
20180907140800,331625.00000000006,331603.83409261703
20180907140900,331625.00000000006,331593.8614010811
20180907141000,331625.00000000006,331536.8260741234
20180907141100,331750.0,331536.8260741234
20180907141200,331750.0,331603.83409261703
20180907141300,331625.00000000006,331660.88485717773
20180907141400,331750.0,331593.8614010811
20180907141500,331750.0,331603.83409261703
20180907141600,331750.0,331660.88485717773
20180907141700,331750.0,331660.88485717773
20180907141800,331625.00000000006,331660.88485717773
20180907141900,331625.00000000006,331593.8614010811
20180907142000,331750.0,331536.8260741234
20180907142100,331625.00000000006,331603.83409261703
20180907142200,331750.0,331593.8614010811
20180907142300,331750.0,331603.83409261703
20180907142400,331625.00000000006,331660.88485717773
20180907142500,331625.00000000006,331593.8614010811
20180907142600,331750.0,331536.8260741234
20180907142700,331625.00000000006,331603.83409261703
20180907142800,331750.0,331593.8614010811
20180907142900,331750.0,331603.83409261703
20180907143000,331625.00000000006,331660.88485717773
20180907143100,331625.00000000006,331593.8614010811
20180907143200,331750.0,331536.8260741234
20180907143300,331750.0,331603.83409261703
20180907143400,331875.0,331660.88485717773
20180907143500,331750.0,331727.91934013367
20180907143600,331875.0,331717.942237854
20180907143700,331875.0,331727.91934013367
20180907143800,331875.0,331784.9899530411
20180907143900,331875.0,331784.9899530411
20180907144000,331750.0,331784.9899530411
20180907144100,331625.00000000006,331717.942237854
20180907144200,331625.00000000006,331593.8614010811
20180907144300,331750.0,331536.8260741234
20180907144400,331625.00000000006,331603.83409261703
20180907144500,331875.0,331593.8614010811
20180907144600,331750.0,331670.8553433418
20180907144700,331625.00000000006,331717.942237854
20180907144800,331750.0,331593.8614010811
20180907144900,331750.0,331603.83409261703
20180907145000,331625.00000000006,331660.88485717773
20180907145100,331625.00000000006,331593.8614010811
20180907145200,331750.0,331536.8260741234
20180907145300,331625.00000000006,331603.83409261703
20180907145400,331625.00000000006,331593.8614010811
20180907145500,331750.0,331536.8260741234
20180907145600,331625.00000000006,331603.83409261703
20180907145700,331500.0,331593.8614010811
20180907145800,331125.0,331469.8356986046
20180907145900,331125.0,331211.9659781456
20180907150000,331125.0,331041.0695075989
20180907150100,331249.99999999994,331041.0695075989
20180907150200,331249.99999999994,331107.962846756
20180907150300,331375.0,331164.9364233017
20180907150400,331125.0,331231.85843229294
20180907150500,331125.0,331154.99460697174
20180907150600,331125.0,331041.0695075989
20180907150700,331249.99999999994,331041.0695075989
20180907150800,331125.0,331107.962846756
20180907150900,331125.0,331098.0276465416
20180907151000,331249.99999999994,331041.0695075989
20180907151100,331375.0,331107.962846756
20180907151200,331375.0,331231.85843229294
20180907151300,331500.0,331288.8496518135
20180907151400,331750.0,331355.8047413826
20180907151500,331625.00000000006,331546.7899441719
20180907151600,331750.0,331593.8614010811
20180907151700,331875.0,331603.83409261703
20180907151800,331750.0,331727.91934013367
20180907151900,331875.0,331717.942237854
20180907153000,332500.0,331727.91934013367
20180907153500,332500.0,332120.45127153397
20180910090000,331249.99999999994,332406.2079191208
20180910090100,333125.0,331735.01843214035
20180910090200,333500.0,332170.3522205353
20180910090300,332750.0,333230.5604815483
20180910090400,332500.0,332998.31277132034
20180910090500,332375.0,332520.5476284027
20180910090600,332250.0,332339.02126550674
20180910090700,332375.0,332214.71548080444
20180910090800,332125.0,332224.72566366196
20180910090900,332250.0,332147.5751399994
20180910091000,332125.0,332100.4573702812
20180910091100,331875.0,332090.4538035393
20180910091200,332250.0,331899.1510272026
20180910091300,332500.0,331986.2235188484
20180910091400,332375.0,332291.8880581856
20180910091500,332250.0,332339.02126550674
20180910091600,331875.0,332214.71548080444
20180910091700,332750.0,331956.23487234116
20180910091800,333000.0,332254.7363638878
20180910091900,332875.0,332789.523601532
20180910092000,332500.0,332836.6943001747
20180910092100,332250.0,332577.7263045311
20180910092200,332250.0,332271.85225486755
20180910092300,332375.0,332157.5853228569
20180910092400,332500.0,332224.72566366196
20180910092500,332500.0,332349.04247522354
20180910092600,332375.0,332406.2079191208
20180910092700,332375.0,332339.02126550674
20180910092800,333000.0,332281.87346458435
20180910092900,333375.0,332617.8706884384
20180910093000,333250.0,333105.9349179268
20180910093100,333500.0,333210.4077935219
20180910093200,333250.0,333287.8516316414
20180910093300,333500.0,333267.6857113838
20180910093400,333500.0,333287.8516316414
20180910093500,333375.0,333402.4515748024
20180910093600,333500.0,333335.0598216057
20180910093700,333500.0,333345.14939785004
20180910093800,333875.0,333402.4515748024
20180910093900,333875.0,333604.7018170357
20180910094000,333500.0,333776.7384648323
20180910094100,333250.0,333574.3823647499
20180910094200,333375.0,333267.6857113838
20180910094300,333500.0,333220.48634290695
20180910094400,333375.0,333345.14939785004
20180910094500,333750.0,333335.0598216057
20180910094600,333750.0,333479.94834184647
20180910094700,333625.0,333651.9342660904
20180910094800,333250.0,333584.4962000847
20180910094900,333250.0,333324.9680399895
20180910095000,333250.0,333153.13428640366
20180910095100,333500.0,333153.13428640366
20180910095200,333375.0,333287.8516316414
20180910095300,333375.0,333335.0598216057
20180910095400,333625.0,333277.7686715126
20180910095500,333500.0,333412.5433564186
20180910095600,333625.0,333459.7581624985
20180910095700,333250.0,333469.8543548584
20180910095800,333625.0,333324.9680399895
20180910095900,333750.0,333355.2345633507
20180910100000,333750.0,333594.60121393204
20180910100100,334250.0,333651.9342660904
20180910100200,334500.0,333921.82326316833
20180910100300,333750.0,334286.4947319031
20180910100400,333750.0,333996.03843688965
20180910100500,334125.0,333651.9342660904
20180910100600,334250.0,333854.3300628662
20180910100700,334000.0,334093.9900279045
20180910100800,333875.0,334016.3278579712
20180910100900,334250.0,333834.0913653374
20180910101000,334125.0,333979.20483350754
20180910101100,334000.0,334083.84972810745
20180910101200,334500.0,333958.946287632
20180910101300,333750.0,334171.66101932526
20180910101400,334000.0,333996.03843688965
20180910101500,333500.0,333786.8523001671
20180910101600,333750.0,333631.704390049
20180910101700,333750.0,333537.27036714554
20180910101800,333750.0,333651.9342660904
20180910101900,334000.0,333651.9342660904
20180910102000,334000.0,333786.8523001671
20180910102100,333750.0,333901.57574415207
20180910102200,334000.0,333766.6158080101
20180910102300,333875.0,333786.8523001671
20180910102400,333750.0,333834.0913653374
20180910102500,333750.0,333709.27172899246
20180910102600,333500.0,333651.9342660904
20180910102700,333875.0,333517.06916093826
20180910102800,333750.0,333604.7018170357
20180910102900,333750.0,333709.27172899246
20180910103000,333750.0,333651.9342660904
20180910103100,333500.0,333651.9342660904
20180910103200,333875.0,333517.06916093826
20180910103300,333750.0,333604.7018170357
20180910103400,333875.0,333709.27172899246
20180910103500,333750.0,333719.38556432724
20180910103600,333875.0,333709.27172899246
20180910103700,334250.0,333719.38556432724
20180910103800,334125.0,333979.20483350754
20180910103900,334250.0,334083.84972810745
20180910104000,334375.0,334093.9900279045
20180910104100,334000.0,334218.9375758171
20180910104200,334000.0,334073.7050175667
20180910104300,333375.0,333901.57574415207
20180910104400,332875.0,333564.26852941513
20180910104500,333000.0,333008.3913207054
20180910104600,333250.0,332846.74859046936
20180910104700,333250.0,333038.60050439835
20180910104800,333250.0,333153.13428640366
20180910104900,333500.0,333153.13428640366
20180910105000,333250.0,333287.8516316414
20180910105100,333250.0,333267.6857113838
20180910105200,333375.0,333153.13428640366
20180910105300,333000.0,333220.48634290695
20180910105400,333375.0,333075.7147073746
20180910105500,333750.0,333105.9349179268
20180910105600,334375.0,333479.94834184647
20180910105700,334375.0,333989.32749032974
20180910105800,334375.0,334276.34781599045
20180910105900,334125.0,334276.34781599045
20180910110000,333875.0,334141.24232530594
20180910110100,334000.0,333891.45308732986
20180910110200,333625.0,333844.20961141586
20180910110300,333625.0,333699.153482914
20180910110400,333750.0,333527.17196941376
20180910110500,333875.0,333594.60121393204
20180910110600,333875.0,333719.38556432724
20180910110700,333750.0,333776.7384648323
20180910110800,333875.0,333709.27172899246
20180910110900,333750.0,333719.38556432724
20180910111000,334000.0,333709.27172899246
20180910111100,334125.0,333786.8523001671
20180910111200,334250.0,333969.0799713135
20180910111300,334375.0,334093.9900279045
20180910111400,334375.0,334218.9375758171
20180910111500,334250.0,334276.34781599045
20180910111600,334625.0,334208.7884545326
20180910111700,334250.0,334354.0695309639
20180910111800,334250.0,334323.60231876373
20180910111900,334250.0,334151.38483047485
20180910112000,333750.0,334151.38483047485
20180910112100,333625.0,333881.32160902023
20180910112200,333750.0,333584.4962000847
20180910112300,333750.0,333594.60121393204
20180910112400,333875.0,333651.9342660904
20180910112500,333875.0,333719.38556432724
20180910112600,333750.0,333776.7384648323
20180910112700,333750.0,333709.27172899246
20180910112800,333750.0,333651.9342660904
20180910112900,333875.0,333651.9342660904
20180910113000,334000.0,333719.38556432724
20180910113100,333625.0,333844.20961141586
20180910113200,333750.0,333699.153482914
20180910113300,333875.0,333594.60121393204
20180910113400,333750.0,333719.38556432724
20180910113500,333750.0,333709.27172899246
20180910113600,333750.0,333651.9342660904
20180910113700,333875.0,333651.9342660904
20180910113800,333750.0,333719.38556432724
20180910113900,333750.0,333709.27172899246
20180910114000,334000.0,333651.9342660904
20180910114100,333875.0,333786.8523001671
20180910114200,334125.0,333834.0913653374
20180910114300,334250.0,333911.702811718
20180910114400,334250.0,334093.9900279045
20180910114500,334500.0,334151.38483047485
20180910114600,334250.0,334286.4947319031
20180910114700,334125.0,334266.19428396225
20180910114800,334125.0,334083.84972810745
20180910114900,334000.0,334026.4615416527
20180910115000,334250.0,333958.946287632
20180910115100,334250.0,334036.59522533417
20180910115200,334125.0,334151.38483047485
20180910115300,333875.0,334083.84972810745
20180910115400,334000.0,333891.45308732986
20180910115500,333750.0,333844.20961141586
20180910115600,333500.0,333766.6158080101
20180910115700,333750.0,333517.06916093826
20180910115800,333625.0,333537.27036714554
20180910115900,333750.0,333584.4962000847
20180910120000,333750.0,333594.60121393204
20180910120100,333750.0,333651.9342660904
20180910120200,333500.0,333651.9342660904
20180910120300,333625.0,333517.06916093826
20180910120400,333750.0,333469.8543548584
20180910120500,333750.0,333594.60121393204
20180910120600,333375.0,333651.9342660904
20180910120700,333250.0,333449.655354023
20180910120800,333000.0,333210.4077935219
20180910120900,333125.0,333018.4654593468
20180910121000,333250.0,332971.2859392166
20180910121100,333375.0,333095.86519002914
20180910121200,333250.0,333220.48634290695
20180910121300,333250.0,333210.4077935219
20180910121400,333250.0,333153.13428640366
20180910121500,333375.0,333153.13428640366
20180910121600,333250.0,333220.48634290695
20180910121700,333250.0,333210.4077935219
20180910121800,333250.0,333153.13428640366
20180910121900,333250.0,333153.13428640366
20180910122000,333250.0,333153.13428640366
20180910122100,333250.0,333153.13428640366
20180910122200,333250.0,333153.13428640366
20180910122300,333375.0,333153.13428640366
20180910122400,333125.0,333220.48634290695
20180910122500,333125.0,333143.0557370186
20180910122600,333250.0,333028.5351872444
20180910122700,333250.0,333095.86519002914
20180910122800,333250.0,333153.13428640366
20180910122900,333000.0,333153.13428640366
20180910123000,333125.0,333018.4654593468
20180910123100,333125.0,332971.2859392166
20180910123200,333125.0,333028.5351872444
20180910123300,333375.0,333028.5351872444
20180910123400,333125.0,333163.2040143013
20180910123500,333250.0,333143.0557370186
20180910123600,333375.0,333095.86519002914
20180910123700,333375.0,333220.48634290695
20180910123800,333375.0,333277.7686715126
20180910123900,333250.0,333277.7686715126
20180910124000,333250.0,333210.4077935219
20180910124100,333125.0,333153.13428640366
20180910124200,333375.0,333085.7910513878
20180910124300,333375.0,333163.2040143013
20180910124400,333250.0,333277.7686715126
20180910124500,333250.0,333210.4077935219
20180910124600,333750.0,333153.13428640366
20180910124700,333750.0,333422.6263165474
20180910124800,333750.0,333651.9342660904
20180910124900,334000.0,333651.9342660904
20180910125000,334250.0,333786.8523001671
20180910125100,334375.0,334036.59522533417
20180910125200,334375.0,334218.9375758171
20180910125300,334500.0,334276.34781599045
20180910125400,334375.0,334343.9204096794
20180910125500,334375.0,334333.76467227936
20180910125600,334250.0,334276.34781599045
20180910125700,334125.0,334208.7884545326
20180910125800,334500.0,334083.84972810745
20180910125900,334125.0,334229.07346487045
20180910130000,334250.0,334198.6349225044
20180910130100,334375.0,334093.9900279045
20180910130200,334375.0,334218.9375758171
20180910130300,334375.0,334276.34781599045
20180910130400,334250.0,334276.34781599045
20180910130500,334375.0,334208.7884545326
20180910130600,334000.0,334218.9375758171
20180910130700,334125.0,334073.7050175667
20180910130800,334250.0,333969.0799713135
20180910130900,334250.0,334093.9900279045
20180910131000,334375.0,334151.38483047485
20180910131100,334375.0,334218.9375758171
20180910131200,334375.0,334276.34781599045
20180910131300,334375.0,334276.34781599045
20180910131400,334375.0,334276.34781599045
20180910131500,334250.0,334276.34781599045
20180910131600,334125.0,334208.7884545326
20180910131700,334500.0,334083.84972810745
20180910131800,334375.0,334229.07346487045
20180910131900,334250.0,334333.76467227936
20180910132000,334250.0,334208.7884545326
20180910132100,334375.0,334151.38483047485
20180910132200,334250.0,334218.9375758171
20180910132300,334375.0,334208.7884545326
20180910132400,334250.0,334218.9375758171
20180910132500,334250.0,334208.7884545326
20180910132600,334250.0,334151.38483047485
20180910132700,334250.0,334151.38483047485
20180910132800,334125.0,334151.38483047485
20180910132900,334375.0,334083.84972810745
20180910133000,334250.0,334161.52292490005
20180910133100,334250.0,334208.7884545326
20180910133200,334250.0,334151.38483047485
20180910133300,334250.0,334151.38483047485
20180910133400,334125.0,334151.38483047485
20180910133500,334250.0,334083.84972810745
20180910133600,334125.0,334093.9900279045
20180910133700,334125.0,334083.84972810745
20180910133800,334125.0,334026.4615416527
20180910133900,334250.0,334026.4615416527
20180910134000,333625.0,334093.9900279045
20180910134100,333625.0,333813.8284087181
20180910134200,333750.0,333527.17196941376
20180910134300,333625.0,333594.60121393204
20180910134400,333250.0,333584.4962000847
20180910134500,333250.0,333324.9680399895
20180910134600,333250.0,333153.13428640366
20180910134700,333125.0,333153.13428640366
20180910134800,333000.0,333085.7910513878
20180910134900,332625.0,332961.22282743454
20180910135000,332750.0,332702.1600008011
20180910135100,332750.0,332597.8084206581
20180910135200,332750.0,332655.0069451332
20180910135300,332625.0,332655.0069451332
20180910135400,332875.0,332587.7717733383
20180910135500,332625.0,332665.04579782486
20180910135600,332500.0,332644.95927095413
20180910135700,332250.0,332463.37336301804
20180910135800,332250.0,332271.85225486755
20180910135900,332250.0,332157.5853228569
20180910140000,332125.0,332157.5853228569
20180910140100,332250.0,332090.4538035393
20180910140200,332000.00000000006,332100.4573702812
20180910140300,332250.0,332023.3355164528
20180910140400,332250.0,332043.33823919296
20180910140500,332125.0,332157.5853228569
20180910140600,332375.0,332090.4538035393
20180910140700,333000.0,332167.58888959885
20180910140800,333125.0,332617.8706884384
20180910140900,333000.0,332971.2859392166
20180910141000,332625.0,332961.22282743454
20180910141100,332625.0,332702.1600008011
20180910141200,332375.0,332530.5886864662
20180910141300,332375.0,332396.17788791656
20180910141400,332125.0,332281.87346458435
20180910141500,332625.0,332147.5751399994
20180910141600,332625.0,332301.8982410431
20180910141700,332375.0,332530.5886864662
20180910141800,332125.0,332396.17788791656
20180910141900,332125.0,332147.5751399994
20180910142000,332375.0,332033.33908319473
20180910142100,332000.00000000006,332167.58888959885
20180910142200,332125.0,332080.4458260536
20180910142300,332125.0,331976.2331843376
20180910142400,332250.0,332033.33908319473
20180910142500,332250.0,332100.4573702812
20180910142600,332250.0,332157.5853228569
20180910142700,332375.0,332157.5853228569
20180910142800,332250.0,332224.72566366196
20180910142900,332125.0,332214.71548080444
20180910143000,331875.0,332090.4538035393
20180910143100,331750.0,331899.1510272026
20180910143200,331625.00000000006,331717.942237854
20180910143300,331500.0,331593.8614010811
20180910143400,331249.99999999994,331469.8356986046
20180910143500,331125.0,331278.901219368
20180910143600,330750.0,331098.0276465416
20180910143700,330750.0,330840.4799103737
20180910143800,330750.0,330669.76648569107
20180910143900,331249.99999999994,330669.76648569107
20180910144000,331125.0,330937.0884299278
20180910144100,331125.0,331098.0276465416
20180910144200,331249.99999999994,331041.0695075989
20180910144300,331125.0,331107.962846756
20180910144400,331125.0,331098.0276465416
20180910144500,331125.0,331041.0695075989
20180910144600,331125.0,331041.0695075989
20180910144700,331000.0,331041.0695075989
20180910144800,331125.0,330974.19160604477
20180910144900,331125.0,330984.1179847717
20180910145000,331249.99999999994,331041.0695075989
20180910145100,331375.0,331107.962846756
20180910145200,331125.0,331231.85843229294
20180910145300,331125.0,331154.99460697174
20180910145400,331125.0,331041.0695075989
20180910145500,331125.0,331041.0695075989
20180910145600,331125.0,331041.0695075989
20180910145700,331125.0,331041.0695075989
20180910145800,331125.0,331041.0695075989
20180910145900,331125.0,331041.0695075989
20180910150000,331249.99999999994,331041.0695075989
20180910150100,331375.0,331107.962846756
20180910150200,332000.00000000006,331231.85843229294
20180910150300,332375.0,331623.75742197037
20180910150400,332250.0,332110.45652627945
20180910150500,332250.0,332214.71548080444
20180910150600,332375.0,332157.5853228569
20180910150700,332250.0,332224.72566366196
20180910150800,332375.0,332214.71548080444
20180910150900,332250.0,332224.72566366196
20180910151000,332625.0,332214.71548080444
20180910151100,332875.0,332359.0614795685
20180910151200,332875.0,332665.04579782486
20180910151300,333000.0,332779.47372198105
20180910151400,333375.0,332846.74859046936
20180910151500,333250.0,333105.9349179268
20180910151600,333375.0,333210.4077935219
20180910151700,333250.0,333220.48634290695
20180910151800,333375.0,333210.4077935219
20180910151900,333500.0,333220.48634290695
20180910153000,333500.0,333345.14939785004
20180910153500,333500.0,333402.4515748024
20180911090000,333000.0,333402.4515748024
20180911090100,333500.0,333132.9727768898
20180911090300,332500.0,333173.27374219894
20180911090400,332500.0,332863.71010541916
20180911090500,332375.0,332406.2079191208
20180911090600,332000.00000000006,332339.02126550674
20180911090700,331750.0,332080.4458260536
20180911090800,331500.0,331775.00623464584
20180911090900,331249.99999999994,331526.859998703
20180911091000,331000.0,331278.901219368
20180911091100,331375.0,331031.1387181282
20180911091200,331249.99999999994,331117.8958415985
20180911091300,330750.0,331221.916615963
20180911091400,330500.0,330897.40055799484
20180911091500,330500.0,330536.1981391907
20180911091600,330750.0,330422.4781394005
20180911091700,330874.99999999994,330555.9891462326
20180911091800,331249.99999999994,330736.5716099739
20180911091900,331500.0,330994.039952755
20180911092000,331625.00000000006,331298.79808425903
20180911092100,331750.0,331479.7951579094
20180911092200,331375.0,331603.83409261703
20180911092300,331000.0,331459.86741781235
20180911092400,330625.0,331088.09024095535
20180911092500,330750.0,330716.749727726
20180911092600,330750.0,330612.8723025322
20180911092700,331000.0,330669.76648569107
20180911092800,331000.0,330803.39217185974
20180911092900,331249.99999999994,330917.25331544876
20180911093000,331000.0,331051.00029706955
20180911093100,331125.0,331031.1387181282
20180911093200,331375.0,330984.1179847717
20180911093300,331500.0,331174.87382888794
20180911093400,331375.0,331355.8047413826
20180911093500,331750.0,331345.8541035652
20180911093600,331500.0,331489.7502064705
20180911093700,331625.00000000006,331526.859998703
20180911093800,331625.00000000006,331479.7951579094
20180911093900,331500.0,331536.8260741234
20180911094000,331125.0,331469.8356986046
20180911094100,331000.0,331211.9659781456
20180911094200,331249.99999999994,330974.19160604477
20180911094300,331000.0,331051.00029706955
20180911094400,331125.0,331031.1387181282
20180911094500,331249.99999999994,330984.1179847717
20180911094600,331125.0,331107.962846756
20180911094700,331000.0,331098.0276465416
20180911094800,331249.99999999994,330974.19160604477
20180911094900,330750.0,331051.00029706955
20180911095000,330625.0,330897.40055799484
20180911095100,330625.0,330602.9745936394
20180911095200,330750.0,330546.09805345535
20180911095300,330625.0,330612.8723025322
20180911095400,330500.0,330602.9745936394
20180911095500,330625.0,330479.3348312378
20180911095600,330500.0,330489.22592401505
20180911095700,330750.0,330479.3348312378
20180911095800,330874.99999999994,330555.9891462326
20180911095900,330625.0,330736.5716099739
20180911100000,330750.0,330659.85774993896
20180911100100,331000.0,330612.8723025322
20180911100200,331125.0,330803.39217185974
20180911100300,331125.0,330984.1179847717
20180911100400,331125.0,331041.0695075989
20180911100500,331000.0,331041.0695075989
20180911100600,331249.99999999994,330974.19160604477
20180911100700,331000.0,331051.00029706955
20180911100800,331249.99999999994,331031.1387181282
20180911100900,331000.0,331051.00029706955
20180911101000,331125.0,331031.1387181282
20180911101100,331125.0,330984.1179847717
20180911101200,331249.99999999994,331041.0695075989
20180911101300,331000.0,331107.962846756
20180911101400,331500.0,331031.1387181282
20180911101500,331249.99999999994,331184.80682373047
20180911101600,331249.99999999994,331278.901219368
20180911101700,331625.00000000006,331164.9364233017
20180911101800,331500.0,331365.75096845627
20180911101900,331249.99999999994,331469.8356986046
20180911102000,331000.0,331278.901219368
20180911102100,331125.0,331031.1387181282
20180911102200,331249.99999999994,330984.1179847717
20180911102300,331000.0,331107.962846756
20180911102400,331249.99999999994,331031.1387181282
20180911102500,331000.0,331051.00029706955
20180911102600,331125.0,331031.1387181282
20180911102700,331000.0,330984.1179847717
20180911102800,331125.0,330974.19160604477
20180911102900,331375.0,330984.1179847717
20180911103000,331000.0,331174.87382888794
20180911103100,331000.0,331088.09024095535
20180911103200,331000.0,330917.25331544876
20180911103300,331249.99999999994,330917.25331544876
20180911103400,331249.99999999994,331051.00029706955
20180911103500,331000.0,331164.9364233017
20180911103600,331000.0,331031.1387181282
20180911103700,331000.0,330917.25331544876
20180911103800,331000.0,330917.25331544876
20180911103900,331000.0,330917.25331544876
20180911104000,331000.0,330917.25331544876
20180911104100,331000.0,330917.25331544876
20180911104200,330750.0,330917.25331544876
20180911104300,330500.0,330783.56808423996
20180911104400,330625.0,330536.1981391907
20180911104500,330500.0,330489.22592401505
20180911104600,330500.0,330479.3348312378
20180911104700,330500.0,330422.4781394005
20180911104800,330500.0,330422.4781394005
20180911104900,330500.0,330422.4781394005
20180911105000,330500.0,330422.4781394005
20180911105100,330500.0,330422.4781394005
20180911105200,330500.0,330422.4781394005
20180911105300,330500.0,330422.4781394005
20180911105400,330500.0,330422.4781394005
20180911105500,330500.0,330422.4781394005
20180911105600,330500.0,330422.4781394005
20180911105700,330500.0,330422.4781394005
20180911105800,330500.0,330422.4781394005
20180911105900,330625.0,330422.4781394005
20180911110000,330500.0,330489.22592401505
20180911110100,330375.0,330479.3348312378
20180911110200,330125.0,330355.7457923889
20180911110300,330000.0,330165.5258536339
20180911110400,330000.0,329985.2874279022
20180911110500,330000.0,329928.51454019547
20180911110600,330000.0,329928.51454019547
20180911110700,330000.0,329928.51454019547
20180911110800,330125.0,329928.51454019547
20180911110900,330000.0,329995.1410293579
20180911111000,330250.0,329985.2874279022
20180911111100,330125.0,330061.7851614952
20180911111200,330125.0,330108.724296093
20180911111300,330250.0,330051.9315600395
20180911111400,330125.0,330118.58892440796
20180911111500,330125.0,330108.724296093
20180911111600,330000.0,330051.9315600395
20180911111700,330000.0,329985.2874279022
20180911111800,330000.0,329928.51454019547
20180911111900,330000.0,329928.51454019547
20180911112000,330000.0,329928.51454019547
20180911112100,330000.0,329928.51454019547
20180911112200,330000.0,329928.51454019547
20180911112300,330000.0,329928.51454019547
20180911112400,330125.0,329928.51454019547
20180911112500,330125.0,329995.1410293579
20180911112600,330000.0,330051.9315600395
20180911112700,330000.0,329985.2874279022
20180911112800,330125.0,329928.51454019547
20180911112900,330125.0,329995.1410293579
20180911113000,330000.0,330051.9315600395
20180911113100,330250.0,329985.2874279022
20180911113200,330000.0,330061.7851614952
20180911113300,330125.0,330042.0647263527
20180911113400,330125.0,329995.1410293579
20180911113500,330000.0,330051.9315600395
20180911113600,330000.0,329985.2874279022
20180911113700,330125.0,329928.51454019547
20180911113800,330250.0,329995.1410293579
20180911113900,330000.0,330118.58892440796
20180911114000,330250.0,330042.0647263527
20180911114100,330125.0,330061.7851614952
20180911114200,330250.0,330108.724296093
20180911114300,330000.0,330118.58892440796
20180911114400,330125.0,330042.0647263527
20180911114500,329750.0,329995.1410293579
20180911114600,329250.0,329852.05429792404
20180911114700,329000.0,329415.752351284
20180911114800,329000.0,329056.3252568245
20180911114900,329000.0,328943.13234090805
20180911115000,329125.0,328943.13234090805
20180911115100,329000.0,329009.505212307
20180911115200,329000.0,328999.7221827507
20180911115300,329000.0,328943.13234090805
20180911115400,329125.0,328943.13234090805
20180911115500,329000.0,329009.505212307
20180911115600,329375.0,328999.7221827507
20180911115700,329250.0,329142.3082947731
20180911115800,329000.0,329245.79095840454
20180911115900,329250.0,329056.3252568245
20180911120000,329000.0,329075.90013742447
20180911120100,329250.0,329056.3252568245
20180911120200,329250.0,329075.90013742447
20180911120300,329125.0,329189.1548037529
20180911120400,329000.0,329122.7290034294
20180911120500,329000.0,328999.7221827507
20180911120600,329000.0,328943.13234090805
20180911120700,329125.0,328943.13234090805
20180911120800,329125.0,329009.505212307
20180911120900,329000.0,329066.1126971245
20180911121000,329250.0,328999.7221827507
20180911121100,329250.0,329075.90013742447
20180911121200,329000.0,329189.1548037529
20180911121300,329250.0,329056.3252568245
20180911121400,329000.0,329075.90013742447
20180911121500,329125.0,329056.3252568245
20180911121600,329125.0,329009.505212307
20180911121700,329000.0,329066.1126971245
20180911121800,329000.0,328999.7221827507
20180911121900,329375.0,328943.13234090805
20180911122000,329125.0,329142.3082947731
20180911122100,329000.0,329179.3541312218
20180911122200,329000.0,328999.7221827507
20180911122300,329000.0,328943.13234090805
20180911122400,329125.0,328943.13234090805
20180911122500,329250.0,329009.505212307
20180911122600,329000.0,329132.52305984497
20180911122700,329125.0,329056.3252568245
20180911122800,329000.0,329009.505212307
20180911122900,329250.0,328999.7221827507
20180911123000,329000.0,329075.90013742447
20180911123100,329250.0,329056.3252568245
20180911123200,329250.0,329075.90013742447
20180911123300,329000.0,329189.1548037529
20180911123400,329250.0,329056.3252568245
20180911123500,329125.0,329075.90013742447
20180911123600,329000.0,329122.7290034294
20180911123700,329000.0,328999.7221827507
20180911123800,329125.0,328943.13234090805
20180911123900,329000.0,329009.505212307
20180911124000,329000.0,328999.7221827507
20180911124100,329000.0,328943.13234090805
20180911124200,329125.0,328943.13234090805
20180911124300,329000.0,329009.505212307
20180911124400,329000.0,328999.7221827507
20180911124500,329000.0,328943.13234090805
20180911124600,329125.0,328943.13234090805
20180911124700,329000.0,329009.505212307
20180911124800,329250.0,328999.7221827507
20180911124900,329000.0,329075.90013742447
20180911125000,329125.0,329056.3252568245
20180911125100,329250.0,329009.505212307
20180911125200,329250.0,329132.52305984497
20180911125300,329000.0,329189.1548037529
20180911125400,329125.0,329056.3252568245
20180911125500,329125.0,329009.505212307
20180911125600,329000.0,329066.1126971245
20180911125700,329000.0,328999.7221827507
20180911125800,329125.0,328943.13234090805
20180911125900,329125.0,329009.505212307
20180911130000,329125.0,329066.1126971245
20180911130100,329000.0,329066.1126971245
20180911130200,328750.0,328999.7221827507
20180911130300,328625.0,328810.4329109192
20180911130400,328500.0,328631.03914260864
20180911130500,328625.0,328508.2572698593
20180911130600,328500.0,328518.0050134659
20180911130700,328500.0,328508.2572698593
20180911130800,328500.0,328451.7578482628
20180911130900,328625.0,328451.7578482628
20180911131000,328500.0,328518.0050134659
20180911131100,328500.0,328508.2572698593
20180911131200,328625.0,328451.7578482628
20180911131300,328500.0,328518.0050134659
20180911131400,328625.0,328508.2572698593
20180911131500,328750.0,328518.0050134659
20180911131600,328625.0,328640.7935023308
20180911131700,328500.0,328631.03914260864
20180911131800,328625.0,328508.2572698593
20180911131900,328250.0,328518.0050134659
20180911132000,328000.0,328375.78719854355
20180911132100,328125.0,328074.1099715233
20180911132200,328125.0,328027.409017086
20180911132300,328000.0,328083.82683992386
20180911132400,328000.0,328017.698764801
20180911132500,328000.0,327961.29858493805
20180911132600,328125.0,327961.29858493805
20180911132700,328000.0,328027.409017086
20180911132800,327875.0,328017.698764801
20180911132900,327625.0,327895.20359039307
20180911133000,327500.0,327706.7258954048
20180911133100,327500.0,327528.0731320381
20180911133200,327625.0,327471.77439928055
20180911133300,327500.0,327537.7480983734
20180911133400,327625.0,327528.0731320381
20180911133500,327750.0,327537.7480983734
20180911133600,327500.0,327660.07566452026
20180911133700,327625.0,327584.3850970268
20180911133800,327375.00000000006,327537.7480983734
20180911133900,327125.0,327462.10384368896
20180911134000,327000.00000000006,327217.71997213364
20180911134100,327125.0,327039.4090414047
20180911134200,327000.00000000006,327049.0443110466
20180911134300,327250.0,327039.4090414047
20180911134400,327000.00000000006,327114.89671468735
20180911134500,327125.0,327095.61735391617
20180911134600,327250.0,327049.0443110466
20180911134700,327000.00000000006,327171.1292862892
20180911134800,327000.00000000006,327095.61735391617
20180911134900,327250.0,326983.21175575256
20180911135000,327125.0,327114.89671468735
20180911135100,327125.0,327161.48298978806
20180911135200,327625.0,327105.2592396736
20180911135300,327625.0,327368.85410547256
20180911135400,327500.0,327594.062268734
20180911135500,327750.0,327528.0731320381
20180911135600,327625.0,327603.741645813
20180911135700,327500.0,327650.39187669754
20180911135800,327750.0,327528.0731320381
20180911135900,327750.0,327603.741645813
20180911140000,327750.0,327716.4162993431
20180911140100,327500.0,327716.4162993431
20180911140200,327750.0,327584.3850970268
20180911140300,327875.0,327603.741645813
20180911140400,327625.0,327782.4605703354
20180911140500,327625.0,327706.7258954048
20180911140600,327500.0,327594.062268734
20180911140700,327375.00000000006,327528.0731320381
20180911140800,327125.0,327405.8205485344
20180911140900,327250.0,327217.71997213364
20180911141000,327125.0,327171.1292862892
20180911141100,327250.0,327161.48298978806
20180911141200,327125.0,327171.1292862892
20180911141300,327125.0,327161.48298978806
20180911141400,327125.0,327105.2592396736
20180911141500,327000.00000000006,327105.2592396736
20180911141600,327125.0,327039.4090414047
20180911141700,327250.0,327049.0443110466
20180911141800,327125.0,327171.1292862892
20180911141900,327375.00000000006,327161.48298978806
20180911142000,327125.0,327237.01697587967
20180911142100,327125.0,327217.71997213364
20180911142200,327125.0,327105.2592396736
20180911142300,327125.0,327105.2592396736
20180911142400,327250.0,327105.2592396736
20180911142500,327125.0,327171.1292862892
20180911142600,326750.0,327161.48298978806
20180911142700,326624.99999999994,326907.7659845352
20180911142800,326875.0,326673.55328798294
20180911142900,327125.0,326748.90863895416
20180911143000,327125.0,326992.8426146507
20180911143100,327250.0,327105.2592396736
20180911143200,327125.0,327171.1292862892
20180911143300,327125.0,327161.48298978806
20180911143400,327375.00000000006,327105.2592396736
20180911143500,327500.0,327237.01697587967
20180911143600,327375.00000000006,327415.4844880104
20180911143700,327250.0,327405.8205485344
20180911143800,327250.0,327283.62089395523
20180911143900,327375.00000000006,327227.3706793785
20180911144000,327125.0,327293.2760119438
20180911144100,327375.00000000006,327217.71997213364
20180911144200,327375.00000000006,327237.01697587967
20180911144300,327375.00000000006,327349.5394587517
20180911144400,327250.0,327349.5394587517
20180911144500,327375.00000000006,327283.62089395523
20180911144600,327375.00000000006,327293.2760119438
20180911144700,327125.0,327349.5394587517
20180911144800,327125.0,327217.71997213364
20180911144900,327125.0,327105.2592396736
20180911145000,327250.0,327105.2592396736
20180911145100,327250.0,327171.1292862892
20180911145200,327250.0,327227.3706793785
20180911145300,327250.0,327227.3706793785
20180911145400,327125.0,327227.3706793785
20180911145500,326750.0,327161.48298978806
20180911145600,326750.0,326907.7659845352
20180911145700,326750.0,326739.2976284027
20180911145800,326750.0,326739.2976284027
20180911145900,327000.00000000006,326739.2976284027
20180911150000,327125.0,326870.8458542824
20180911150100,327375.00000000006,327049.0443110466
20180911150200,327250.0,327237.01697587967
20180911150300,327375.00000000006,327283.62089395523
20180911150400,327375.00000000006,327293.2760119438
20180911150500,327250.0,327349.5394587517
20180911150600,327375.00000000006,327283.62089395523
20180911150700,327375.00000000006,327293.2760119438
20180911150800,327750.0,327349.5394587517
20180911150900,327750.0,327547.418653965
20180911151000,327750.0,327716.4162993431
20180911151100,327875.0,327716.4162993431
20180911151200,327625.0,327782.4605703354
20180911151300,327875.0,327706.7258954048
20180911151400,327375.00000000006,327726.10449790955
20180911151500,327125.0,327574.69910383224
20180911151600,327250.0,327217.71997213364
20180911151700,327125.0,327171.1292862892
20180911151800,327250.0,327161.48298978806
20180911151900,327375.00000000006,327171.1292862892
20180911153000,328000.0,327293.2760119438
20180911153500,328000.0,327679.4322133064
20180912090000,329750.0,327961.29858493805
20180912090100,329750.0,328888.4964585304
20180912090200,330250.0,329681.84810876846
20180912090300,329250.0,329948.2085108757
20180912090400,328750.0,329642.48222112656
20180912090500,329250.0,328923.5662817955
20180912090600,329875.0,328962.68075704575
20180912090700,330000.0,329521.52198553085
20180912090800,329625.0,329871.752679348
20180912090900,329000.0,329728.7343144417
20180912091000,329250.0,329226.178586483
20180912091100,329250.0,329075.90013742447
20180912091200,329250.0,329189.1548037529
20180912091300,329125.0,329189.1548037529
20180912091400,328625.0,329122.7290034294
20180912091500,328750.0,328800.6564974785
20180912091600,328500.0,328640.7935023308
20180912091700,328750.0,328564.76110219955
20180912091800,328750.0,328584.2654109001
20180912091900,328750.0,328697.33041524887
20180912092000,328875.0,328697.33041524887
20180912092100,328750.0,328763.64374160767
20180912092200,328750.0,328753.8761496544
20180912092300,328875.0,328697.33041524887
20180912092400,328625.0,328763.64374160767
20180912092500,328625.0,328687.56943941116
20180912092600,328625.0,328574.51766729355
20180912092700,328625.0,328574.51766729355
20180912092800,328625.0,328574.51766729355
20180912092900,328250.0,328574.51766729355
20180912093000,328375.0,328375.78719854355
20180912093100,328125.0,328272.5912332535
20180912093200,327875.0,328196.6845393181
20180912093300,327625.0,327951.58833265305
20180912093400,327625.0,327706.7258954048
20180912093500,327625.0,327594.062268734
20180912093600,327375.00000000006,327594.062268734
20180912093700,327125.0,327462.10384368896
20180912093800,327125.0,327217.71997213364
20180912093900,327125.0,327105.2592396736
20180912094000,327625.0,327105.2592396736
20180912094100,327625.0,327368.85410547256
20180912094200,327875.0,327594.062268734
20180912094300,327750.0,327726.10449790955
20180912094400,327625.0,327772.76796102524
20180912094500,327750.0,327650.39187669754
20180912094600,327750.0,327660.07566452026
20180912094700,327625.0,327716.4162993431
20180912094800,327750.0,327650.39187669754
20180912094900,327625.0,327660.07566452026
20180912095000,327750.0,327650.39187669754
20180912095100,327625.0,327660.07566452026
20180912095200,327500.0,327650.39187669754
20180912095300,327250.0,327528.0731320381
20180912095400,327125.0,327339.8777246475
20180912095500,327250.0,327161.48298978806
20180912095600,327125.0,327171.1292862892
20180912095700,327250.0,327161.48298978806
20180912095800,327125.0,327171.1292862892
20180912095900,327250.0,327161.48298978806
20180912100000,327375.00000000006,327171.1292862892
20180912100100,327125.0,327293.2760119438
20180912100200,327125.0,327217.71997213364
20180912100300,327375.00000000006,327105.2592396736
20180912100400,327125.0,327237.01697587967
20180912100500,327250.0,327217.71997213364
20180912100600,327250.0,327171.1292862892
20180912100700,327250.0,327227.3706793785
20180912100800,327125.0,327227.3706793785
20180912100900,327125.0,327161.48298978806
20180912101000,327125.0,327105.2592396736
20180912101100,327125.0,327105.2592396736
20180912101200,327125.0,327105.2592396736
20180912101300,327125.0,327105.2592396736
20180912101400,326875.0,327105.2592396736
20180912101500,326875.0,326973.57869148254
20180912101600,326750.0,326861.2216114998
20180912101700,326875.0,326795.44419050217
20180912101800,326750.0,326805.0618171692
20180912101900,326624.99999999994,326795.44419050217
20180912102000,326750.0,326673.55328798294
20180912102100,326750.0,326683.1642985344
20180912102200,326750.0,326739.2976284027
20180912102300,326624.99999999994,326739.2976284027
20180912102400,326624.99999999994,326673.55328798294
20180912102500,326624.99999999994,326617.4353957176
20180912102600,326750.0,326617.4353957176
20180912102700,326624.99999999994,326683.1642985344
20180912102800,326750.0,326673.55328798294
20180912102900,326624.99999999994,326683.1642985344
20180912103000,326750.0,326673.55328798294
20180912103100,326875.0,326683.1642985344
20180912103200,326624.99999999994,326805.0618171692
20180912103300,326750.0,326729.6844124794
20180912103400,326875.0,326683.1642985344
20180912103500,326750.0,326805.0618171692
20180912103600,326750.0,326795.44419050217
20180912103700,326375.0,326739.2976284027
20180912103800,326125.0,326542.12415218353
20180912103900,326125.0,326242.64788627625
20180912104000,326125.0,326130.61279058456
20180912104100,325875.0,326130.61279058456
20180912104200,325625.0,325999.5122551918
20180912104300,325625.0,325756.63244724274
20180912104400,325750.0,325644.82229948044
20180912104500,325750.0,325710.2545797825
20180912104600,325250.0,325766.1728858948
20180912104700,324625.0,325504.4944882393
20180912104800,324750.0,324954.88384366035
20180912104900,324750.0,324741.5438890457
20180912105000,324375.0,324797.2328364849
20180912105100,324250.0,324601.86445713043
20180912105200,324375.0,324369.97401714325
20180912105300,324250.0,324379.39977645874
20180912105400,324250.0,324369.97401714325
20180912105500,324250.0,324314.3920302391
20180912105600,324125.0,324314.3920302391
20180912105700,324125.0,324249.40744042397
20180912105800,324125.0,324193.85743141174
20180912105900,324125.0,324193.85743141174
20180912110000,324250.0,324193.85743141174
20180912110100,324250.0,324258.8232755661
20180912110200,324250.0,324314.3920302391
20180912110300,324125.0,324314.3920302391
20180912110400,324250.0,324249.40744042397
20180912110500,324125.0,324258.8232755661
20180912110600,324250.0,324249.40744042397
20180912110700,324250.0,324258.8232755661
20180912110800,324125.0,324314.3920302391
20180912110900,324250.0,324249.40744042397
20180912111000,324375.0,324258.8232755661
20180912111100,324375.0,324379.39977645874
20180912111200,324125.0,324434.9972009659
20180912111300,324250.0,324304.9684762955
20180912111400,324125.0,324258.8232755661
20180912111500,324250.0,324249.40744042397
20180912111600,324125.0,324258.8232755661
20180912111700,324125.0,324249.40744042397
20180912111800,324125.0,324193.85743141174
20180912111900,324125.0,324193.85743141174
20180912112000,324125.0,324193.85743141174
20180912112100,324125.0,324193.85743141174
20180912112200,324125.0,324193.85743141174
20180912112300,324250.0,324193.85743141174
20180912112400,324125.0,324258.8232755661
20180912112500,324125.0,324249.40744042397
20180912112600,324125.0,324193.85743141174
20180912112700,324250.0,324193.85743141174
20180912112800,324125.0,324258.8232755661
20180912112900,324125.0,324249.40744042397
20180912113000,324375.0,324193.85743141174
20180912113100,324125.0,324323.81227612495
20180912113200,324125.0,324304.9684762955
20180912113300,324125.0,324193.85743141174
20180912113400,324125.0,324193.85743141174
20180912113500,324125.0,324193.85743141174
20180912113600,324000.0,324193.85743141174
20180912113700,323625.0,324128.9114356041
20180912113800,323625.0,323878.74177098274
20180912113900,323625.0,323712.4192416668
20180912114000,323750.0,323712.4192416668
20180912114100,323625.0,323777.22519636154
20180912114200,323625.0,323767.84685254097
20180912114300,323750.0,323712.4192416668
20180912114400,323625.0,323777.22519636154
20180912114500,323875.0,323767.84685254097
20180912114600,323750.0,323842.05320477486
20180912114700,323750.0,323888.13003897667
20180912114800,323625.0,323832.6715528965
20180912114900,323500.0,323767.84685254097
20180912115000,323125.0,323647.6353406906
20180912115100,323125.0,323398.07546138763
20180912115200,323375.0,323232.1278452873
20180912115300,323250.0,323361.43431067467
20180912115400,323250.0,323407.42844343185
20180912115500,323125.0,323352.09235548973
20180912115600,323250.0,323287.43305802345
20180912115700,323250.0,323296.76949977875
20180912115800,323125.0,323352.09235548973
20180912115900,323125.0,323287.43305802345
20180912120000,323250.0,323232.1278452873
20180912120100,323125.0,323296.76949977875
20180912120200,323375.0,323287.43305802345
20180912120300,322875.0,323361.43431067467
20180912120400,322625.0,323213.4571671486
20180912120500,322625.0,322863.3753359318
20180912120600,322750.00000000006,322753.01080942154
20180912120700,322625.0,322817.48485565186
20180912120800,322750.00000000006,322808.18700790405
20180912120900,322750.00000000006,322817.48485565186
20180912121000,322750.00000000006,322872.6809024811
20180912121100,322625.0,322872.6809024811
20180912121200,322750.00000000006,322808.18700790405
20180912121300,322625.0,322817.48485565186
20180912121400,322625.0,322808.18700790405
20180912121500,322750.00000000006,322753.01080942154
20180912121600,322625.0,322817.48485565186
20180912121700,322625.0,322808.18700790405
20180912121800,322750.00000000006,322753.01080942154
20180912121900,322625.0,322817.48485565186
20180912122000,322875.0,322808.18700790405
20180912122100,322625.0,322881.9831609726
20180912122200,322375.00000000006,322863.3753359318
20180912122300,322500.0,322624.1332888603
20180912122400,322625.0,322578.28691601753
20180912122500,322625.0,322697.850048542
20180912122600,322750.00000000006,322753.01080942154
20180912122700,322500.0,322817.48485565186
20180912122800,322125.0,322743.71737241745
20180912122900,322250.0,322440.26482105255
20180912123000,322375.00000000006,322339.3922150135
20180912123100,322250.0,322458.800971508
20180912123200,322250.0,322449.5339989662
20180912123300,322625.0,322394.4559395313
20180912123400,322625.0,322587.5638127327
20180912123500,322375.00000000006,322753.01080942154
20180912123600,322250.0,322624.1332888603
20180912123700,322375.00000000006,322449.5339989662
20180912123800,322250.0,322458.800971508
20180912123900,322250.0,322449.5339989662
20180912124000,322500.0,322394.4559395313
20180912124100,322375.00000000006,322523.17026257515
20180912124200,322500.0,322569.01001930237
20180912124300,322375.00000000006,322578.28691601753
20180912124400,322125.0,322569.01001930237
20180912124500,322250.0,322385.19006967545
20180912124600,322250.0,322339.3922150135
20180912124700,322125.0,322394.4559395313
20180912124800,322250.0,322330.1329612732
20180912124900,322125.0,322339.3922150135
20180912125000,322250.0,322330.1329612732
20180912125100,322125.0,322339.3922150135
20180912125200,322125.0,322330.1329612732
20180912125300,322250.0,322275.090187788
20180912125400,322250.0,322339.3922150135
20180912125500,322375.00000000006,322394.4559395313
20180912125600,322250.0,322458.800971508
20180912125700,322250.0,322449.5339989662
20180912125800,322250.0,322394.4559395313
20180912125900,322125.0,322394.4559395313
20180912130000,322250.0,322330.1329612732
20180912130100,322250.0,322339.3922150135
20180912130200,322250.0,322394.4559395313
20180912130300,322125.0,322394.4559395313
20180912130400,322250.0,322330.1329612732
20180912130500,322375.00000000006,322339.3922150135
20180912130600,322500.0,322458.800971508
20180912130700,322625.0,322578.28691601753
20180912130800,322750.00000000006,322697.850048542
20180912130900,322750.00000000006,322817.48485565186
20180912131000,323000.0,322872.6809024811
20180912131100,322875.0,323001.73485279083
20180912131200,322875.0,323047.6628243923
20180912131300,322875.0,322992.42267012596
20180912131400,322875.0,322992.42267012596
20180912131500,322875.0,322992.42267012596
20180912131600,322750.00000000006,322992.42267012596
20180912131700,322750.00000000006,322927.8879761696
20180912131800,322750.00000000006,322872.6809024811
20180912131900,322625.0,322872.6809024811
20180912132000,322750.00000000006,322808.18700790405
20180912132100,322750.00000000006,322817.48485565186
20180912132200,322750.00000000006,322872.6809024811
20180912132300,322625.0,322872.6809024811
20180912132400,322750.00000000006,322808.18700790405
20180912132500,322625.0,322817.48485565186
20180912132600,322750.00000000006,322808.18700790405
20180912132700,322625.0,322817.48485565186
20180912132800,323000.0,322808.18700790405
20180912132900,323125.0,322946.502417326
20180912133000,323375.0,323176.8391728401
20180912133100,322875.0,323361.43431067467
20180912133200,322625.0,323213.4571671486
20180912133300,322750.00000000006,322863.3753359318
20180912133400,322625.0,322817.48485565186
20180912133500,322875.0,322808.18700790405
20180912133600,322625.0,322881.9831609726
20180912133700,322625.0,322863.3753359318
20180912133800,322625.0,322753.01080942154
20180912133900,322750.00000000006,322753.01080942154
20180912134000,322625.0,322817.48485565186
20180912134100,322750.00000000006,322808.18700790405
20180912134200,322875.0,322817.48485565186
20180912134300,322750.00000000006,322937.1968507767
20180912134400,322750.00000000006,322927.8879761696
20180912134500,322875.0,322872.6809024811
20180912134600,322750.00000000006,322937.1968507767
20180912134700,322625.0,322927.8879761696
20180912134800,322625.0,322808.18700790405
20180912134900,322625.0,322753.01080942154
20180912135000,322625.0,322753.01080942154
20180912135100,322625.0,322753.01080942154
20180912135200,322625.0,322753.01080942154
20180912135300,322875.0,322753.01080942154
20180912135400,322625.0,322881.9831609726
20180912135500,322750.00000000006,322863.3753359318
20180912135600,322625.0,322817.48485565186
20180912135700,322625.0,322808.18700790405
20180912135800,322875.0,322753.01080942154
20180912135900,322750.00000000006,322881.9831609726
20180912140000,322625.0,322927.8879761696
20180912140100,322750.00000000006,322808.18700790405
20180912140200,322875.0,322817.48485565186
20180912140300,322625.0,322937.1968507767
20180912140400,322750.00000000006,322863.3753359318
20180912140500,322625.0,322817.48485565186
20180912140600,322250.0,322808.18700790405
20180912140700,322250.0,322559.7298145294
20180912140800,322125.0,322394.4559395313
20180912140900,322375.00000000006,322330.1329612732
20180912141000,322250.0,322403.71960401535
20180912141100,322125.0,322449.5339989662
20180912141200,322125.0,322330.1329612732
20180912141300,322125.0,322275.090187788
20180912141400,322125.0,322275.090187788
20180912141500,322125.0,322275.090187788
20180912141600,322125.0,322275.090187788
20180912141700,322125.0,322275.090187788
20180912141800,322500.0,322275.090187788
20180912141900,322375.00000000006,322468.06794404984
20180912142000,322125.0,322569.01001930237
20180912142100,322250.0,322385.19006967545
20180912142200,322500.0,322339.3922150135
20180912142300,322125.0,322523.17026257515
20180912142400,322125.0,322440.26482105255
20180912142500,322375.00000000006,322275.090187788
20180912142600,322500.0,322403.71960401535
20180912142700,322750.00000000006,322578.28691601753
20180912142800,322375.00000000006,322762.3031437397
20180912142900,322500.0,322679.27089333534
20180912143000,322750.00000000006,322578.28691601753
20180912143100,323125.0,322762.3031437397
20180912143200,322875.0,323066.2960112095
20180912143300,323000.0,323102.9151082039
20180912143400,323625.0,323056.98052048683
20180912143500,323000.0,323435.4631304741
20180912143600,323125.0,323388.72358202934
20180912143700,323375.0,323176.8391728401
20180912143800,323375.0,323361.43431067467
20180912143900,323000.0,323472.1296429634
20180912144000,323375.0,323278.09220552444
20180912144100,323375.0,323306.10594153404
20180912144200,323625.0,323472.1296429634
20180912144300,323500.0,323601.59930586815
20180912144400,323375.0,323647.6353406906
20180912144500,323750.0,323527.4955034256
20180912144600,323875.0,323666.36776924133
20180912144700,323625.0,323897.5183069706
20180912144800,324000.0,323823.2887983322
20180912144900,324000.0,323906.9021642208
20180912145000,323750.0,324073.390096426
20180912145100,324000.0,323943.6028599739
20180912145200,323625.0,323962.38601207733
20180912145300,323500.0,323878.74177098274
20180912145400,323500.0,323647.6353406906
20180912145500,323625.0,323592.23860502243
20180912145600,323750.0,323657.001554966
20180912145700,324000.0,323777.22519636154
20180912145800,323625.0,323962.38601207733
20180912145900,323750.0,323878.74177098274
20180912150000,323500.0,323777.22519636154
20180912150100,324000.0,323703.04530858994
20180912150200,324125.0,323851.4293432236
20180912150300,324500.0,324138.31955194473
20180912150400,324625.0,324388.8244330883
20180912150500,324625.0,324620.7578778267
20180912150600,325000.0,324676.4170527458
20180912150700,325250.0,324871.85820937157
20180912150800,325375.0,325169.5690751076
20180912150900,325000.0,325346.48510813713
20180912151000,325125.0,325206.3712179661
20180912151100,325625.0,325104.30550575256
20180912151200,325750.0,325421.3288128376
20180912151300,325750.0,325710.2545797825
20180912151400,325875.0,325766.1728858948
20180912151500,326375.0,325831.6437602043
20180912151600,326000.0,326149.73998069763
20180912151700,326249.99999999994,326177.0513057709
20180912151800,326249.99999999994,326140.17528295517
20180912151900,326125.0,326252.223610878
20180912153000,326500.0,326186.62482500076
20180912153500,326500.0,326327.4179697037
20180913090000,327750.0,326495.6349134445
20180913090100,327125.0,327153.42015028
20180913090200,326624.99999999994,327386.47723197937
20180913090300,326750.0,326841.9731259346
20180913090400,326624.99999999994,326683.1642985344
20180913090500,327125.0,326673.55328798294
20180913090600,327500.0,326880.4590702057
20180913090700,327500.0,327302.9267191887
20180913090800,327125.0,327471.77439928055
20180913090900,327125.0,327273.96136522293
20180913091000,327250.0,327105.2592396736
20180913091100,327125.0,327171.1292862892
20180913091200,327125.0,327161.48298978806
20180913091300,327250.0,327105.2592396736
20180913091400,327125.0,327171.1292862892
20180913091500,327500.0,327161.48298978806
20180913091600,327750.0,327302.9267191887
20180913091700,327750.0,327603.741645813
20180913091800,327625.0,327716.4162993431
20180913091900,327750.0,327650.39187669754
20180913092000,327625.0,327660.07566452026
20180913092100,327625.0,327650.39187669754
20180913092200,327625.0,327594.062268734
20180913092300,327750.0,327594.062268734
20180913092400,328125.0,327660.07566452026
20180913092500,328250.0,327914.59983587265
20180913092600,328250.0,328149.9703526497
20180913092700,328125.0,328206.41243457794
20180913092800,328250.0,328140.2490735054
20180913092900,328250.0,328149.9703526497
20180913093000,328000.0,328206.41243457794
20180913093100,328125.0,328074.1099715233
20180913093200,328375.0,328027.409017086
20180913093300,328125.0,328216.1337137222
20180913093400,328250.0,328196.6845393181
20180913093500,328500.0,328149.9703526497
20180913093600,328750.0,328338.78767490387
20180913093700,328750.0,328584.2654109001
20180913093800,328625.0,328697.33041524887
20180913093900,328625.0,328631.03914260864
20180913094000,328625.0,328574.51766729355
20180913094100,328625.0,328574.51766729355
20180913094200,328750.0,328574.51766729355
20180913094300,328625.0,328640.7935023308
20180913094400,328750.0,328631.03914260864
20180913094500,329000.0,328640.7935023308
20180913094600,329125.0,328829.97250556946
20180913094700,329125.0,329009.505212307
20180913094800,329125.0,329066.1126971245
20180913094900,329250.0,329066.1126971245
20180913095000,329375.0,329132.52305984497
20180913095100,329125.0,329255.59163093567
20180913095200,329125.0,329179.3541312218
20180913095300,329250.0,329066.1126971245
20180913095400,329125.0,329132.52305984497
20180913095500,329375.0,329122.7290034294
20180913095600,329250.0,329198.94886016846
20180913095700,329250.0,329245.79095840454
20180913095800,329250.0,329189.1548037529
20180913095900,329125.0,329189.1548037529
20180913100000,329000.0,329122.7290034294
20180913100100,328625.0,328999.7221827507
20180913100200,328375.0,328744.1085577011
20180913100300,328125.0,328442.0167207718
20180913100400,328250.0,328196.6845393181
20180913100500,328125.0,328149.9703526497
20180913100600,328125.0,328140.2490735054
20180913100700,328125.0,328083.82683992386
20180913100800,328250.0,328083.82683992386
20180913100900,328125.0,328149.9703526497
20180913101000,328250.0,328140.2490735054
20180913101100,328125.0,328149.9703526497
20180913101200,328125.0,328140.2490735054
20180913101300,328375.0,328083.82683992386
20180913101400,328125.0,328216.1337137222
20180913101500,328250.0,328196.6845393181
20180913101600,327750.0,328149.9703526497
20180913101700,327625.0,327941.87808036804
20180913101800,327500.0,327650.39187669754
20180913101900,327125.0,327528.0731320381
20180913102000,327125.0,327273.96136522293
20180913102100,327250.0,327105.2592396736
20180913102200,327375.00000000006,327171.1292862892
20180913102300,327375.00000000006,327293.2760119438
20180913102400,327125.0,327349.5394587517
20180913102500,327375.00000000006,327217.71997213364
20180913102600,327250.0,327237.01697587967
20180913102700,327250.0,327283.62089395523
20180913102800,327250.0,327227.3706793785
20180913102900,327625.0,327227.3706793785
20180913103000,327875.0,327425.14181137085
20180913103100,327875.0,327726.10449790955
20180913103200,327750.0,327838.8276696205
20180913103300,328250.0,327772.76796102524
20180913103400,328250.0,327980.7014465332
20180913103500,328125.0,328206.41243457794
20180913103600,328375.0,328140.2490735054
20180913103700,328250.0,328216.1337137222
20180913103800,328250.0,328262.8633379936
20180913103900,328250.0,328206.41243457794
20180913104000,328375.0,328206.41243457794
20180913104100,328250.0,328272.5912332535
20180913104200,328250.0,328262.8633379936
20180913104300,328125.0,328206.41243457794
20180913104400,328250.0,328140.2490735054
20180913104500,328250.0,328149.9703526497
20180913104600,328625.0,328206.41243457794
20180913104700,329125.0,328405.0017595291
20180913104800,329125.0,328839.7378921509
20180913104900,329250.0,329066.1126971245
20180913105000,329125.0,329132.52305984497
20180913105100,329250.0,329122.7290034294
20180913105200,329125.0,329132.52305984497
20180913105300,329250.0,329122.7290034294
20180913105400,329250.0,329132.52305984497
20180913105500,329250.0,329189.1548037529
20180913105600,329375.0,329189.1548037529
20180913105700,329625.0,329255.59163093567
20180913105800,329875.0,329445.207297802
20180913105900,329750.0,329691.6774511337
20180913110000,329625.0,329738.57468366623
20180913110100,329750.0,329615.30101299286
20180913110200,329625.0,329625.1259446144
20180913110300,329500.0,329615.30101299286
20180913110400,329250.0,329492.07586050034
20180913110500,329250.0,329302.4359345436
20180913110600,329125.0,329189.1548037529
20180913110700,329125.0,329122.7290034294
20180913110800,329375.0,329066.1126971245
20180913110900,329125.0,329198.94886016846
20180913111000,329250.0,329179.3541312218
20180913111100,329250.0,329132.52305984497
20180913111200,329125.0,329189.1548037529
20180913111300,329125.0,329122.7290034294
20180913111400,329250.0,329066.1126971245
20180913111500,329375.0,329132.52305984497
20180913111600,329250.0,329255.59163093567
20180913111700,329250.0,329245.79095840454
20180913111800,329125.0,329189.1548037529
20180913111900,329250.0,329122.7290034294
20180913112000,329375.0,329132.52305984497
20180913112100,329250.0,329255.59163093567
20180913112200,329125.0,329245.79095840454
20180913112300,329375.0,329122.7290034294
20180913112400,329250.0,329198.94886016846
20180913112500,329250.0,329245.79095840454
20180913112600,329250.0,329189.1548037529
20180913112700,329250.0,329189.1548037529
20180913112800,329250.0,329189.1548037529
20180913112900,329250.0,329189.1548037529
20180913113000,329250.0,329189.1548037529
20180913113100,329125.0,329189.1548037529
20180913113200,329250.0,329122.7290034294
20180913113300,329250.0,329132.52305984497
20180913113400,329125.0,329189.1548037529
20180913113500,328875.0,329122.7290034294
20180913113600,328750.0,328933.3493113518
20180913113700,328750.0,328753.8761496544
20180913113800,328750.0,328697.33041524887
20180913113900,328750.0,328697.33041524887
20180913114000,328750.0,328697.33041524887
20180913114100,328750.0,328697.33041524887
20180913114200,328500.0,328697.33041524887
20180913114300,328375.0,328564.76110219955
20180913114400,328750.0,328385.52832603455
20180913114500,328875.0,328527.7461409569
20180913114600,328750.0,328763.64374160767
20180913114700,328625.0,328753.8761496544
20180913114800,328750.0,328631.03914260864
20180913114900,328625.0,328640.7935023308
20180913115000,328875.0,328631.03914260864
20180913115100,328750.0,328707.0913910866
20180913115200,329250.0,328753.8761496544
20180913115300,329250.0,328962.68075704575
20180913115400,329250.0,329189.1548037529
20180913115500,329250.0,329189.1548037529
20180913115600,329500.0,329189.1548037529
20180913115700,329625.0,329322.050511837
20180913115800,329875.0,329501.8963813782
20180913115900,329750.0,329691.6774511337
20180913120000,329625.0,329738.57468366623
20180913120100,329875.0,329615.30101299286
20180913120200,329875.0,329691.6774511337
20180913120300,329750.0,329805.1548600197
20180913120400,329625.0,329738.57468366623
20180913120500,329750.0,329615.30101299286
20180913120600,329750.0,329625.1259446144
20180913120700,329750.0,329681.84810876846
20180913120800,329625.0,329681.84810876846
20180913120900,329750.0,329615.30101299286
20180913121000,329625.0,329625.1259446144
20180913121100,329750.0,329615.30101299286
20180913121200,329625.0,329625.1259446144
20180913121300,329875.0,329615.30101299286
20180913121400,329750.0,329691.6774511337
20180913121500,329750.0,329738.57468366623
20180913121600,329875.0,329681.84810876846
20180913121700,329750.0,329748.4150528908
20180913121800,329750.0,329738.57468366623
20180913121900,329625.0,329681.84810876846
20180913122000,329625.0,329615.30101299286
20180913122100,329625.0,329558.5942864418
20180913122200,329250.0,329558.5942864418
20180913122300,329125.0,329359.09193754196
20180913122400,329250.0,329122.7290034294
20180913122500,329125.0,329132.52305984497
20180913122600,329250.0,329122.7290034294
20180913122700,329250.0,329132.52305984497
20180913122800,329125.0,329189.1548037529
20180913122900,329250.0,329122.7290034294
20180913123000,329375.0,329132.52305984497
20180913123100,329000.0,329255.59163093567
20180913123200,328625.0,329112.932741642
20180913123300,328875.0,328744.1085577011
20180913123400,328875.0,328707.0913910866
20180913123500,328875.0,328820.2049136162
20180913123600,328750.0,328820.2049136162
20180913123700,328750.0,328753.8761496544
20180913123800,328750.0,328697.33041524887
20180913123900,328750.0,328697.33041524887
20180913124000,328750.0,328697.33041524887
20180913124100,328625.0,328697.33041524887
20180913124200,328625.0,328631.03914260864
20180913124300,328750.0,328574.51766729355
20180913124400,328875.0,328640.7935023308
20180913124500,328750.0,328763.64374160767
20180913124600,328875.0,328753.8761496544
20180913124700,328875.0,328763.64374160767
20180913124800,328750.0,328820.2049136162
20180913124900,328875.0,328753.8761496544
20180913125000,328625.0,328763.64374160767
20180913125100,328875.0,328687.56943941116
20180913125200,329250.0,328707.0913910866
20180913125300,329375.0,329019.28824186325
20180913125400,329250.0,329255.59163093567
20180913125500,329250.0,329245.79095840454
20180913125600,329250.0,329189.1548037529
20180913125700,329375.0,329189.1548037529
20180913125800,329250.0,329255.59163093567
20180913125900,329250.0,329245.79095840454
20180913130000,329250.0,329189.1548037529
20180913130100,329250.0,329189.1548037529
20180913130200,329250.0,329189.1548037529
20180913130300,329375.0,329189.1548037529
20180913130400,329125.0,329255.59163093567
20180913130500,329250.0,329179.3541312218
20180913130600,329250.0,329132.52305984497
20180913130700,329250.0,329189.1548037529
20180913130800,329250.0,329189.1548037529
20180913130900,329250.0,329189.1548037529
20180913131000,329250.0,329189.1548037529
20180913131100,329375.0,329189.1548037529
20180913131200,329375.0,329255.59163093567
20180913131300,329250.0,329312.24542856216
20180913131400,329125.0,329245.79095840454
20180913131500,328500.0,329122.7290034294
20180913131600,328625.0,328734.33434963226
20180913131700,328750.0,328518.0050134659
20180913131800,328750.0,328640.7935023308
20180913131900,328875.0,328697.33041524887
20180913132000,328625.0,328763.64374160767
20180913132100,328750.0,328687.56943941116
20180913132200,328875.0,328640.7935023308
20180913132300,329125.0,328763.64374160767
20180913132400,329375.0,328952.90875434875
20180913132500,329125.0,329198.94886016846
20180913132600,329625.0,329179.3541312218
20180913132700,329750.0,329331.8489789963
20180913132800,329875.0,329625.1259446144
20180913132900,329750.0,329748.4150528908
20180913133000,330250.0,329738.57468366623
20180913133100,330874.99999999994,329948.2085108757
20180913133200,330750.0,330508.9948773384
20180913133300,330625.0,330726.66507959366
20180913133400,330625.0,330602.9745936394
20180913133500,330375.0,330546.09805345535
20180913133600,329875.0,330412.58704662323
20180913133700,329750.0,330032.19789266586
20180913133800,329625.0,329738.57468366623
20180913133900,329750.0,329615.30101299286
20180913134000,329625.0,329625.1259446144
20180913134100,329750.0,329615.30101299286
20180913134200,329875.0,329625.1259446144
20180913134300,330500.0,329748.4150528908
20180913134400,330750.0,330138.30053806305
20180913134500,330750.0,330555.9891462326
20180913134600,330750.0,330669.76648569107
20180913134700,330750.0,330669.76648569107
20180913134800,330625.0,330669.76648569107
20180913134900,330375.0,330602.9745936394
20180913135000,330250.0,330412.58704662323
20180913135100,330375.0,330232.20747709274
20180913135200,331125.0,330242.083132267
20180913135300,331125.0,330699.45961236954
20180913135400,331249.99999999994,331041.0695075989
20180913135500,331249.99999999994,331107.962846756
20180913135600,331375.0,331164.9364233017
20180913135700,331249.99999999994,331231.85843229294
20180913135800,331249.99999999994,331221.916615963
20180913135900,331249.99999999994,331164.9364233017
20180913140000,331249.99999999994,331164.9364233017
20180913140100,331249.99999999994,331164.9364233017
20180913140200,331375.0,331164.9364233017
20180913140300,331625.00000000006,331231.85843229294
20180913140400,331375.0,331422.7686524391
20180913140500,331125.0,331402.85634994507
20180913140600,331249.99999999994,331154.99460697174
20180913140700,331500.0,331107.962846756
20180913140800,331375.0,331298.79808425903
20180913140900,331500.0,331345.8541035652
20180913141000,331625.00000000006,331355.8047413826
20180913141100,331750.0,331479.7951579094
20180913141200,331750.0,331603.83409261703
20180913141300,331750.0,331660.88485717773
20180913141400,331625.00000000006,331660.88485717773
20180913141500,331625.00000000006,331593.8614010811
20180913141600,331750.0,331536.8260741234
20180913141700,331750.0,331603.83409261703
20180913141800,331875.0,331660.88485717773
20180913141900,332125.0,331727.91934013367
20180913142000,332250.0,331919.1316962242
20180913142100,332500.0,332100.4573702812
20180913142200,332625.0,332291.8880581856
20180913142300,332875.0,332473.40339422226
20180913142400,332875.0,332665.04579782486
20180913142500,332750.0,332779.47372198105
20180913142600,332875.0,332712.209880352
20180913142700,332750.0,332722.25534915924
20180913142800,332875.0,332712.209880352
20180913142900,332625.0,332722.25534915924
20180913143000,332750.0,332644.95927095413
20180913143100,332875.0,332597.8084206581
20180913143200,332875.0,332722.25534915924
20180913143300,333125.0,332779.47372198105
20180913143400,333375.0,332914.0411019325
20180913143500,333250.0,333163.2040143013
20180913143600,333375.0,333210.4077935219
20180913143700,333375.0,333220.48634290695
20180913143800,333250.0,333277.7686715126
20180913143900,333375.0,333210.4077935219
20180913144000,333625.0,333220.48634290695
20180913144100,333875.0,333412.5433564186
20180913144200,333875.0,333662.0414853096
20180913144300,333750.0,333776.7384648323
20180913144400,333875.0,333709.27172899246
20180913144500,333750.0,333719.38556432724
20180913144600,333750.0,333709.27172899246
20180913144700,333750.0,333651.9342660904
20180913144800,333875.0,333651.9342660904
20180913144900,333625.0,333719.38556432724
20180913145000,333750.0,333641.8204307556
20180913145100,333750.0,333594.60121393204
20180913145200,333750.0,333651.9342660904
20180913145300,333750.0,333651.9342660904
20180913145400,333375.0,333651.9342660904
20180913145500,333250.0,333449.655354023
20180913145600,333375.0,333210.4077935219
20180913145700,333250.0,333220.48634290695
20180913145800,333250.0,333210.4077935219
20180913145900,333375.0,333153.13428640366
20180913150000,333125.0,333220.48634290695
20180913150100,332875.0,333143.0557370186
20180913150200,332625.0,332893.9236998558
20180913150300,332750.0,332644.95927095413
20180913150400,332875.0,332597.8084206581
20180913150500,332750.0,332722.25534915924
20180913150600,332750.0,332712.209880352
20180913150700,332625.0,332655.0069451332
20180913150800,332375.0,332587.7717733383
20180913150900,332250.0,332396.17788791656
20180913151000,332375.0,332214.71548080444
20180913151100,332375.0,332224.72566366196
20180913151200,332250.0,332281.87346458435
20180913151300,332250.0,332214.71548080444
20180913151400,332125.0,332157.5853228569
20180913151500,332375.0,332090.4538035393
20180913151600,332375.0,332167.58888959885
20180913151700,332125.0,332281.87346458435
20180913151800,332125.0,332147.5751399994
20180913151900,332250.0,332033.33908319473
20180913153000,332000.00000000006,332100.4573702812
20180913153500,332000.00000000006,332023.3355164528
20180914090000,332500.0,331909.1457724571
20180914090100,332875.0,332177.5880455971
20180914090200,333250.0,332607.84286260605
20180914090300,333250.0,332981.344640255
20180914090400,333250.0,333153.13428640366
20180914090500,333625.0,333153.13428640366
20180914090600,333875.0,333355.2345633507
20180914090700,333875.0,333662.0414853096
20180914090800,334250.0,333776.7384648323
20180914090900,334375.0,333979.20483350754
20180914091000,334500.0,334218.9375758171
20180914091100,334375.0,334343.9204096794
20180914091200,334375.0,334333.76467227936
20180914091300,333875.0,334276.34781599045
20180914091400,334125.0,334006.1831474304
20180914091500,334000.0,333911.702811718
20180914091600,333500.0,333958.946287632
20180914091700,334000.0,333631.704390049
20180914091800,333500.0,333672.14208841324
20180914091900,333500.0,333631.704390049
20180914092000,333500.0,333402.4515748024
20180914092100,333750.0,333402.4515748024
20180914092200,333375.0,333537.27036714554
20180914092300,333500.0,333449.655354023
20180914092400,333500.0,333345.14939785004
20180914092500,333500.0,333402.4515748024
20180914092600,333125.0,333402.4515748024
20180914092700,333500.0,333200.3204226494
20180914092800,333375.0,333230.5604815483
20180914092900,333125.0,333335.0598216057
20180914093000,333500.0,333143.0557370186
20180914093100,333500.0,333230.5604815483
20180914093200,333250.0,333402.4515748024
20180914093300,333250.0,333267.6857113838
20180914093400,333500.0,333153.13428640366
20180914093500,333500.0,333287.8516316414
20180914093600,333500.0,333402.4515748024
20180914093700,333250.0,333402.4515748024
20180914093800,333125.0,333267.6857113838
20180914093900,333500.0,333085.7910513878
20180914094000,333500.0,333230.5604815483
20180914094100,333500.0,333402.4515748024
20180914094200,333500.0,333402.4515748024
20180914094300,333500.0,333402.4515748024
20180914094400,333500.0,333402.4515748024
20180914094500,333250.0,333402.4515748024
20180914094600,333750.0,333267.6857113838
20180914094700,334000.0,333422.6263165474
20180914094800,334000.0,333786.8523001671
20180914094900,334000.0,333901.57574415207
20180914095000,333750.0,333901.57574415207
20180914095100,334000.0,333766.6158080101
20180914095200,333875.0,333786.8523001671
20180914095300,334000.0,333834.0913653374
20180914095400,334125.0,333844.20961141586
20180914095500,334250.0,333969.0799713135
20180914095600,334250.0,334093.9900279045
20180914095700,334375.0,334151.38483047485
20180914095800,334250.0,334218.9375758171
20180914095900,334000.0,334208.7884545326
20180914100000,333750.0,334016.3278579712
20180914100100,333750.0,333766.6158080101
20180914100200,333500.0,333651.9342660904
20180914100300,333750.0,333517.06916093826
20180914100400,333750.0,333537.27036714554
20180914100500,333875.0,333651.9342660904
20180914100600,333750.0,333719.38556432724
20180914100700,333750.0,333709.27172899246
20180914100800,333625.0,333651.9342660904
20180914100900,333625.0,333584.4962000847
20180914101000,333000.0,333527.17196941376
20180914101100,332750.0,333190.23084640503
20180914101200,332875.0,332769.42163705826
20180914101300,332625.0,332722.25534915924
20180914101400,332875.0,332644.95927095413
20180914101500,332750.0,332665.04579782486
20180914101600,332625.0,332712.209880352
20180914101700,332625.0,332587.7717733383
20180914101800,332625.0,332530.5886864662
20180914101900,332500.0,332530.5886864662
20180914102000,332250.0,332463.37336301804
20180914102100,332125.0,332271.85225486755
20180914102200,331750.0,332090.4538035393
20180914102300,331249.99999999994,331832.07243680954
20180914102400,331000.0,331392.89247989655
20180914102500,330625.0,331031.1387181282
20180914102600,330750.0,330716.749727726
20180914102700,330625.0,330612.8723025322
20180914102800,330625.0,330602.9745936394
20180914102900,330625.0,330546.09805345535
20180914103000,330625.0,330546.09805345535
20180914103100,330500.0,330546.09805345535
20180914103200,330125.0,330479.3348312378
20180914103300,330250.0,330222.32961654663
20180914103400,330125.0,330118.58892440796
20180914103500,330125.0,330108.724296093
20180914103600,330125.0,330051.9315600395
20180914103700,330250.0,330051.9315600395
20180914103800,330125.0,330118.58892440796
20180914103900,330250.0,330108.724296093
20180914104000,330250.0,330118.58892440796
20180914104100,330250.0,330175.39489269257
20180914104200,330125.0,330175.39489269257
20180914104300,330125.0,330108.724296093
20180914104400,329875.0,330051.9315600395
20180914104500,329625.0,329918.6609387398
20180914104600,329625.0,329672.0121502876
20180914104700,329625.0,329558.5942864418
20180914104800,329750.0,329558.5942864418
20180914104900,329750.0,329625.1259446144
20180914105000,329625.0,329681.84810876846
20180914105100,329625.0,329615.30101299286
20180914105200,329625.0,329558.5942864418
20180914105300,329750.0,329558.5942864418
20180914105400,329750.0,329625.1259446144
20180914105500,329750.0,329681.84810876846
20180914105600,329625.0,329681.84810876846
20180914105700,329750.0,329615.30101299286
20180914105800,329750.0,329625.1259446144
20180914105900,329875.0,329681.84810876846
20180914110000,329625.0,329748.4150528908
20180914110100,329625.0,329672.0121502876
20180914110200,329625.0,329558.5942864418
20180914110300,329750.0,329558.5942864418
20180914110400,329625.0,329625.1259446144
20180914110500,330000.0,329615.30101299286
20180914110600,330125.0,329758.2466006279
20180914110700,330125.0,329995.1410293579
20180914110800,330500.0,330051.9315600395
20180914110900,330750.0,330251.9499659538
20180914111000,330625.0,330555.9891462326
20180914111100,330750.0,330602.9745936394
20180914111200,330625.0,330612.8723025322
20180914111300,330625.0,330602.9745936394
20180914111400,330750.0,330546.09805345535
20180914111500,330874.99999999994,330612.8723025322
20180914111600,331500.0,330736.5716099739
20180914111700,332250.0,331127.82222032547
20180914111800,331875.0,331814.9190545082
20180914111900,331750.0,331956.23487234116
20180914112000,331249.99999999994,331717.942237854
20180914112100,331125.0,331392.89247989655
20180914112200,331375.0,331098.0276465416
20180914112300,330874.99999999994,331174.87382888794
20180914112400,330874.99999999994,331021.20131254196
20180914112500,331125.0,330793.4856414795
20180914112600,331375.0,330927.17307806015
20180914112700,331249.99999999994,331174.87382888794
20180914112800,331625.00000000006,331221.916615963
20180914112900,331750.0,331365.75096845627
20180914113000,331625.00000000006,331603.83409261703
20180914113100,331249.99999999994,331593.8614010811
20180914113200,331125.0,331335.8946442604
20180914113300,331375.0,331098.0276465416
20180914113400,331625.00000000006,331174.87382888794
20180914113500,331625.00000000006,331422.7686524391
20180914113600,331000.0,331536.8260741234
20180914113700,330625.0,331202.0153403282
20180914113800,330750.0,330716.749727726
20180914113900,330750.0,330612.8723025322
20180914114000,330750.0,330669.76648569107
20180914114100,330750.0,330669.76648569107
20180914114200,330874.99999999994,330669.76648569107
20180914114300,330750.0,330736.5716099739
20180914114400,330750.0,330726.66507959366
20180914114500,330750.0,330669.76648569107
20180914114600,330625.0,330669.76648569107
20180914114700,330625.0,330602.9745936394
20180914114800,330750.0,330546.09805345535
20180914114900,330625.0,330612.8723025322
20180914115000,330750.0,330602.9745936394
20180914115100,330625.0,330612.8723025322
20180914115200,330625.0,330602.9745936394
20180914115300,330625.0,330546.09805345535
20180914115400,331000.0,330546.09805345535
20180914115500,331375.0,330746.47814035416
20180914115600,331000.0,331117.8958415985
20180914115700,330750.0,331088.09024095535
20180914115800,330750.0,330783.56808423996
20180914115900,330750.0,330669.76648569107
20180914120000,330625.0,330669.76648569107
20180914120100,330625.0,330602.9745936394
20180914120200,331000.0,330546.09805345535
20180914120300,331375.0,330746.47814035416
20180914120400,331000.0,331117.8958415985
20180914120500,331000.0,331088.09024095535
20180914120600,330750.0,330917.25331544876
20180914120700,330750.0,330783.56808423996
20180914120800,330625.0,330669.76648569107
20180914120900,330500.0,330602.9745936394
20180914121000,330750.0,330479.3348312378
20180914121100,330874.99999999994,330555.9891462326
20180914121200,330750.0,330736.5716099739
20180914121300,330750.0,330726.66507959366
20180914121400,331000.0,330669.76648569107
20180914121500,330874.99999999994,330803.39217185974
20180914121600,330750.0,330850.40628910065
20180914121700,330750.0,330726.66507959366
20180914121800,330750.0,330669.76648569107
20180914121900,330625.0,330669.76648569107
20180914122000,330750.0,330602.9745936394
20180914122100,330625.0,330612.8723025322
20180914122200,330625.0,330602.9745936394
20180914122300,330625.0,330546.09805345535
20180914122400,330874.99999999994,330546.09805345535
20180914122500,330625.0,330679.6686053276
20180914122600,330750.0,330659.85774993896
20180914122700,330750.0,330612.8723025322
20180914122800,330874.99999999994,330669.76648569107
20180914122900,331000.0,330736.5716099739
20180914123000,330874.99999999994,330860.31943559647
20180914123100,330625.0,330850.40628910065
20180914123200,330750.0,330659.85774993896
20180914123300,330625.0,330612.8723025322
20180914123400,330000.0,330602.9745936394
20180914123500,328875.0,330212.44955062866
20180914123600,328500.0,329329.6237587929
20180914123700,328500.0,328621.2803721428
20180914123800,328625.0,328451.7578482628
20180914123900,328750.0,328518.0050134659
20180914124000,328625.0,328640.7935023308
20180914124100,328750.0,328631.03914260864
20180914124200,328750.0,328640.7935023308
20180914124300,328750.0,328697.33041524887
20180914124400,328750.0,328697.33041524887
20180914124500,328625.0,328697.33041524887
20180914124600,328750.0,328631.03914260864
20180914124700,328875.0,328640.7935023308
20180914124800,328750.0,328763.64374160767
20180914124900,328625.0,328753.8761496544
20180914125000,328625.0,328631.03914260864
20180914125100,328500.0,328574.51766729355
20180914125200,328375.0,328508.2572698593
20180914125300,328625.0,328385.52832603455
20180914125400,328875.0,328461.50118112564
20180914125500,328750.0,328707.0913910866
20180914125600,328500.0,328753.8761496544
20180914125700,328375.0,328564.76110219955
20180914125800,328250.0,328385.52832603455
20180914125900,328625.0,328262.8633379936
20180914130000,328375.0,328405.0017595291
20180914130100,328750.0,328442.0167207718
20180914130200,328625.0,328527.7461409569
20180914130300,328500.0,328631.03914260864
20180914130400,328375.0,328508.2572698593
20180914130500,328625.0,328385.52832603455
20180914130600,328625.0,328461.50118112564
20180914130700,328625.0,328574.51766729355
20180914130800,328875.0,328574.51766729355
20180914130900,328750.0,328707.0913910866
20180914131000,328625.0,328753.8761496544
20180914131100,328750.0,328631.03914260864
20180914131200,328750.0,328640.7935023308
20180914131300,328750.0,328697.33041524887
20180914131400,328625.0,328697.33041524887
20180914131500,328625.0,328631.03914260864
20180914131600,328750.0,328574.51766729355
20180914131700,328625.0,328640.7935023308
20180914131800,328750.0,328631.03914260864
20180914131900,328750.0,328640.7935023308
20180914132000,328750.0,328697.33041524887
20180914132100,328750.0,328697.33041524887
20180914132200,328750.0,328697.33041524887
20180914132300,328500.0,328697.33041524887
20180914132400,328750.0,328564.76110219955
20180914132500,328750.0,328584.2654109001
20180914132600,328625.0,328697.33041524887
20180914132700,328875.0,328631.03914260864
20180914132800,328625.0,328707.0913910866
20180914132900,328625.0,328687.56943941116
20180914133000,328250.0,328574.51766729355
20180914133100,328250.0,328375.78719854355
20180914133200,328250.0,328206.41243457794
20180914133300,328250.0,328206.41243457794
20180914133400,328250.0,328206.41243457794
20180914133500,328375.0,328206.41243457794
20180914133600,328625.0,328272.5912332535
20180914133700,328750.0,328461.50118112564
20180914133800,328625.0,328640.7935023308
20180914133900,328875.0,328631.03914260864
20180914134000,328625.0,328707.0913910866
20180914134100,328625.0,328687.56943941116
20180914134200,328625.0,328574.51766729355
20180914134300,328625.0,328574.51766729355
20180914134400,328750.0,328574.51766729355
20180914134500,328625.0,328640.7935023308
20180914134600,328750.0,328631.03914260864
20180914134700,328750.0,328640.7935023308
20180914134800,328750.0,328697.33041524887
20180914134900,328625.0,328697.33041524887
20180914135000,328625.0,328631.03914260864
20180914135100,328750.0,328574.51766729355
20180914135200,328625.0,328640.7935023308
20180914135300,328875.0,328631.03914260864
20180914135400,328750.0,328707.0913910866
20180914135500,328500.0,328753.8761496544
20180914135600,328125.0,328564.76110219955
20180914135700,328250.0,328253.1288266182
20180914135800,328125.0,328149.9703526497
20180914135900,328375.0,328140.2490735054
20180914140000,328375.0,328216.1337137222
20180914140100,328625.0,328329.05757427216
20180914140200,328750.0,328461.50118112564
20180914140300,328750.0,328640.7935023308
20180914140400,328875.0,328697.33041524887
20180914140500,328625.0,328763.64374160767
20180914140600,328875.0,328687.56943941116
20180914140700,328875.0,328707.0913910866
20180914140800,328625.0,328820.2049136162
20180914140900,328750.0,328687.56943941116
20180914141000,328750.0,328640.7935023308
20180914141100,328750.0,328697.33041524887
20180914141200,328750.0,328697.33041524887
20180914141300,328750.0,328697.33041524887
20180914141400,328625.0,328697.33041524887
20180914141500,328750.0,328631.03914260864
20180914141600,328625.0,328640.7935023308
20180914141700,328625.0,328631.03914260864
20180914141800,328625.0,328574.51766729355
20180914141900,328750.0,328574.51766729355
20180914142000,328750.0,328640.7935023308
20180914142100,328625.0,328697.33041524887
20180914142200,328875.0,328631.03914260864
20180914142300,328875.0,328707.0913910866
20180914142400,328875.0,328820.2049136162
20180914142500,328625.0,328820.2049136162
20180914142600,328875.0,328687.56943941116
20180914142700,328875.0,328707.0913910866
20180914142800,328750.0,328820.2049136162
20180914142900,328625.0,328753.8761496544
20180914143000,328250.0,328631.03914260864
20180914143100,328375.0,328375.78719854355
20180914143200,328625.0,328272.5912332535
20180914143300,328750.0,328461.50118112564
20180914143400,328500.0,328640.7935023308
20180914143500,328375.0,328564.76110219955
20180914143600,328375.0,328385.52832603455
20180914143700,328375.0,328329.05757427216
20180914143800,328250.0,328329.05757427216
20180914143900,328250.0,328262.8633379936
20180914144000,328125.0,328206.41243457794
20180914144100,328250.0,328140.2490735054
20180914144200,328125.0,328149.9703526497
20180914144300,328250.0,328140.2490735054
20180914144400,328250.0,328149.9703526497
20180914144500,328250.0,328206.41243457794
20180914144600,328750.0,328206.41243457794
20180914144700,328500.0,328471.2334871292
20180914144800,328375.0,328564.76110219955
20180914144900,328250.0,328385.52832603455
20180914145000,327875.0,328262.8633379936
20180914145100,327625.0,328007.9841017723
20180914145200,327625.0,327706.7258954048
20180914145300,327625.0,327594.062268734
20180914145400,327625.0,327594.062268734
20180914145500,327750.0,327594.062268734
20180914145600,327375.00000000006,327660.07566452026
20180914145700,327250.0,327518.39596033096
20180914145800,327625.0,327283.62089395523
20180914145900,327375.00000000006,327425.14181137085
20180914150000,327500.0,327462.10384368896
20180914150100,328000.0,327415.4844880104
20180914150200,328500.0,327735.78387498856
20180914150300,328500.0,328225.85278749466
20180914150400,328500.0,328451.7578482628
20180914150500,328500.0,328451.7578482628
20180914150600,328750.0,328451.7578482628
20180914150700,329000.0,328584.2654109001
20180914150800,329000.0,328829.97250556946
20180914150900,328875.0,328943.13234090805
20180914151000,328750.0,328876.77270174026
20180914151100,328750.0,328753.8761496544
20180914151200,328875.0,328697.33041524887
20180914151300,328625.0,328763.64374160767
20180914151400,328250.0,328687.56943941116
20180914151500,328375.0,328375.78719854355
20180914151600,328500.0,328272.5912332535
20180914151700,328375.0,328395.26945352554
20180914151800,328500.0,328385.52832603455
20180914151900,328250.0,328395.26945352554
20180914153000,327500.0,328319.3208575249
20180914153500,327500.0,327809.7211718559
20180917090000,327500.0,327471.77439928055
20180917090100,327250.0,327471.77439928055
20180917090200,327125.0,327339.8777246475
20180917090300,326500.0,327161.48298978806
20180917090400,326249.99999999994,326776.19791030884
20180917090500,326500.0,326364.31163549423
20180917090700,326500.0,326383.4807276726
20180917090800,326750.0,326495.6349134445
20180917090900,327000.00000000006,326627.03758478165
20180917091000,327250.0,326870.8458542824
20180917091100,327375.00000000006,327114.89671468735
20180917091200,327250.0,327293.2760119438
20180917091300,327000.00000000006,327283.62089395523
20180917091600,327750.0,327095.61735391617
20180917091700,328000.0,327378.50481271744
20180917091800,327500.0,327848.5224843025
20180917091900,327500.0,327697.0354914665
20180917092000,328000.0,327471.77439928055
20180917092100,327500.0,327735.78387498856
20180917092200,327625.0,327697.0354914665
20180917092300,327500.0,327537.7480983734
20180917092400,327500.0,327528.0731320381
20180917092500,327500.0,327471.77439928055
20180917092600,327500.0,327471.77439928055
20180917092700,327500.0,327471.77439928055
20180917092800,327500.0,327471.77439928055
20180917092900,327000.00000000006,327471.77439928055
20180917093000,327500.0,327208.0626487732
20180917093100,327500.0,327246.6654777527
20180917093200,327250.0,327471.77439928055
20180917093300,327250.0,327339.8777246475
20180917093400,327125.0,327227.3706793785
20180917093500,327250.0,327161.48298978806
20180917093600,327000.00000000006,327171.1292862892
20180917093700,327500.0,327095.61735391617
20180917093800,327250.0,327246.6654777527
20180917093900,327125.0,327339.8777246475
20180917094000,327000.00000000006,327161.48298978806
20180917094100,327250.0,327039.4090414047
20180917094200,327500.0,327114.89671468735
20180917094300,327000.00000000006,327359.198987484
20180917094400,327000.00000000006,327208.0626487732
20180917094500,327000.00000000006,326983.21175575256
20180917094600,327125.0,326983.21175575256
20180917094700,327000.00000000006,327049.0443110466
20180917094800,327500.0,327039.4090414047
20180917094900,327500.0,327246.6654777527
20180917095000,327500.0,327471.77439928055
20180917095200,327500.0,327471.77439928055
20180917095300,327500.0,327471.77439928055
20180917095400,327500.0,327471.77439928055
20180917095500,327250.0,327471.77439928055
20180917095600,327500.0,327339.8777246475
20180917095700,327250.0,327359.198987484
20180917095900,327250.0,327339.8777246475
20180917100000,327250.0,327227.3706793785
20180917100100,327500.0,327227.3706793785
20180917100200,327250.0,327359.198987484
20180917100300,327500.0,327339.8777246475
20180917100400,327500.0,327359.198987484
20180917100500,327500.0,327471.77439928055
20180917100600,327250.0,327471.77439928055
20180917100700,327500.0,327339.8777246475
20180917100800,327250.0,327359.198987484
20180917100900,327500.0,327339.8777246475
20180917101000,327375.00000000006,327359.198987484
20180917101100,327500.0,327405.8205485344
20180917101200,327250.0,327415.4844880104
20180917101300,327500.0,327339.8777246475
20180917101400,327500.0,327359.198987484
20180917101500,327500.0,327471.77439928055
20180917101600,327500.0,327471.77439928055
20180917101700,327500.0,327471.77439928055
20180917101800,327250.0,327471.77439928055
20180917101900,327250.0,327339.8777246475
20180917102000,327500.0,327227.3706793785
20180917102100,327250.0,327359.198987484
20180917102200,327500.0,327339.8777246475
20180917102300,327500.0,327359.198987484
20180917102400,327250.0,327471.77439928055
20180917102500,327500.0,327339.8777246475
20180917102600,327500.0,327359.198987484
20180917102800,327125.0,327471.77439928055
20180917102900,327250.0,327273.96136522293
20180917103000,327000.00000000006,327171.1292862892
20180917103100,326750.0,327095.61735391617
20180917103200,326750.0,326851.59957408905
20180917103300,327000.00000000006,326739.2976284027
20180917103400,326750.0,326870.8458542824
20180917103500,327000.00000000006,326851.59957408905
20180917103600,327000.00000000006,326870.8458542824
20180917103700,326875.0,326983.21175575256
20180917103800,327000.00000000006,326917.3968434334
20180917103900,326750.0,326927.021086216
20180917104000,327000.00000000006,326851.59957408905
20180917104100,326750.0,326870.8458542824
20180917104300,327000.00000000006,326851.59957408905
20180917104400,326624.99999999994,326870.8458542824
20180917104500,327000.00000000006,326785.8243584633
20180917104600,327000.00000000006,326814.6750330925
20180917104700,326750.0,326983.21175575256
20180917104800,327000.00000000006,326851.59957408905
20180917104900,327000.00000000006,326870.8458542824
20180917105000,326750.0,326983.21175575256
20180917105100,326624.99999999994,326851.59957408905
20180917105200,327000.00000000006,326673.55328798294
20180917105300,326750.0,326814.6750330925
20180917105400,326624.99999999994,326851.59957408905
20180917105500,326500.0,326673.55328798294
20180917105600,326249.99999999994,326551.7285466194
20180917105700,326249.99999999994,326364.31163549423
20180917105800,326125.0,326252.223610878
20180917105900,326000.0,326186.62482500076
20180917110000,325750.0,326065.0514960289
20180917110100,325625.0,325878.0392706394
20180917110200,325625.0,325700.7240653038
20180917110300,325500.0,325644.82229948044
20180917110400,325375.0,325579.4098675251
20180917110500,325375.0,325458.16403627396
20180917110600,325250.0,325402.31850743294
20180917110700,325500.0,325336.98216080666
20180917110800,325500.0,325411.8258655071
20180917110900,325500.0,325523.5378742218
20180917111000,325375.0,325523.5378742218
20180917111100,325500.0,325458.16403627396
20180917111200,325250.0,325467.67580509186
20180917111300,325375.0,325392.80784130096
20180917111400,325375.0,325346.48510813713
20180917111500,325250.0,325402.31850743294
20180917111600,325125.0,325336.98216080666
20180917111700,325250.0,325215.867549181
20180917111800,325500.0,325225.36167502403
20180917111900,325250.0,325411.8258655071
20180917112000,325250.0,325392.80784130096
20180917112100,325500.0,325281.1664044857
20180917112200,325500.0,325411.8258655071
20180917112300,325250.0,325523.5378742218
20180917112400,325375.0,325392.80784130096
20180917112500,325500.0,325346.48510813713
20180917112600,325375.0,325467.67580509186
20180917112700,325250.0,325458.16403627396
20180917112800,325500.0,325336.98216080666
20180917112900,325250.0,325411.8258655071
20180917113000,325500.0,325392.80784130096
20180917113100,325500.0,325411.8258655071
20180917113200,325000.0,325523.5378742218
20180917113300,325500.0,325262.1627151966
20180917113400,325250.0,325300.1579642296
20180917113500,325500.0,325392.80784130096
20180917113600,325375.0,325411.8258655071
20180917113700,325500.0,325458.16403627396
20180917113800,325500.0,325467.67580509186
20180917113900,325250.0,325523.5378742218
20180917114000,325500.0,325392.80784130096
20180917114100,325500.0,325411.8258655071
20180917114200,325375.0,325523.5378742218
20180917114300,325250.0,325458.16403627396
20180917114400,325375.0,325336.98216080666
20180917114500,325250.0,325346.48510813713
20180917114600,325250.0,325336.98216080666
20180917114700,325250.0,325281.1664044857
20180917114800,325500.0,325281.1664044857
20180917114900,325250.0,325411.8258655071
20180917115000,325500.0,325392.80784130096
20180917115100,325250.0,325411.8258655071
20180917115200,325250.0,325392.80784130096
20180917115300,325250.0,325281.1664044857
20180917115400,325250.0,325281.1664044857
20180917115500,325250.0,325281.1664044857
20180917115600,325250.0,325281.1664044857
20180917115700,325375.0,325281.1664044857
20180917115800,325125.0,325346.48510813713
20180917115900,325250.0,325271.666765213
20180917120000,325250.0,325225.36167502403
20180917120100,325250.0,325281.1664044857
20180917120200,325125.0,325281.1664044857
20180917120300,325125.0,325215.867549181
20180917120400,324750.0,325160.0815653801
20180917120500,324500.0,324964.3658399582
20180917120600,324750.0,324666.96813702583
20180917120700,324750.0,324685.86707115173
20180917120800,324500.0,324797.2328364849
20180917120900,324750.0,324666.96813702583
20180917121000,324875.0,324685.86707115173
20180917121100,324750.0,324862.39606142044
20180917121200,325000.0,324852.93170809746
20180917121300,325000.0,324927.5835454464
20180917121400,324750.0,325039.0639901161
20180917121500,324750.0,324908.6427092552
20180917121600,324750.0,324797.2328364849
20180917121700,325000.0,324797.2328364849
20180917121800,324875.0,324927.5835454464
20180917121900,324750.0,324973.8423228264
20180917122000,325000.0,324852.93170809746
20180917122100,324750.0,324927.5835454464
20180917122200,324750.0,324908.6427092552
20180917122300,324500.0,324797.2328364849
20180917122400,324750.0,324666.96813702583
20180917122500,325000.0,324685.86707115173
20180917122600,325000.0,324927.5835454464
20180917122700,324750.0,325039.0639901161
20180917122800,324750.0,324908.6427092552
20180917122900,325000.0,324797.2328364849
20180917123000,324750.0,324927.5835454464
20180917123100,324750.0,324908.6427092552
20180917123200,325000.0,324797.2328364849
20180917123300,324875.0,324927.5835454464
20180917123400,324875.0,324973.8423228264
20180917123500,324875.0,324918.1136786938
20180917123600,325000.0,324918.1136786938
20180917123700,324875.0,324983.3188056946
20180917123800,325000.0,324973.8423228264
20180917123900,324625.0,324983.3188056946
20180917124000,324750.0,324843.4651494026
20180917124100,324750.0,324741.5438890457
20180917124200,324875.0,324797.2328364849
20180917124300,325000.0,324862.39606142044
20180917124400,324875.0,324983.3188056946
20180917124500,324875.0,324973.8423228264
20180917124600,325000.0,324918.1136786938
20180917124700,324875.0,324983.3188056946
20180917124800,324625.0,324973.8423228264
20180917124900,324625.0,324787.7706885338
20180917125000,324625.0,324676.4170527458
20180917125100,324750.0,324676.4170527458
20180917125200,324625.0,324741.5438890457
20180917125300,324625.0,324732.0894598961
20180917125400,324625.0,324676.4170527458
20180917125500,324750.0,324676.4170527458
20180917125600,324750.0,324741.5438890457
20180917125700,324750.0,324797.2328364849
20180917125800,324625.0,324797.2328364849
20180917125900,324750.0,324732.0894598961
20180917130000,324625.0,324741.5438890457
20180917130100,324625.0,324732.0894598961
20180917130200,324625.0,324676.4170527458
20180917130300,324625.0,324676.4170527458
20180917130400,324625.0,324676.4170527458
20180917130500,324625.0,324676.4170527458
20180917130600,324625.0,324676.4170527458
20180917130700,324625.0,324676.4170527458
20180917130800,324625.0,324676.4170527458
20180917130900,324625.0,324676.4170527458
20180917131000,324625.0,324676.4170527458
20180917131100,324625.0,324676.4170527458
20180917131200,324625.0,324676.4170527458
20180917131300,324750.0,324676.4170527458
20180917131400,324750.0,324741.5438890457
20180917131500,324625.0,324797.2328364849
20180917131600,324750.0,324732.0894598961
20180917131700,324750.0,324741.5438890457
20180917131800,324750.0,324797.2328364849
20180917131900,324750.0,324797.2328364849
20180917132000,324750.0,324797.2328364849
20180917132100,324750.0,324797.2328364849
20180917132200,324625.0,324797.2328364849
20180917132300,324875.0,324732.0894598961
20180917132400,324750.0,324806.6927790642
20180917132500,324875.0,324852.93170809746
20180917132600,324750.0,324862.39606142044
20180917132700,324750.0,324852.93170809746
20180917132800,324500.0,324797.2328364849
20180917132900,324625.0,324666.96813702583
20180917133000,324750.0,324620.7578778267
20180917133100,324750.0,324741.5438890457
20180917133200,324625.0,324797.2328364849
20180917133300,324750.0,324732.0894598961
20180917133400,324625.0,324741.5438890457
20180917133500,324750.0,324732.0894598961
20180917133600,324875.0,324741.5438890457
20180917133700,324750.0,324862.39606142044
20180917133800,324750.0,324852.93170809746
20180917133900,324875.0,324797.2328364849
20180917134000,324750.0,324862.39606142044
20180917134100,324750.0,324852.93170809746
20180917134200,324750.0,324797.2328364849
20180917134300,324750.0,324797.2328364849
20180917134400,324750.0,324797.2328364849
20180917134500,324625.0,324797.2328364849
20180917134600,324625.0,324732.0894598961
20180917134700,324750.0,324676.4170527458
20180917134800,324875.0,324741.5438890457
20180917134900,324875.0,324862.39606142044
20180917135000,324750.0,324918.1136786938
20180917135100,324625.0,324852.93170809746
20180917135200,324625.0,324732.0894598961
20180917135300,324625.0,324676.4170527458
20180917135400,324750.0,324676.4170527458
20180917135500,324750.0,324741.5438890457
20180917135600,324625.0,324797.2328364849
20180917135700,324625.0,324732.0894598961
20180917135800,324625.0,324676.4170527458
20180917135900,324625.0,324676.4170527458
20180917140000,324750.0,324676.4170527458
20180917140100,324750.0,324741.5438890457
20180917140200,324625.0,324797.2328364849
20180917140300,324625.0,324732.0894598961
20180917140400,324750.0,324676.4170527458
20180917140500,324250.0,324741.5438890457
20180917140600,324125.0,324536.7872416973
20180917140700,324250.0,324249.40744042397
20180917140800,324250.0,324258.8232755661
20180917140900,324125.0,324314.3920302391
20180917141000,324125.0,324249.40744042397
20180917141100,324375.0,324193.85743141174
20180917141200,324250.0,324323.81227612495
20180917141300,324250.0,324369.97401714325
20180917141400,324375.0,324314.3920302391
20180917141500,324250.0,324379.39977645874
20180917141600,324250.0,324369.97401714325
20180917141700,324250.0,324314.3920302391
20180917141800,324375.0,324314.3920302391
20180917141900,324250.0,324379.39977645874
20180917142000,324250.0,324369.97401714325
20180917142100,324125.0,324314.3920302391
20180917142200,324375.0,324249.40744042397
20180917142300,324375.0,324323.81227612495
20180917142400,324250.0,324434.9972009659
20180917142500,324250.0,324369.97401714325
20180917142600,324250.0,324314.3920302391
20180917142700,324375.0,324314.3920302391
20180917142800,324375.0,324379.39977645874
20180917142900,324375.0,324434.9972009659
20180917143000,324375.0,324434.9972009659
20180917143100,324250.0,324434.9972009659
20180917143200,324375.0,324369.97401714325
20180917143300,324250.0,324379.39977645874
20180917143400,324375.0,324369.97401714325
20180917143500,324250.0,324379.39977645874
20180917143600,324375.0,324369.97401714325
20180917143700,324375.0,324379.39977645874
20180917143800,324250.0,324434.9972009659
20180917143900,324250.0,324369.97401714325
20180917144000,324250.0,324314.3920302391
20180917144100,324375.0,324314.3920302391
20180917144200,324250.0,324379.39977645874
20180917144300,324250.0,324369.97401714325
20180917144400,324625.0,324314.3920302391
20180917144500,324750.0,324509.4781219959
20180917144600,325250.0,324741.5438890457
20180917144700,325250.0,325058.01475048065
20180917144800,325250.0,325281.1664044857
20180917144900,325125.0,325281.1664044857
20180917145000,325250.0,325215.867549181
20180917145100,325125.0,325225.36167502403
20180917145200,325375.0,325215.867549181
20180917145300,325250.0,325290.6627357006
20180917145400,325250.0,325336.98216080666
20180917145500,325125.0,325281.1664044857
20180917145600,325500.0,325215.867549181
20180917145700,325750.0,325355.98585009575
20180917145800,325875.0,325654.3450951576
20180917145900,325625.0,325831.6437602043
20180917150000,325875.0,325756.63244724274
20180917150100,325875.0,325775.7089138031
20180917150200,325875.0,325887.58742809296
20180917150300,325875.0,325887.58742809296
20180917150400,325750.0,325887.58742809296
20180917150500,326249.99999999994,325822.1000134945
20180917150600,326375.0,326028.17326784134
20180917150700,326375.0,326317.8422451019
20180917150800,326375.0,326373.8961815834
20180917150900,326624.99999999994,326373.8961815834
20180917151000,326875.0,326505.22607564926
20180917151100,326875.0,326748.90863895416
20180917151200,326875.0,326861.2216114998
20180917151300,327125.0,326861.2216114998
20180917151400,327375.00000000006,326992.8426146507
20180917151500,327375.00000000006,327237.01697587967
20180917151600,327250.0,327349.5394587517
20180917151700,327125.0,327283.62089395523
20180917151800,327500.0,327161.48298978806
20180917151900,327250.0,327302.9267191887
20180917153000,327500.0,327339.8777246475
20180917153500,327500.0,327359.198987484
20180918090000,326375.0,327471.77439928055
20180918090100,327875.0,326878.85135412216
20180918090200,326249.99999999994,327163.0399823189
20180918090300,325000.0,326981.51582479477
20180918090400,325375.0,325597.1421599388
20180918090500,325125.0,325234.8524928093
20180918090600,325250.0,325271.666765213
20180918090700,325500.0,325225.36167502403
20180918090800,325500.0,325411.8258655071
20180918090900,325250.0,325523.5378742218
20180918091000,325250.0,325392.80784130096
20180918091100,325250.0,325281.1664044857
20180918091200,325250.0,325281.1664044857
20180918091300,325250.0,325281.1664044857
20180918091400,325250.0,325281.1664044857
20180918091500,325125.0,325281.1664044857
20180918091600,325250.0,325215.867549181
20180918091700,325375.0,325225.36167502403
20180918091800,325375.0,325346.48510813713
20180918091900,325250.0,325402.31850743294
20180918092000,325250.0,325336.98216080666
20180918092100,325250.0,325281.1664044857
20180918092200,325125.0,325281.1664044857
20180918092300,325375.0,325215.867549181
20180918092400,325250.0,325290.6627357006
20180918092500,325250.0,325336.98216080666
20180918092600,325375.0,325281.1664044857
20180918092700,325250.0,325346.48510813713
20180918092800,325250.0,325336.98216080666
20180918092900,325250.0,325281.1664044857
20180918093000,325625.0,325281.1664044857
20180918093100,325750.0,325477.184265852
20180918093200,325625.0,325710.2545797825
20180918093300,325750.0,325700.7240653038
20180918093400,325750.0,325710.2545797825
20180918093500,325750.0,325766.1728858948
20180918093600,325750.0,325766.1728858948
20180918093700,325750.0,325766.1728858948
20180918093800,325875.0,325766.1728858948
20180918093900,326125.0,325831.6437602043
20180918094000,326249.99999999994,326018.6240077019
20180918094100,326624.99999999994,326196.19503617287
20180918094200,327000.00000000006,326449.1368532181
20180918094300,326500.0,326814.6750330925
20180918094400,326500.0,326720.0645804405
20180918094500,326624.99999999994,326495.6349134445
20180918094600,326624.99999999994,326561.3263249397
20180918094700,326624.99999999994,326617.4353957176
20180918094800,326500.0,326617.4353957176
20180918094900,326750.0,326551.7285466194
20180918095000,326500.0,326627.03758478165
20180918095100,326750.0,326607.8287959099
20180918095200,326500.0,326627.03758478165
20180918095300,326624.99999999994,326607.8287959099
20180918095400,326000.0,326561.3263249397
20180918095500,325625.0,326289.08970952034
20180918095600,325750.0,325812.55626678467
20180918095700,325625.0,325710.2545797825
20180918095800,325625.0,325700.7240653038
20180918095900,325750.0,325644.82229948044
20180918100000,325875.0,325710.2545797825
20180918100100,325625.0,325831.6437602043
20180918100200,325750.0,325756.63244724274
20180918100300,325750.0,325710.2545797825
20180918100400,325875.0,325766.1728858948
20180918100500,325875.0,325831.6437602043
20180918100600,325750.0,325887.58742809296
20180918100700,325750.0,325822.1000134945
20180918100800,325875.0,325766.1728858948
20180918100900,325750.0,325831.6437602043
20180918101000,326750.0,325822.1000134945
20180918101100,327500.0,326290.49453139305
20180918101200,327500.0,327134.1672539711
20180918101300,327125.0,327471.77439928055
20180918101400,327250.0,327273.96136522293
20180918101500,327000.00000000006,327171.1292862892
20180918101600,327125.0,327095.61735391617
20180918101700,327000.00000000006,327049.0443110466
20180918101800,327000.00000000006,327039.4090414047
20180918101900,327250.0,326983.21175575256
20180918102000,327250.0,327114.89671468735
20180918102100,327000.00000000006,327227.3706793785
20180918102200,327125.0,327095.61735391617
20180918102300,327250.0,327049.0443110466
20180918102400,327125.0,327171.1292862892
20180918102500,327000.00000000006,327161.48298978806
20180918102600,327000.00000000006,327039.4090414047
20180918102700,327125.0,326983.21175575256
20180918102800,327125.0,327049.0443110466
20180918102900,327000.00000000006,327105.2592396736
20180918103000,326500.0,327039.4090414047
20180918103100,326750.0,326720.0645804405
20180918103200,326624.99999999994,326627.03758478165
20180918103300,326624.99999999994,326673.55328798294
20180918103400,326500.0,326617.4353957176
20180918103500,326624.99999999994,326551.7285466194
20180918103600,326750.0,326561.3263249397
20180918103700,326500.0,326683.1642985344
20180918103800,326750.0,326607.8287959099
20180918103900,326624.99999999994,326627.03758478165
20180918104000,326750.0,326673.55328798294
20180918104100,326624.99999999994,326683.1642985344
20180918104200,326750.0,326673.55328798294
20180918104300,326750.0,326683.1642985344
20180918104400,326750.0,326739.2976284027
20180918104500,326750.0,326739.2976284027
20180918104600,326624.99999999994,326739.2976284027
20180918104700,326624.99999999994,326673.55328798294
20180918104800,326750.0,326617.4353957176
20180918104900,326624.99999999994,326683.1642985344
20180918105000,326624.99999999994,326673.55328798294
20180918105100,326500.0,326617.4353957176
20180918105200,326624.99999999994,326551.7285466194
20180918105300,326750.0,326561.3263249397
20180918105400,326750.0,326683.1642985344
20180918105500,326500.0,326739.2976284027
20180918105600,326500.0,326607.8287959099
20180918105700,326750.0,326495.6349134445
20180918105800,326750.0,326627.03758478165
20180918105900,326500.0,326739.2976284027
20180918110000,326500.0,326607.8287959099
20180918110100,326750.0,326495.6349134445
20180918110200,326500.0,326627.03758478165
20180918110300,326500.0,326607.8287959099
20180918110400,326500.0,326495.6349134445
20180918110500,326750.0,326495.6349134445
20180918110600,326624.99999999994,326627.03758478165
20180918110700,326500.0,326673.55328798294
20180918110800,326500.0,326551.7285466194
20180918110900,326750.0,326495.6349134445
20180918111000,326750.0,326627.03758478165
20180918111100,326624.99999999994,326739.2976284027
20180918111200,326000.0,326673.55328798294
20180918111300,325625.0,326289.08970952034
20180918111400,325500.0,325812.55626678467
20180918111500,325625.0,325579.4098675251
20180918111600,325500.0,325588.93156051636
20180918111700,325750.0,325579.4098675251
20180918111800,325750.0,325654.3450951576
20180918111900,325500.0,325766.1728858948
20180918112000,325625.0,325635.2928876877
20180918112100,325625.0,325588.93156051636
20180918112200,325750.0,325644.82229948044
20180918112300,325750.0,325710.2545797825
20180918112400,325625.0,325766.1728858948
20180918112500,325750.0,325700.7240653038
20180918112600,325625.0,325710.2545797825
20180918112700,325625.0,325700.7240653038
20180918112800,325750.0,325644.82229948044
20180918112900,325750.0,325710.2545797825
20180918113000,325750.0,325766.1728858948
20180918113100,325500.0,325766.1728858948
20180918113200,325625.0,325635.2928876877
20180918113300,325625.0,325588.93156051636
20180918113400,325750.0,325644.82229948044
20180918113500,325625.0,325710.2545797825
20180918113600,325625.0,325700.7240653038
20180918113700,325625.0,325644.82229948044
20180918113800,325625.0,325644.82229948044
20180918113900,325625.0,325644.82229948044
20180918114000,325625.0,325644.82229948044
20180918114100,325625.0,325644.82229948044
20180918114200,325625.0,325644.82229948044
20180918114300,325750.0,325644.82229948044
20180918114400,325625.0,325710.2545797825
20180918114500,325500.0,325700.7240653038
20180918114600,325750.0,325579.4098675251
20180918114700,325625.0,325654.3450951576
20180918114800,325750.0,325700.7240653038
20180918114900,325750.0,325710.2545797825
20180918115000,325875.0,325766.1728858948
20180918115100,325750.0,325831.6437602043
20180918115200,325625.0,325822.1000134945
20180918115300,325625.0,325700.7240653038
20180918115400,325750.0,325644.82229948044
20180918115500,325625.0,325710.2545797825
20180918115600,325750.0,325700.7240653038
20180918115700,325750.0,325710.2545797825
20180918115800,325625.0,325766.1728858948
20180918115900,325750.0,325700.7240653038
20180918120000,325625.0,325710.2545797825
20180918120100,325750.0,325700.7240653038
20180918120200,325750.0,325710.2545797825
20180918120300,325750.0,325766.1728858948
20180918120400,325750.0,325766.1728858948
20180918120500,325625.0,325766.1728858948
20180918120600,325750.0,325700.7240653038
20180918120700,325750.0,325710.2545797825
20180918120800,325750.0,325766.1728858948
20180918120900,325750.0,325766.1728858948
20180918121000,325500.0,325766.1728858948
20180918121100,325750.0,325635.2928876877
20180918121200,325875.0,325654.3450951576
20180918121300,325875.0,325831.6437602043
20180918121400,325875.0,325887.58742809296
20180918121500,325750.0,325887.58742809296
20180918121600,325750.0,325822.1000134945
20180918121700,325750.0,325766.1728858948
20180918121800,325625.0,325766.1728858948
20180918121900,325750.0,325700.7240653038
20180918122000,325750.0,325710.2545797825
20180918122100,325625.0,325766.1728858948
20180918122200,325875.0,325700.7240653038
20180918122300,325750.0,325775.7089138031
20180918122400,325750.0,325822.1000134945
20180918122500,325750.0,325766.1728858948
20180918122600,325750.0,325766.1728858948
20180918122700,325750.0,325766.1728858948
20180918122800,325750.0,325766.1728858948
20180918122900,325750.0,325766.1728858948
20180918123000,325750.0,325766.1728858948
20180918123100,325750.0,325766.1728858948
20180918123200,325875.0,325766.1728858948
20180918123300,325875.0,325831.6437602043
20180918123400,325750.0,325887.58742809296
20180918123500,325875.0,325822.1000134945
20180918123600,325875.0,325831.6437602043
20180918123700,325875.0,325887.58742809296
20180918123800,325750.0,325887.58742809296
20180918123900,326000.0,325822.1000134945
20180918124000,326375.0,325897.1311748028
20180918124100,326375.0,326205.76083660126
20180918124200,326249.99999999994,326373.8961815834
20180918124300,326375.0,326308.2599043846
20180918124400,326249.99999999994,326317.8422451019
20180918124500,326249.99999999994,326308.2599043846
20180918124600,326249.99999999994,326252.223610878
20180918124700,326000.0,326252.223610878
20180918124800,326375.0,326121.04588747025
20180918124900,326375.0,326205.76083660126
20180918125000,326249.99999999994,326373.8961815834
20180918125100,326375.0,326308.2599043846
20180918125200,326249.99999999994,326317.8422451019
20180918125300,326375.0,326308.2599043846
20180918125400,326624.99999999994,326317.8422451019
20180918125500,326875.0,326505.22607564926
20180918125600,326750.0,326748.90863895416
20180918125700,326875.0,326795.44419050217
20180918125800,326624.99999999994,326805.0618171692
20180918125900,326750.0,326729.6844124794
20180918130000,326750.0,326683.1642985344
20180918130100,326875.0,326739.2976284027
20180918130200,326750.0,326805.0618171692
20180918130300,326750.0,326795.44419050217
20180918130400,326750.0,326739.2976284027
20180918130500,326750.0,326739.2976284027
20180918130600,326750.0,326739.2976284027
20180918130700,326875.0,326739.2976284027
20180918130800,326750.0,326805.0618171692
20180918130900,326750.0,326795.44419050217
20180918131000,326500.0,326739.2976284027
20180918131100,326624.99999999994,326607.8287959099
20180918131300,326750.0,326561.3263249397
20180918131400,325375.0,326683.1642985344
20180918131500,324750.0,326017.1971321106
20180918131600,324875.0,325075.84407925606
20180918131700,324750.0,324862.39606142044
20180918131800,324625.0,324852.93170809746
20180918131900,324750.0,324732.0894598961
20180918132000,324625.0,324741.5438890457
20180918132100,324625.0,324732.0894598961
20180918132200,324750.0,324676.4170527458
20180918132300,324750.0,324741.5438890457
20180918132400,324750.0,324797.2328364849
20180918132500,324750.0,324797.2328364849
20180918132600,324625.0,324797.2328364849
20180918132700,324750.0,324732.0894598961
20180918132800,324625.0,324741.5438890457
20180918132900,324750.0,324732.0894598961
20180918133000,324750.0,324741.5438890457
20180918133100,324750.0,324797.2328364849
20180918133200,324625.0,324797.2328364849
20180918133300,324875.0,324732.0894598961
20180918133400,324750.0,324806.6927790642
20180918133500,324750.0,324852.93170809746
20180918133600,324750.0,324797.2328364849
20180918133700,324750.0,324797.2328364849
20180918133800,324625.0,324797.2328364849
20180918133900,324750.0,324732.0894598961
20180918134000,324625.0,324741.5438890457
20180918134100,324875.0,324732.0894598961
20180918134200,324750.0,324806.6927790642
20180918134300,324625.0,324852.93170809746
20180918134400,324875.0,324732.0894598961
20180918134500,324875.0,324806.6927790642
20180918134600,324875.0,324918.1136786938
20180918134700,324875.0,324918.1136786938
20180918134800,324750.0,324918.1136786938
20180918134900,324750.0,324852.93170809746
20180918135000,324750.0,324797.2328364849
20180918135100,324875.0,324797.2328364849
20180918135200,324750.0,324862.39606142044
20180918135300,324750.0,324852.93170809746
20180918135400,324875.0,324797.2328364849
20180918135500,324875.0,324862.39606142044
20180918135600,324875.0,324918.1136786938
20180918135700,324750.0,324918.1136786938
20180918135800,324750.0,324852.93170809746
20180918135900,324875.0,324797.2328364849
20180918140000,324875.0,324862.39606142044
20180918140100,324750.0,324918.1136786938
20180918140200,324750.0,324852.93170809746
20180918140300,324750.0,324797.2328364849
20180918140400,324750.0,324797.2328364849
20180918140500,324875.0,324797.2328364849
20180918140600,324875.0,324862.39606142044
20180918140700,324750.0,324918.1136786938
20180918140800,324750.0,324852.93170809746
20180918140900,324625.0,324797.2328364849
20180918141000,324750.0,324732.0894598961
20180918141100,324875.0,324741.5438890457
20180918141200,324625.0,324862.39606142044
20180918141300,324625.0,324787.7706885338
20180918141400,324875.0,324676.4170527458
20180918141500,324750.0,324806.6927790642
20180918141600,324875.0,324852.93170809746
20180918141700,325375.0,324862.39606142044
20180918141800,326375.0,325179.0543794632
20180918141900,326125.0,325925.7491827011
20180918142000,326375.0,326242.64788627625
20180918142100,326750.0,326261.7971301079
20180918142200,326750.0,326570.9218978882
20180918142300,326750.0,326739.2976284027
20180918142400,326624.99999999994,326739.2976284027
20180918142500,326500.0,326673.55328798294
20180918142600,325875.0,326551.7285466194
20180918142700,325750.0,326167.4755811691
20180918142800,325875.0,325822.1000134945
20180918142900,325625.0,325831.6437602043
20180918143000,325625.0,325756.63244724274
20180918143100,325625.0,325644.82229948044
20180918143200,325750.0,325644.82229948044
20180918143300,325875.0,325710.2545797825
20180918143400,325750.0,325831.6437602043
20180918143500,325750.0,325822.1000134945
20180918143600,325750.0,325766.1728858948
20180918143700,325875.0,325766.1728858948
20180918143800,325875.0,325831.6437602043
20180918143900,326125.0,325887.58742809296
20180918144000,326375.0,326018.6240077019
20180918144100,326375.0,326261.7971301079
20180918144200,326249.99999999994,326373.8961815834
20180918144300,326375.0,326308.2599043846
20180918144400,326249.99999999994,326317.8422451019
20180918144500,326375.0,326308.2599043846
20180918144600,326249.99999999994,326317.8422451019
20180918144700,326375.0,326308.2599043846
20180918144800,326375.0,326317.8422451019
20180918144900,326375.0,326373.8961815834
20180918145000,326375.0,326373.8961815834
20180918145100,326249.99999999994,326373.8961815834
20180918145200,326125.0,326308.2599043846
20180918145300,326249.99999999994,326186.62482500076
20180918145400,326125.0,326196.19503617287
20180918145500,326249.99999999994,326186.62482500076
20180918145600,326249.99999999994,326196.19503617287
20180918145700,326249.99999999994,326252.223610878
20180918145800,326125.0,326252.223610878
20180918145900,326125.0,326186.62482500076
20180918150000,326125.0,326130.61279058456
20180918150100,326249.99999999994,326130.61279058456
20180918150200,325625.0,326196.19503617287
20180918150300,325750.0,325924.4303703308
20180918150400,325750.0,325710.2545797825
20180918150500,325625.0,325766.1728858948
20180918150600,325625.0,325700.7240653038
20180918150700,325625.0,325644.82229948044
20180918150800,325750.0,325644.82229948044
20180918150900,325625.0,325710.2545797825
20180918151000,325500.0,325700.7240653038
20180918151100,325750.0,325579.4098675251
20180918151200,325750.0,325654.3450951576
20180918151300,325625.0,325766.1728858948
20180918151400,325625.0,325700.7240653038
20180918151500,325500.0,325644.82229948044
20180918151600,325625.0,325579.4098675251
20180918151700,325500.0,325588.93156051636
20180918151800,325250.0,325579.4098675251
20180918151900,325375.0,325392.80784130096
20180918153000,325500.0,325346.48510813713
20180918153500,325500.0,325467.67580509186
20180919090000,325500.0,325523.5378742218
20180919090100,325250.0,325523.5378742218
20180919090200,325500.0,325392.80784130096
20180919090300,325000.0,325411.8258655071
20180919090400,324750.0,325262.1627151966
20180919090500,324750.0,324908.6427092552
20180919090600,325000.0,324797.2328364849
20180919090700,324750.0,324927.5835454464
20180919090800,325000.0,324908.6427092552
20180919090900,325250.0,324927.5835454464
20180919091000,325500.0,325169.5690751076
20180919091100,326000.0,325411.8258655071
20180919091200,326000.0,325785.23832559586
20180919091300,326500.0,326009.06813144684
20180919091400,325500.0,326271.36623859406
20180919091500,326000.0,325970.81595659256
20180919091600,326500.0,325785.23832559586
20180919091700,326500.0,326271.36623859406
20180919091800,326125.0,326495.6349134445
20180919091900,326500.0,326298.67976903915
20180919092000,326750.0,326327.4179697037
20180919092200,326750.0,326627.03758478165
20180919092300,327250.0,326739.2976284027
20180919092400,327125.0,327002.4668574333
20180919092500,326500.0,327161.48298978806
20180919092600,326000.0,326776.19791030884
20180919092700,325750.0,326233.0677509308
20180919092800,326000.0,325878.0392706394
20180919092900,325750.0,325897.1311748028
20180919093000,326000.0,325878.0392706394
20180919093100,326500.0,325897.1311748028
20180919093200,327250.0,326271.36623859406
20180919093300,327500.0,326890.07449150085
20180919093400,327250.0,327359.198987484
20180919093700,327000.00000000006,327339.8777246475
20180919093800,326750.0,327095.61735391617
20180919093900,326750.0,326851.59957408905
20180919094000,326500.0,326739.2976284027
20180919094100,326750.0,326607.8287959099
20180919094200,326500.0,326627.03758478165
20180919094300,326750.0,326607.8287959099
20180919094400,327000.00000000006,326627.03758478165
20180919094500,326750.0,326870.8458542824
20180919094600,327000.00000000006,326851.59957408905
20180919094700,326750.0,326870.8458542824
20180919094800,327000.00000000006,326851.59957408905
20180919094900,327125.0,326870.8458542824
20180919095000,327250.0,327049.0443110466
20180919095100,327500.0,327171.1292862892
20180919095200,327250.0,327359.198987484
20180919095300,327500.0,327339.8777246475
20180919095400,327000.00000000006,327359.198987484
20180919095500,327500.0,327208.0626487732
20180919095600,327500.0,327246.6654777527
20180919095700,327750.0,327471.77439928055
20180919095800,327750.0,327603.741645813
20180919095900,327500.0,327716.4162993431
20180919100000,327125.0,327584.3850970268
20180919100100,327500.0,327273.96136522293
20180919100200,327250.0,327302.9267191887
20180919100300,327500.0,327339.8777246475
20180919100400,327625.0,327359.198987484
20180919100500,328000.0,327537.7480983734
20180919100600,328000.0,327792.14656352997
20180919100700,327875.0,327961.29858493805
20180919100800,327750.0,327895.20359039307
20180919100900,327750.0,327772.76796102524
20180919101000,327500.0,327716.4162993431
20180919101100,327500.0,327584.3850970268
20180919101200,327250.0,327471.77439928055
20180919101300,327375.00000000006,327339.8777246475
20180919101400,327375.00000000006,327293.2760119438
20180919101500,327375.00000000006,327349.5394587517
20180919101600,327375.00000000006,327349.5394587517
20180919101700,327250.0,327349.5394587517
20180919101800,327250.0,327283.62089395523
20180919101900,327375.00000000006,327227.3706793785
20180919102000,327500.0,327293.2760119438
20180919102100,327250.0,327415.4844880104
20180919102200,326750.0,327339.8777246475
20180919102300,326750.0,326963.93901109695
20180919102400,326750.0,326739.2976284027
20180919102500,326875.0,326739.2976284027
20180919102600,326750.0,326805.0618171692
20180919102700,326624.99999999994,326795.44419050217
20180919102800,326750.0,326673.55328798294
20180919102900,326750.0,326683.1642985344
20180919103000,326875.0,326739.2976284027
20180919103100,326750.0,326805.0618171692
20180919103200,326624.99999999994,326795.44419050217
20180919103300,326750.0,326673.55328798294
20180919103400,326750.0,326683.1642985344
20180919103500,326750.0,326739.2976284027
20180919103600,326875.0,326739.2976284027
20180919103700,327000.00000000006,326805.0618171692
20180919103800,326875.0,326927.021086216
20180919103900,326750.0,326917.3968434334
20180919104000,327000.00000000006,326795.44419050217
20180919104100,326624.99999999994,326870.8458542824
20180919104200,326750.0,326785.8243584633
20180919104300,326875.0,326683.1642985344
20180919104400,326624.99999999994,326805.0618171692
20180919104500,326624.99999999994,326729.6844124794
20180919104600,326624.99999999994,326617.4353957176
20180919104700,326750.0,326617.4353957176
20180919104800,326750.0,326683.1642985344
20180919104900,326750.0,326739.2976284027
20180919105000,326249.99999999994,326739.2976284027
20180919105100,326125.0,326476.4393568039
20180919105200,326125.0,326186.62482500076
20180919105300,326125.0,326130.61279058456
20180919105400,325750.0,326130.61279058456
20180919105500,325625.0,325933.9873492718
20180919105600,325375.0,325700.7240653038
20180919105700,325250.0,325514.0172839165
20180919105800,325250.0,325336.98216080666
20180919105900,325125.0,325281.1664044857
20180919110000,325125.0,325215.867549181
20180919110100,325250.0,325160.0815653801
20180919110200,325250.0,325225.36167502403
20180919110300,325125.0,325281.1664044857
20180919110400,325250.0,325215.867549181
20180919110500,325125.0,325225.36167502403
20180919110600,325125.0,325215.867549181
20180919110700,325125.0,325160.0815653801
20180919110800,325250.0,325160.0815653801
20180919110900,325375.0,325225.36167502403
20180919111000,325250.0,325346.48510813713
20180919111100,325125.0,325336.98216080666
20180919111200,325125.0,325215.867549181
20180919111300,325125.0,325160.0815653801
20180919111400,325125.0,325160.0815653801
20180919111500,325250.0,325160.0815653801
20180919111600,325250.0,325225.36167502403
20180919111700,325250.0,325281.1664044857
20180919111800,325250.0,325281.1664044857
20180919111900,325375.0,325281.1664044857
20180919112000,325375.0,325346.48510813713
20180919112100,325250.0,325402.31850743294
20180919112200,325250.0,325336.98216080666
20180919112300,325125.0,325281.1664044857
20180919112400,325250.0,325215.867549181
20180919112500,325250.0,325225.36167502403
20180919112600,325375.0,325281.1664044857
20180919112700,325250.0,325346.48510813713
20180919112800,325250.0,325336.98216080666
20180919112900,325250.0,325281.1664044857
20180919113000,325375.0,325281.1664044857
20180919113100,325250.0,325346.48510813713
20180919113200,325125.0,325336.98216080666
20180919113300,325250.0,325215.867549181
20180919113400,325250.0,325225.36167502403
20180919113500,325125.0,325281.1664044857
20180919113600,325250.0,325215.867549181
20180919113700,325250.0,325225.36167502403
20180919113800,325125.0,325281.1664044857
20180919113900,325000.0,325215.867549181
20180919114000,324875.0,325094.8224067688
20180919114100,324875.0,324973.8423228264
20180919114200,324625.0,324918.1136786938
20180919114300,324875.0,324787.7706885338
20180919114400,324750.0,324806.6927790642
20180919114500,324625.0,324852.93170809746
20180919114600,324625.0,324732.0894598961
20180919114700,324875.0,324676.4170527458
20180919114800,324875.0,324806.6927790642
20180919114900,324750.0,324918.1136786938
20180919115000,324875.0,324852.93170809746
20180919115100,324750.0,324862.39606142044
20180919115200,324625.0,324852.93170809746
20180919115300,324875.0,324732.0894598961
20180919115400,324750.0,324806.6927790642
20180919115500,324750.0,324852.93170809746
20180919115600,324750.0,324797.2328364849
20180919115700,324750.0,324797.2328364849
20180919115800,324875.0,324797.2328364849
20180919115900,324625.0,324862.39606142044
20180919120000,325000.0,324787.7706885338
20180919120100,325375.0,324871.85820937157
20180919120200,325375.0,325234.8524928093
20180919120300,325250.0,325402.31850743294
20180919120400,325750.0,325336.98216080666
20180919120500,326000.0,325542.5658226013
20180919120600,326375.0,325897.1311748028
20180919120700,326125.0,326205.76083660126
20180919120800,326249.99999999994,326242.64788627625
20180919120900,326249.99999999994,326196.19503617287
20180919121000,326000.0,326252.223610878
20180919121100,325750.0,326121.04588747025
20180919121200,325875.0,325878.0392706394
20180919121300,325875.0,325831.6437602043
20180919121400,326125.0,325887.58742809296
20180919121500,326249.99999999994,326018.6240077019
20180919121600,326375.0,326196.19503617287
20180919121700,326125.0,326317.8422451019
20180919121800,326249.99999999994,326242.64788627625
20180919121900,326125.0,326196.19503617287
20180919122000,326249.99999999994,326186.62482500076
20180919122100,326249.99999999994,326196.19503617287
20180919122200,326249.99999999994,326252.223610878
20180919122300,326125.0,326252.223610878
20180919122400,326375.0,326186.62482500076
20180919122500,326375.0,326261.7971301079
20180919122600,326249.99999999994,326373.8961815834
20180919122700,326249.99999999994,326308.2599043846
20180919122800,326125.0,326252.223610878
20180919122900,326249.99999999994,326186.62482500076
20180919123000,326125.0,326196.19503617287
20180919123100,326249.99999999994,326186.62482500076
20180919123200,326125.0,326196.19503617287
20180919123300,326249.99999999994,326186.62482500076
20180919123400,326375.0,326196.19503617287
20180919123500,326000.0,326317.8422451019
20180919123600,325750.0,326177.0513057709
20180919123700,325750.0,325878.0392706394
20180919123800,325875.0,325766.1728858948
20180919123900,326000.0,325831.6437602043
20180919124000,326249.99999999994,325953.0935883522
20180919124100,326125.0,326140.17528295517
20180919124200,325750.0,326186.62482500076
20180919124300,325625.0,325933.9873492718
20180919124400,325625.0,325700.7240653038
20180919124500,325875.0,325644.82229948044
20180919124600,325750.0,325775.7089138031
20180919124700,325750.0,325822.1000134945
20180919124800,325625.0,325766.1728858948
20180919124900,325625.0,325700.7240653038
20180919125000,325750.0,325644.82229948044
20180919125100,325750.0,325710.2545797825
20180919125200,325625.0,325766.1728858948
20180919125300,325750.0,325700.7240653038
20180919125400,325625.0,325710.2545797825
20180919125500,325625.0,325700.7240653038
20180919125600,325875.0,325644.82229948044
20180919125700,325500.0,325775.7089138031
20180919125800,325125.0,325691.1847293377
20180919125900,325250.0,325327.47480273247
20180919130000,325250.0,325225.36167502403
20180919130100,325250.0,325281.1664044857
20180919130200,325250.0,325281.1664044857
20180919130300,325250.0,325281.1664044857
20180919130400,325375.0,325281.1664044857
20180919130500,325125.0,325346.48510813713
20180919130600,325250.0,325271.666765213
20180919130700,325250.0,325225.36167502403
20180919130800,325125.0,325281.1664044857
20180919130900,325125.0,325215.867549181
20180919131000,325250.0,325160.0815653801
20180919131100,325125.0,325225.36167502403
20180919131200,325125.0,325215.867549181
20180919131300,325125.0,325160.0815653801
20180919131400,325125.0,325160.0815653801
20180919131500,325250.0,325160.0815653801
20180919131600,325250.0,325225.36167502403
20180919131700,325375.0,325281.1664044857
20180919131800,325250.0,325346.48510813713
20180919131900,325375.0,325336.98216080666
20180919132000,325000.0,325346.48510813713
20180919132100,324625.0,325206.3712179661
20180919132200,324625.0,324843.4651494026
20180919132300,324875.0,324676.4170527458
20180919132400,324625.0,324806.6927790642
20180919132500,324750.0,324787.7706885338
20180919132600,324625.0,324741.5438890457
20180919132700,324625.0,324732.0894598961
20180919132800,324625.0,324676.4170527458
20180919132900,324750.0,324676.4170527458
20180919133000,324875.0,324741.5438890457
20180919133100,324750.0,324862.39606142044
20180919133200,324750.0,324852.93170809746
20180919133300,324750.0,324797.2328364849
20180919133400,324625.0,324797.2328364849
20180919133500,324750.0,324732.0894598961
20180919133600,324875.0,324741.5438890457
20180919133700,324750.0,324862.39606142044
20180919133800,324625.0,324852.93170809746
20180919133900,324750.0,324732.0894598961
20180919134000,324750.0,324741.5438890457
20180919134100,324750.0,324797.2328364849
20180919134200,324625.0,324797.2328364849
20180919134300,324625.0,324732.0894598961
20180919134400,324875.0,324676.4170527458
20180919134500,324750.0,324806.6927790642
20180919134600,325000.0,324852.93170809746
20180919134700,325250.0,324927.5835454464
20180919134800,325125.0,325169.5690751076
20180919134900,325375.0,325215.867549181
20180919135000,325375.0,325290.6627357006
20180919135100,325500.0,325402.31850743294
20180919135200,325875.0,325467.67580509186
20180919135300,325875.0,325719.7828888893
20180919135400,325750.0,325887.58742809296
20180919135500,325750.0,325822.1000134945
20180919135600,325625.0,325766.1728858948
20180919135700,325750.0,325700.7240653038
20180919135800,325750.0,325710.2545797825
20180919135900,325750.0,325766.1728858948
20180919140000,325750.0,325766.1728858948
20180919140100,325625.0,325766.1728858948
20180919140200,325750.0,325700.7240653038
20180919140300,325750.0,325710.2545797825
20180919140400,325625.0,325766.1728858948
20180919140500,325625.0,325700.7240653038
20180919140600,325625.0,325644.82229948044
20180919140700,325375.0,325644.82229948044
20180919140800,325250.0,325514.0172839165
20180919140900,325250.0,325336.98216080666
20180919141000,325250.0,325281.1664044857
20180919141100,325125.0,325281.1664044857
20180919141200,325375.0,325215.867549181
20180919141300,325750.0,325290.6627357006
20180919141400,325250.0,325598.45104813576
20180919141500,325375.0,325504.4944882393
20180919141600,325500.0,325346.48510813713
20180919141700,325375.0,325467.67580509186
20180919141800,325625.0,325458.16403627396
20180919141900,325375.0,325533.0540537834
20180919142000,324875.0,325514.0172839165
20180919142100,324875.0,325141.09551906586
20180919142200,324875.0,324918.1136786938
20180919142300,324750.0,324918.1136786938
20180919142400,325250.0,324852.93170809746
20180919142500,325125.0,325058.01475048065
20180919142600,325250.0,325215.867549181
20180919142700,325125.0,325225.36167502403
20180919142800,325125.0,325215.867549181
20180919142900,325125.0,325160.0815653801
20180919143000,325500.0,325160.0815653801
20180919143100,325750.0,325355.98585009575
20180919143200,326125.0,325654.3450951576
20180919143300,326125.0,325962.64284849167
20180919143400,325875.0,326130.61279058456
20180919143500,326125.0,325999.5122551918
20180919143600,325875.0,326018.6240077019
20180919143700,325500.0,325999.5122551918
20180919143800,325375.0,325691.1847293377
20180919143900,325375.0,325458.16403627396
20180919144000,325750.0,325402.31850743294
20180919144100,325375.0,325598.45104813576
20180919144200,325500.0,325569.8815584183
20180919144300,325500.0,325467.67580509186
20180919144400,325250.0,325523.5378742218
20180919144500,325375.0,325392.80784130096
20180919144600,325375.0,325346.48510813713
20180919144700,325375.0,325402.31850743294
20180919144800,325125.0,325402.31850743294
20180919144900,325125.0,325271.666765213
20180919145000,325375.0,325160.0815653801
20180919145100,325750.0,325290.6627357006
20180919145200,325750.0,325598.45104813576
20180919145300,325750.0,325766.1728858948
20180919145400,325625.0,325766.1728858948
20180919145500,325625.0,325700.7240653038
20180919145600,325625.0,325644.82229948044
20180919145700,325750.0,325644.82229948044
20180919145800,325875.0,325710.2545797825
20180919145900,325750.0,325831.6437602043
20180919150000,325625.0,325822.1000134945
20180919150100,325875.0,325700.7240653038
20180919150200,325750.0,325775.7089138031
20180919150300,325750.0,325822.1000134945
20180919150400,325750.0,325766.1728858948
20180919150500,325625.0,325766.1728858948
20180919150600,325750.0,325700.7240653038
20180919150700,325625.0,325710.2545797825
20180919150800,325750.0,325700.7240653038
20180919150900,325875.0,325710.2545797825
20180919151000,325750.0,325831.6437602043
20180919151100,325625.0,325822.1000134945
20180919151200,325625.0,325700.7240653038
20180919151300,325500.0,325644.82229948044
20180919151400,325250.0,325579.4098675251
20180919151500,325250.0,325392.80784130096
20180919151600,325250.0,325281.1664044857
20180919151700,325250.0,325281.1664044857
20180919151800,325375.0,325281.1664044857
20180919151900,325375.0,325346.48510813713
20180919153000,325500.0,325402.31850743294
20180919153500,325500.0,325467.67580509186
20180920090000,324750.0,325523.5378742218
20180920090100,325000.0,325131.6013932228
20180920090200,324750.0,324927.5835454464
20180920090300,324750.0,324908.6427092552
20180920090400,324750.0,324797.2328364849
20180920090500,324750.0,324797.2328364849
20180920090600,325000.0,324797.2328364849
20180920090700,324875.0,324927.5835454464
20180920090800,324750.0,324973.8423228264
20180920090900,324750.0,324852.93170809746
20180920091000,325000.0,324797.2328364849
20180920091100,325500.0,324927.5835454464
20180920091300,325500.0,325300.1579642296
20180920091400,325500.0,325523.5378742218
20180920091500,325500.0,325523.5378742218
20180920091600,325250.0,325523.5378742218
20180920091700,325375.0,325392.80784130096
20180920091800,325375.0,325346.48510813713
20180920091900,325500.0,325402.31850743294
20180920092000,325375.0,325467.67580509186
20180920092100,325625.0,325458.16403627396
20180920092200,325250.0,325533.0540537834
20180920092300,326000.0,325448.6456513405
20180920092400,326249.99999999994,325673.3873784542
20180920092500,326249.99999999994,326140.17528295517
20180920092600,326249.99999999994,326252.223610878
20180920092700,326249.99999999994,326252.223610878
20180920092800,326249.99999999994,326252.223610878
20180920092900,326249.99999999994,326252.223610878
20180920093000,326000.0,326252.223610878
20180920093100,325500.0,326121.04588747025
20180920093200,325500.0,325747.08980321884
20180920093300,325625.0,325523.5378742218
20180920093400,326000.0,325588.93156051636
20180920093500,326000.0,325841.18089079857
20180920093600,326000.0,326009.06813144684
20180920093700,326249.99999999994,326009.06813144684
20180920093800,325500.0,326140.17528295517
20180920093900,325500.0,325858.93082618713
20180920094000,325625.0,325523.5378742218
20180920094100,325250.0,325588.93156051636
20180920094200,325125.0,325448.6456513405
20180920094300,325000.0,325215.867549181
20180920094400,325500.0,325094.8224067688
20180920094500,325250.0,325300.1579642296
20180920094700,325250.0,325392.80784130096
20180920094800,325250.0,325281.1664044857
20180920094900,325500.0,325281.1664044857
20180920095000,325875.0,325411.8258655071
20180920095100,325750.0,325719.7828888893
20180920095200,325500.0,325822.1000134945
20180920095300,325500.0,325635.2928876877
20180920095400,325625.0,325523.5378742218
20180920095500,325750.0,325588.93156051636
20180920095600,325750.0,325710.2545797825
20180920095700,325750.0,325766.1728858948
20180920095800,325625.0,325766.1728858948
20180920095900,325500.0,325700.7240653038
20180920100000,325625.0,325579.4098675251
20180920100100,325500.0,325588.93156051636
20180920100200,325875.0,325579.4098675251
20180920100300,325500.0,325719.7828888893
20180920100400,325750.0,325691.1847293377
20180920100500,325750.0,325654.3450951576
20180920100600,325500.0,325766.1728858948
20180920100700,325750.0,325635.2928876877
20180920100800,325500.0,325654.3450951576
20180920100900,325625.0,325635.2928876877
20180920101000,325750.0,325588.93156051636
20180920101100,325750.0,325710.2545797825
20180920101200,325500.0,325766.1728858948
20180920101300,326000.0,325635.2928876877
20180920101400,325625.0,325785.23832559586
20180920101500,325625.0,325812.55626678467
20180920101600,325750.0,325644.82229948044
20180920101700,325875.0,325710.2545797825
20180920101800,326125.0,325831.6437602043
20180920101900,326125.0,326018.6240077019
20180920102000,326249.99999999994,326130.61279058456
20180920102100,326750.0,326196.19503617287
20180920102200,326750.0,326514.81503248215
20180920102300,326750.0,326739.2976284027
20180920102400,326750.0,326739.2976284027
20180920102500,326500.0,326739.2976284027
20180920102600,326750.0,326607.8287959099
20180920102700,326750.0,326627.03758478165
20180920102800,326875.0,326739.2976284027
20180920102900,326750.0,326805.0618171692
20180920103000,326750.0,326795.44419050217
20180920103100,326875.0,326739.2976284027
20180920103200,326624.99999999994,326805.0618171692
20180920103300,326624.99999999994,326729.6844124794
20180920103400,326750.0,326617.4353957176
20180920103500,326624.99999999994,326683.1642985344
20180920103600,326624.99999999994,326673.55328798294
20180920103700,326624.99999999994,326617.4353957176
20180920103800,326750.0,326617.4353957176
20180920103900,326750.0,326683.1642985344
20180920104000,326875.0,326739.2976284027
20180920104100,326500.0,326805.0618171692
20180920104200,326750.0,326663.9422774315
20180920104300,326875.0,326627.03758478165
20180920104400,326624.99999999994,326805.0618171692
20180920104500,326750.0,326729.6844124794
20180920104600,326624.99999999994,326683.1642985344
20180920104700,326624.99999999994,326673.55328798294
20180920104800,326624.99999999994,326617.4353957176
20180920104900,326624.99999999994,326617.4353957176
20180920105000,326500.0,326617.4353957176
20180920105100,326125.0,326551.7285466194
20180920105200,326125.0,326298.67976903915
20180920105300,326249.99999999994,326130.61279058456
20180920105400,326000.0,326196.19503617287
20180920105500,326000.0,326121.04588747025
20180920105600,326249.99999999994,326009.06813144684
20180920105700,326249.99999999994,326140.17528295517
20180920105800,326249.99999999994,326252.223610878
20180920105900,326125.0,326252.223610878
20180920110000,326249.99999999994,326186.62482500076
20180920110100,326249.99999999994,326196.19503617287
20180920110200,326000.0,326252.223610878
20180920110300,326249.99999999994,326121.04588747025
20180920110400,326500.0,326140.17528295517
20180920110500,326624.99999999994,326383.4807276726
20180920110600,326500.0,326561.3263249397
20180920110700,326375.0,326551.7285466194
20180920110800,326000.0,326429.96445298195
20180920110900,326125.0,326177.0513057709
20180920111000,326249.99999999994,326074.61178302765
20180920111100,326249.99999999994,326196.19503617287
20180920111200,326249.99999999994,326252.223610878
20180920111300,326624.99999999994,326252.223610878
20180920111400,326624.99999999994,326449.1368532181
20180920111500,326624.99999999994,326617.4353957176
20180920111600,326500.0,326617.4353957176
20180920111700,326750.0,326551.7285466194
20180920111800,326624.99999999994,326627.03758478165
20180920111900,326750.0,326673.55328798294
20180920112000,326624.99999999994,326683.1642985344
20180920112100,326750.0,326673.55328798294
20180920112200,326750.0,326683.1642985344
20180920112300,326750.0,326739.2976284027
20180920112400,326750.0,326739.2976284027
20180920112500,326624.99999999994,326739.2976284027
20180920112600,326624.99999999994,326673.55328798294
20180920112700,326750.0,326617.4353957176
20180920112800,326750.0,326683.1642985344
20180920112900,326624.99999999994,326739.2976284027
20180920113000,326624.99999999994,326673.55328798294
20180920113100,326624.99999999994,326617.4353957176
20180920113200,326624.99999999994,326617.4353957176
20180920113300,326750.0,326617.4353957176
20180920113400,326624.99999999994,326683.1642985344
20180920113500,326750.0,326673.55328798294
20180920113600,326750.0,326683.1642985344
20180920113700,326750.0,326739.2976284027
20180920113800,326750.0,326739.2976284027
20180920113900,326750.0,326739.2976284027
20180920114000,326624.99999999994,326739.2976284027
20180920114100,327000.00000000006,326673.55328798294
20180920114200,326624.99999999994,326814.6750330925
20180920114300,326750.0,326785.8243584633
20180920114400,326750.0,326683.1642985344
20180920114500,326624.99999999994,326739.2976284027
20180920114600,326624.99999999994,326673.55328798294
20180920114700,326624.99999999994,326617.4353957176
20180920114800,326750.0,326617.4353957176
20180920114900,326875.0,326683.1642985344
20180920115000,326750.0,326805.0618171692
20180920115100,326624.99999999994,326795.44419050217
20180920115200,326750.0,326673.55328798294
20180920115300,326750.0,326683.1642985344
20180920115400,326750.0,326739.2976284027
20180920115500,326750.0,326739.2976284027
20180920115600,326750.0,326739.2976284027
20180920115700,326875.0,326739.2976284027
20180920115800,326750.0,326805.0618171692
20180920115900,327000.00000000006,326795.44419050217
20180920120000,327250.0,326870.8458542824
20180920120100,327125.0,327114.89671468735
20180920120200,327125.0,327161.48298978806
20180920120300,327250.0,327105.2592396736
20180920120400,327250.0,327171.1292862892
20180920120500,327125.0,327227.3706793785
20180920120600,327125.0,327161.48298978806
20180920120700,327250.0,327105.2592396736
20180920120800,327250.0,327171.1292862892
20180920120900,327250.0,327227.3706793785
20180920121000,327125.0,327227.3706793785
20180920121100,327125.0,327161.48298978806
20180920121200,327375.00000000006,327105.2592396736
20180920121300,327250.0,327237.01697587967
20180920121400,327625.0,327283.62089395523
20180920121500,327625.0,327425.14181137085
20180920121600,327750.0,327594.062268734
20180920121700,327625.0,327660.07566452026
20180920121800,327625.0,327650.39187669754
20180920121900,327625.0,327594.062268734
20180920122000,327750.0,327594.062268734
20180920122100,327875.0,327660.07566452026
20180920122200,327625.0,327782.4605703354
20180920122300,327750.0,327706.7258954048
20180920122400,327750.0,327660.07566452026
20180920122500,327625.0,327716.4162993431
20180920122600,327750.0,327650.39187669754
20180920122700,327750.0,327660.07566452026
20180920122800,327625.0,327716.4162993431
20180920122900,327750.0,327650.39187669754
20180920123000,327875.0,327660.07566452026
20180920123100,327500.0,327782.4605703354
20180920123200,327500.0,327640.70588350296
20180920123300,327625.0,327471.77439928055
20180920123400,327625.0,327537.7480983734
20180920123500,327625.0,327594.062268734
20180920123600,327750.0,327594.062268734
20180920123700,327750.0,327660.07566452026
20180920123800,327750.0,327716.4162993431
20180920123900,327750.0,327716.4162993431
20180920124000,327625.0,327716.4162993431
20180920124100,327750.0,327650.39187669754
20180920124200,327625.0,327660.07566452026
20180920124300,327625.0,327650.39187669754
20180920124400,327750.0,327594.062268734
20180920124500,327750.0,327660.07566452026
20180920124600,327750.0,327716.4162993431
20180920124700,327625.0,327716.4162993431
20180920124800,327625.0,327650.39187669754
20180920124900,327625.0,327594.062268734
20180920125000,327750.0,327594.062268734
20180920125100,327625.0,327660.07566452026
20180920125200,327625.0,327650.39187669754
20180920125300,327750.0,327594.062268734
20180920125400,327500.0,327660.07566452026
20180920125500,327750.0,327584.3850970268
20180920125600,327750.0,327603.741645813
20180920125700,327750.0,327716.4162993431
20180920125800,327875.0,327716.4162993431
20180920125900,327625.0,327782.4605703354
20180920130000,327750.0,327706.7258954048
20180920130100,327750.0,327660.07566452026
20180920130200,327625.0,327716.4162993431
20180920130300,327625.0,327650.39187669754
20180920130400,327625.0,327594.062268734
20180920130500,327625.0,327594.062268734
20180920130600,327750.0,327594.062268734
20180920130700,327625.0,327660.07566452026
20180920130800,327750.0,327650.39187669754
20180920130900,327750.0,327660.07566452026
20180920131000,327875.0,327716.4162993431
20180920131100,327625.0,327782.4605703354
20180920131200,327500.0,327706.7258954048
20180920131300,327750.0,327528.0731320381
20180920131400,327750.0,327603.741645813
20180920131500,327625.0,327716.4162993431
20180920131600,327625.0,327650.39187669754
20180920131700,327625.0,327594.062268734
20180920131800,327500.0,327594.062268734
20180920131900,327750.0,327528.0731320381
20180920132000,327625.0,327603.741645813
20180920132100,327750.0,327650.39187669754
20180920132200,327750.0,327660.07566452026
20180920132300,327750.0,327716.4162993431
20180920132400,327750.0,327716.4162993431
20180920132500,327875.0,327716.4162993431
20180920132600,327625.0,327782.4605703354
20180920132700,327750.0,327706.7258954048
20180920132800,327875.0,327660.07566452026
20180920132900,328250.0,327782.4605703354
20180920133000,328125.0,328037.1148586273
20180920133100,328250.0,328140.2490735054
20180920133200,328250.0,328149.9703526497
20180920133300,328250.0,328206.41243457794
20180920133400,328250.0,328206.41243457794
20180920133500,328125.0,328206.41243457794
20180920133600,328250.0,328140.2490735054
20180920133700,328125.0,328149.9703526497
20180920133800,328250.0,328140.2490735054
20180920133900,328125.0,328149.9703526497
20180920134000,328125.0,328140.2490735054
20180920134100,328125.0,328083.82683992386
20180920134200,327375.00000000006,328083.82683992386
20180920134300,327250.0,327687.3362660408
20180920134400,327125.0,327283.62089395523
20180920134500,327125.0,327161.48298978806
20180920134600,327125.0,327105.2592396736
20180920134700,327000.00000000006,327105.2592396736
20180920134800,327250.0,327039.4090414047
20180920134900,327125.0,327114.89671468735
20180920135000,327125.0,327161.48298978806
20180920135100,327375.00000000006,327105.2592396736
20180920135200,327250.0,327237.01697587967
20180920135300,327250.0,327283.62089395523
20180920135400,327125.0,327227.3706793785
20180920135500,327375.00000000006,327161.48298978806
20180920135600,327500.0,327237.01697587967
20180920135700,327250.0,327415.4844880104
20180920135800,327250.0,327339.8777246475
20180920135900,327250.0,327227.3706793785
20180920140000,327250.0,327227.3706793785
20180920140100,327375.00000000006,327227.3706793785
20180920140200,327375.00000000006,327293.2760119438
20180920140300,327250.0,327349.5394587517
20180920140400,327250.0,327283.62089395523
20180920140500,327375.00000000006,327227.3706793785
20180920140600,327250.0,327293.2760119438
20180920140700,327375.00000000006,327283.62089395523
20180920140800,327375.00000000006,327293.2760119438
20180920140900,327375.00000000006,327349.5394587517
20180920141000,327250.0,327349.5394587517
20180920141100,327250.0,327283.62089395523
20180920141200,327250.0,327227.3706793785
20180920141300,327375.00000000006,327227.3706793785
20180920141400,327250.0,327293.2760119438
20180920141500,327375.00000000006,327283.62089395523
20180920141600,327250.0,327293.2760119438
20180920141700,327250.0,327283.62089395523
20180920141800,327250.0,327227.3706793785
20180920141900,327250.0,327227.3706793785
20180920142000,327375.00000000006,327227.3706793785
20180920142100,327125.0,327293.2760119438
20180920142200,327375.00000000006,327217.71997213364
20180920142300,327500.0,327237.01697587967
20180920142400,327875.0,327415.4844880104
20180920142500,327750.0,327669.7528362274
20180920142600,328125.0,327772.76796102524
20180920142700,328375.0,327914.59983587265
20180920142800,328250.0,328216.1337137222
20180920142900,328250.0,328262.8633379936
20180920143000,328375.0,328206.41243457794
20180920143100,328250.0,328272.5912332535
20180920143200,328375.0,328262.8633379936
20180920143300,328375.0,328272.5912332535
20180920143400,328375.0,328329.05757427216
20180920143500,328250.0,328329.05757427216
20180920143600,328375.0,328262.8633379936
20180920143700,328250.0,328272.5912332535
20180920143800,328500.0,328262.8633379936
20180920143900,328875.0,328338.78767490387
20180920144000,328875.0,328650.5478620529
20180920144100,328750.0,328820.2049136162
20180920144200,328875.0,328753.8761496544
20180920144300,328875.0,328763.64374160767
20180920144400,328875.0,328820.2049136162
20180920144500,328875.0,328820.2049136162
20180920144600,329125.0,328820.2049136162
20180920144700,329250.0,328952.90875434875
20180920144800,329375.0,329132.52305984497
20180920144900,329375.0,329255.59163093567
20180920145000,329375.0,329312.24542856216
20180920145100,329375.0,329312.24542856216
20180920145200,329250.0,329312.24542856216
20180920145300,329250.0,329245.79095840454
20180920145400,329500.0,329189.1548037529
20180920145500,329625.0,329322.050511837
20180920145600,329750.0,329501.8963813782
20180920145700,329750.0,329625.1259446144
20180920145800,329750.0,329681.84810876846
20180920145900,329750.0,329681.84810876846
20180920150000,329750.0,329681.84810876846
20180920150100,329750.0,329681.84810876846
20180920150200,329750.0,329681.84810876846
20180920150300,329625.0,329681.84810876846
20180920150400,329875.0,329615.30101299286
20180920150500,329250.0,329691.6774511337
20180920150600,328625.0,329472.4215865135
20180920150700,328625.0,328857.2132587433
20180920150800,328875.0,328574.51766729355
20180920150900,328750.0,328707.0913910866
20180920151000,328875.0,328753.8761496544
20180920151100,328625.0,328763.64374160767
20180920151200,328750.0,328687.56943941116
20180920151300,328750.0,328640.7935023308
20180920151400,328625.0,328697.33041524887
20180920151500,328000.0,328631.03914260864
20180920151600,327750.0,328243.39431524277
20180920151700,327625.0,327829.1284441948
20180920151800,327750.0,327650.39187669754
20180920151900,327750.0,327660.07566452026
20180920153000,328000.0,327716.4162993431
20180920153500,328000.0,327848.5224843025
20180921090000,331750.0,327961.29858493805
20180921090100,329750.0,329952.3082971573
20180921090200,330750.0,330590.3907418251
20180921090300,330874.99999999994,330214.83796834946
20180921090400,330500.0,330736.5716099739
20180921090500,329750.0,330593.0680632591
20180921090600,329875.0,330022.33105897903
20180921090700,330000.0,329748.4150528908
20180921090800,329750.0,329871.752679348
20180921090900,329750.0,329795.3122854233
20180921091000,330000.0,329681.84810876846
20180921091100,330000.0,329814.9974346161
20180921091200,330250.0,329928.51454019547
20180921091300,330625.0,330061.7851614952
20180921091400,330250.0,330375.503718853
20180921091500,330375.0,330345.8591103554
20180921091600,330375.0,330242.083132267
20180921091700,330500.0,330298.9089488983
20180921091800,330500.0,330365.62806367874
20180921091900,330250.0,330422.4781394005
20180921092000,330375.0,330289.0310883522
20180921092100,330500.0,330242.083132267
20180921092200,330500.0,330365.62806367874
20180921092300,330750.0,330422.4781394005
20180921092400,330874.99999999994,330555.9891462326
20180921092500,330750.0,330736.5716099739
20180921092600,330874.99999999994,330726.66507959366
20180921092700,330750.0,330736.5716099739
20180921092800,330500.0,330726.66507959366
20180921092900,330500.0,330536.1981391907
20180921093000,330250.0,330422.4781394005
20180921093100,330500.0,330289.0310883522
20180921093200,330375.0,330308.78460407257
20180921093300,330375.0,330355.7457923889
20180921093400,330375.0,330298.9089488983
20180921093500,330125.0,330298.9089488983
20180921093600,330125.0,330165.5258536339
20180921093700,329750.0,330051.9315600395
20180921093800,329875.0,329852.05429792404
20180921093900,329875.0,329748.4150528908
20180921094000,329875.0,329805.1548600197
20180921094100,329750.0,329805.1548600197
20180921094200,329500.0,329738.57468366623
20180921094300,329250.0,329548.7671494484
20180921094400,329750.0,329302.4359345436
20180921094500,330000.0,329455.01458644867
20180921094600,330500.0,329814.9974346161
20180921094700,330375.0,330195.12194395065
20180921094800,330375.0,330355.7457923889
20180921094900,330375.0,330298.9089488983
20180921095000,330375.0,330298.9089488983
20180921095100,330250.0,330298.9089488983
20180921095200,330500.0,330232.20747709274
20180921095300,330750.0,330308.78460407257
20180921095400,330874.99999999994,330555.9891462326
20180921095500,330625.0,330736.5716099739
20180921095600,330874.99999999994,330659.85774993896
20180921095700,330500.0,330679.6686053276
20180921095800,330375.0,330593.0680632591
20180921095900,330250.0,330355.7457923889
20180921100000,330375.0,330232.20747709274
20180921100100,330375.0,330242.083132267
20180921100200,330375.0,330298.9089488983
20180921100300,330000.0,330298.9089488983
20180921100400,329875.0,330098.85305166245
20180921100500,329750.0,329861.903488636
20180921100600,329750.0,329738.57468366623
20180921100700,329750.0,329681.84810876846
20180921100800,329625.0,329681.84810876846
20180921100900,329875.0,329615.30101299286
20180921101000,329875.0,329691.6774511337
20180921101100,329750.0,329805.1548600197
20180921101200,329875.0,329738.57468366623
20180921101300,330000.0,329748.4150528908
20180921101400,329875.0,329871.752679348
20180921101500,329750.0,329861.903488636
20180921101600,329875.0,329738.57468366623
20180921101700,329750.0,329748.4150528908
20180921101800,330000.0,329738.57468366623
20180921101900,330375.0,329814.9974346161
20180921102000,330250.0,330128.44693660736
20180921102100,330500.0,330232.20747709274
20180921102200,330250.0,330308.78460407257
20180921102300,330125.0,330289.0310883522
20180921102400,330250.0,330108.724296093
20180921102500,330250.0,330118.58892440796
20180921102600,330375.0,330175.39489269257
20180921102700,330125.0,330242.083132267
20180921102800,330375.0,330165.5258536339
20180921102900,330250.0,330185.2617263794
20180921103000,330250.0,330232.20747709274
20180921103100,330250.0,330175.39489269257
20180921103200,330250.0,330175.39489269257
20180921103300,330250.0,330175.39489269257
20180921103400,330375.0,330175.39489269257
20180921103500,330125.0,330242.083132267
20180921103600,330250.0,330165.5258536339
20180921103700,330250.0,330118.58892440796
20180921103800,330375.0,330175.39489269257
20180921103900,330250.0,330242.083132267
20180921104000,330375.0,330232.20747709274
20180921104100,330375.0,330242.083132267
20180921104200,330375.0,330298.9089488983
20180921104300,330250.0,330298.9089488983
20180921104400,330250.0,330232.20747709274
20180921104500,330125.0,330175.39489269257
20180921104600,330250.0,330108.724296093
20180921104700,330375.0,330118.58892440796
20180921104800,330125.0,330242.083132267
20180921104900,330375.0,330165.5258536339
20180921105000,330250.0,330185.2617263794
20180921105100,330375.0,330232.20747709274
20180921105200,330250.0,330242.083132267
20180921105300,330375.0,330232.20747709274
20180921105400,330250.0,330242.083132267
20180921105500,330375.0,330232.20747709274
20180921105600,330375.0,330242.083132267
20180921105700,330375.0,330298.9089488983
20180921105800,330375.0,330298.9089488983
20180921105900,330375.0,330298.9089488983
20180921110000,330250.0,330298.9089488983
20180921110100,330375.0,330232.20747709274
20180921110200,330375.0,330242.083132267
20180921110300,330250.0,330298.9089488983
20180921110400,330375.0,330232.20747709274
20180921110500,330250.0,330242.083132267
20180921110600,330250.0,330232.20747709274
20180921110700,330125.0,330175.39489269257
20180921110800,330375.0,330108.724296093
20180921110900,330375.0,330185.2617263794
20180921111000,330250.0,330298.9089488983
20180921111100,330375.0,330232.20747709274
20180921111200,330375.0,330242.083132267
20180921111300,330375.0,330298.9089488983
20180921111400,330125.0,330298.9089488983
20180921111500,330125.0,330165.5258536339
20180921111600,330250.0,330051.9315600395
20180921111700,330375.0,330118.58892440796
20180921111800,330250.0,330242.083132267
20180921111900,330250.0,330232.20747709274
20180921112000,330375.0,330175.39489269257
20180921112100,330250.0,330242.083132267
20180921112200,330250.0,330232.20747709274
20180921112300,330250.0,330175.39489269257
20180921112400,330375.0,330175.39489269257
20180921112500,330375.0,330242.083132267
20180921112600,330250.0,330298.9089488983
20180921112700,330375.0,330232.20747709274
20180921112800,330375.0,330242.083132267
20180921112900,330250.0,330298.9089488983
20180921113000,330125.0,330232.20747709274
20180921113100,330250.0,330108.724296093
20180921113200,330250.0,330118.58892440796
20180921113300,330375.0,330175.39489269257
20180921113400,330375.0,330242.083132267
20180921113500,330125.0,330298.9089488983
20180921113600,330250.0,330165.5258536339
20180921113700,330375.0,330118.58892440796
20180921113800,330250.0,330242.083132267
20180921113900,330375.0,330232.20747709274
20180921114000,330375.0,330242.083132267
20180921114100,330250.0,330298.9089488983
20180921114200,330125.0,330232.20747709274
20180921114300,330125.0,330108.724296093
20180921114400,330375.0,330051.9315600395
20180921114500,330250.0,330185.2617263794
20180921114600,330375.0,330232.20747709274
20180921114700,330375.0,330242.083132267
20180921114800,330125.0,330298.9089488983
20180921114900,330250.0,330165.5258536339
20180921115000,330375.0,330118.58892440796
20180921115100,330375.0,330242.083132267
20180921115200,330250.0,330298.9089488983
20180921115300,330125.0,330232.20747709274
20180921115400,330250.0,330108.724296093
20180921115500,330250.0,330118.58892440796
20180921115600,330250.0,330175.39489269257
20180921115700,330375.0,330175.39489269257
20180921115800,330375.0,330242.083132267
20180921115900,330375.0,330298.9089488983
20180921120000,330125.0,330298.9089488983
20180921120100,330125.0,330165.5258536339
20180921120200,330250.0,330051.9315600395
20180921120300,330125.0,330118.58892440796
20180921120400,330250.0,330108.724296093
20180921120500,330375.0,330118.58892440796
20180921120600,330375.0,330242.083132267
20180921120700,330375.0,330298.9089488983
20180921120800,330375.0,330298.9089488983
20180921120900,330125.0,330298.9089488983
20180921121000,330125.0,330165.5258536339
20180921121100,330250.0,330051.9315600395
20180921121200,330125.0,330118.58892440796
20180921121300,330250.0,330108.724296093
20180921121400,330375.0,330118.58892440796
20180921121500,330250.0,330242.083132267
20180921121600,330250.0,330232.20747709274
20180921121700,330250.0,330175.39489269257
20180921121800,330125.0,330175.39489269257
20180921121900,330375.0,330108.724296093
20180921122000,330125.0,330185.2617263794
20180921122100,330250.0,330165.5258536339
20180921122200,330250.0,330118.58892440796
20180921122300,330375.0,330175.39489269257
20180921122400,330125.0,330242.083132267
20180921122500,330375.0,330165.5258536339
20180921122600,330125.0,330185.2617263794
20180921122700,330375.0,330165.5258536339
20180921122800,330250.0,330185.2617263794
20180921122900,330125.0,330232.20747709274
20180921123000,330250.0,330108.724296093
20180921123100,330125.0,330118.58892440796
20180921123200,330250.0,330108.724296093
20180921123300,330375.0,330118.58892440796
20180921123400,330250.0,330242.083132267
20180921123500,330375.0,330232.20747709274
20180921123600,330375.0,330242.083132267
20180921123700,330250.0,330298.9089488983
20180921123800,330250.0,330232.20747709274
20180921123900,330375.0,330175.39489269257
20180921124000,330125.0,330242.083132267
20180921124100,330375.0,330165.5258536339
20180921124200,330250.0,330185.2617263794
20180921124300,330375.0,330232.20747709274
20180921124400,330125.0,330242.083132267
20180921124500,330125.0,330165.5258536339
20180921124600,330250.0,330051.9315600395
20180921124700,330375.0,330118.58892440796
20180921124800,330375.0,330242.083132267
20180921124900,330375.0,330298.9089488983
20180921125000,330375.0,330298.9089488983
20180921125100,330375.0,330298.9089488983
20180921125200,330250.0,330298.9089488983
20180921125300,330375.0,330232.20747709274
20180921125400,330250.0,330242.083132267
20180921125500,330500.0,330232.20747709274
20180921125600,330250.0,330308.78460407257
20180921125700,330375.0,330289.0310883522
20180921125800,330250.0,330242.083132267
20180921125900,330125.0,330232.20747709274
20180921130000,330250.0,330108.724296093
20180921130100,330375.0,330118.58892440796
20180921130200,330375.0,330242.083132267
20180921130300,330250.0,330298.9089488983
20180921130400,330375.0,330232.20747709274
20180921130500,330250.0,330242.083132267
20180921130600,330375.0,330232.20747709274
20180921130700,330375.0,330242.083132267
20180921130800,330375.0,330298.9089488983
20180921130900,330375.0,330298.9089488983
20180921131000,330375.0,330298.9089488983
20180921131100,330250.0,330298.9089488983
20180921131200,329750.0,330232.20747709274
20180921131300,329875.0,329908.80513191223
20180921131400,329875.0,329748.4150528908
20180921131500,329750.0,329805.1548600197
20180921131600,329875.0,329738.57468366623
20180921131700,329750.0,329748.4150528908
20180921131800,329875.0,329738.57468366623
20180921131900,329875.0,329748.4150528908
20180921132000,329750.0,329805.1548600197
20180921132100,329875.0,329738.57468366623
20180921132200,329750.0,329748.4150528908
20180921132300,329750.0,329738.57468366623
20180921132400,329750.0,329681.84810876846
20180921132500,329875.0,329681.84810876846
20180921132600,329875.0,329748.4150528908
20180921132700,330125.0,329805.1548600197
20180921132800,330375.0,329938.36373090744
20180921132900,330375.0,330185.2617263794
20180921133000,330375.0,330298.9089488983
20180921133100,330375.0,330298.9089488983
20180921133200,330375.0,330298.9089488983
20180921133300,330250.0,330298.9089488983
20180921133400,330375.0,330232.20747709274
20180921133500,330375.0,330242.083132267
20180921133600,330375.0,330298.9089488983
20180921133700,330375.0,330298.9089488983
20180921133800,330250.0,330298.9089488983
20180921133900,330375.0,330232.20747709274
20180921134000,330375.0,330242.083132267
20180921134100,330375.0,330298.9089488983
20180921134200,330250.0,330298.9089488983
20180921134300,330125.0,330232.20747709274
20180921134400,330125.0,330108.724296093
20180921134500,330125.0,330051.9315600395
20180921134600,330250.0,330051.9315600395
20180921134700,330250.0,330118.58892440796
20180921134800,330125.0,330175.39489269257
20180921134900,330250.0,330108.724296093
20180921135000,330375.0,330118.58892440796
20180921135100,330250.0,330242.083132267
20180921135200,330250.0,330232.20747709274
20180921135300,330250.0,330175.39489269257
20180921135400,330375.0,330175.39489269257
20180921135500,330250.0,330242.083132267
20180921135600,330500.0,330232.20747709274
20180921135700,330375.0,330308.78460407257
20180921135800,330125.0,330355.7457923889
20180921135900,330250.0,330165.5258536339
20180921140000,330375.0,330118.58892440796
20180921140100,330625.0,330242.083132267
20180921140200,330750.0,330432.36261606216
20180921140300,330874.99999999994,330612.8723025322
20180921140400,331125.0,330736.5716099739
20180921140500,331249.99999999994,330927.17307806015
20180921140600,331249.99999999994,331107.962846756
20180921140700,331375.0,331164.9364233017
20180921140800,331375.0,331231.85843229294
20180921140900,331375.0,331288.8496518135
20180921141000,331125.0,331288.8496518135
20180921141100,331375.0,331154.99460697174
20180921141200,331375.0,331174.87382888794
20180921141300,331375.0,331288.8496518135
20180921141400,331249.99999999994,331288.8496518135
20180921141500,331249.99999999994,331221.916615963
20180921141600,331249.99999999994,331164.9364233017
20180921141700,331625.00000000006,331164.9364233017
20180921141800,331875.0,331365.75096845627
20180921141900,331875.0,331670.8553433418
20180921142000,331875.0,331784.9899530411
20180921142100,331750.0,331784.9899530411
20180921142200,331750.0,331717.942237854
20180921142300,331875.0,331660.88485717773
20180921142400,331750.0,331727.91934013367
20180921142500,331875.0,331717.942237854
20180921142600,331875.0,331727.91934013367
20180921142700,331750.0,331784.9899530411
20180921142800,331875.0,331717.942237854
20180921142900,331875.0,331727.91934013367
20180921143000,331875.0,331784.9899530411
20180921143100,331750.0,331784.9899530411
20180921143200,331875.0,331717.942237854
20180921143300,331625.00000000006,331727.91934013367
20180921143400,331875.0,331650.9077548981
20180921143500,331750.0,331670.8553433418
20180921143600,331750.0,331717.942237854
20180921143700,331750.0,331660.88485717773
20180921143800,331750.0,331660.88485717773
20180921143900,331875.0,331660.88485717773
20180921144000,331875.0,331727.91934013367
20180921144100,331875.0,331784.9899530411
20180921144200,331750.0,331784.9899530411
20180921144300,331875.0,331717.942237854
20180921144400,331875.0,331727.91934013367
20180921144500,331750.0,331784.9899530411
20180921144600,331750.0,331717.942237854
20180921144700,331750.0,331660.88485717773
20180921144800,331750.0,331660.88485717773
20180921144900,331875.0,331660.88485717773
20180921145000,331750.0,331727.91934013367
20180921145100,331875.0,331717.942237854
20180921145200,331625.00000000006,331727.91934013367
20180921145300,331875.0,331650.9077548981
20180921145400,331125.0,331670.8553433418
20180921145500,330250.0,331382.92640447617
20180921145600,330125.0,330573.2505917549
20180921145700,330250.0,330108.724296093
20180921145800,330375.0,330118.58892440796
20180921145900,330250.0,330242.083132267
20180921150000,330125.0,330232.20747709274
20180921150100,329625.0,330108.724296093
20180921150200,329750.0,329785.46088933945
20180921150300,329875.0,329625.1259446144
20180921150400,329750.0,329748.4150528908
20180921150500,329750.0,329738.57468366623
20180921150600,329875.0,329681.84810876846
20180921150700,329875.0,329748.4150528908
20180921150800,329875.0,329805.1548600197
20180921150900,329750.0,329805.1548600197
20180921151000,329875.0,329738.57468366623
20180921151100,329750.0,329748.4150528908
20180921151200,329625.0,329738.57468366623
20180921151300,329750.0,329615.30101299286
20180921151400,329750.0,329625.1259446144
20180921151500,329875.0,329681.84810876846
20180921151600,329875.0,329748.4150528908
20180921151700,329750.0,329805.1548600197
20180921151800,329875.0,329738.57468366623
20180921151900,329875.0,329748.4150528908
20180921153000,331000.0,329805.1548600197
20180921153500,331000.0,330405.1130414009
20180927090000,332000.00000000006,330917.25331544876
20180927090100,330250.0,331452.6073336601
20180927090200,330375.0,330971.44812345505
20180927090300,330750.0,330242.083132267
20180927090400,331500.0,330499.11481142044
20180927090500,331249.99999999994,331070.8420276642
20180927090600,331750.0,331278.901219368
20180927090700,331249.99999999994,331432.7192902565
20180927090800,331375.0,331392.89247989655
20180927090900,331375.0,331231.85843229294
20180927091000,331750.0,331288.8496518135
20180927091100,332750.0,331489.7502064705
20180927091200,333625.0,332197.5775361061
20180927091300,333875.0,333126.0523200035
20180927091400,334000.0,333662.0414853096
20180927091500,333750.0,333844.20961141586
20180927091600,333750.0,333766.6158080101
20180927091700,333875.0,333651.9342660904
20180927091800,334000.0,333719.38556432724
20180927091900,334000.0,333844.20961141586
20180927092000,333500.0,333901.57574415207
20180927092100,333500.0,333631.704390049
20180927092200,333250.0,333402.4515748024
20180927092300,332750.0,333267.6857113838
20180927092400,332250.0,332883.85617733
20180927092500,331875.0,332386.1434459686
20180927092600,332125.0,331956.23487234116
20180927092700,332375.0,331919.1316962242
20180927092800,332625.0,332167.58888959885
20180927092900,333000.0,332416.23133420944
20180927093000,333750.0,332732.30081796646
20180927093100,333875.0,333308.00211429596
20180927093200,334375.0,333719.38556432724
20180927093300,334125.0,334046.7222929001
20180927093400,334250.0,334141.24232530594
20180927093500,334125.0,334093.9900279045
20180927093600,334375.0,334083.84972810745
20180927093700,334500.0,334161.52292490005
20180927093800,334375.0,334343.9204096794
20180927093900,334250.0,334333.76467227936
20180927094000,334125.0,334208.7884545326
20180927094100,334375.0,334083.84972810745
20180927094200,334250.0,334161.52292490005
20180927094300,334375.0,334208.7884545326
20180927094400,334375.0,334218.9375758171
20180927094500,334250.0,334276.34781599045
20180927094600,334250.0,334208.7884545326
20180927094700,334375.0,334151.38483047485
20180927094800,334375.0,334218.9375758171
20180927094900,334250.0,334276.34781599045
20180927095000,334375.0,334208.7884545326
20180927095100,334375.0,334218.9375758171
20180927095200,334250.0,334276.34781599045
20180927095300,334250.0,334208.7884545326
20180927095400,334375.0,334151.38483047485
20180927095500,334375.0,334218.9375758171
20180927095600,334375.0,334276.34781599045
20180927095700,334250.0,334276.34781599045
20180927095800,334625.0,334208.7884545326
20180927095900,334875.0,334354.0695309639
20180927100000,334750.0,334661.6373062134
20180927100100,334875.0,334708.9248895645
20180927100200,334625.0,334719.10268068314
20180927100300,334625.0,334641.28613471985
20180927100400,334375.0,334526.3862609863
20180927100500,334250.0,334391.185939312
20180927100600,334375.0,334208.7884545326
20180927100700,334375.0,334218.9375758171
20180927100800,333750.0,334276.34781599045
20180927100900,333625.0,333938.6745095253
20180927101000,333875.0,333584.4962000847
20180927101100,333750.0,333662.0414853096
20180927101200,334125.0,333709.27172899246
20180927101300,334125.0,333854.3300628662
20180927101400,334250.0,334026.4615416527
20180927101500,334375.0,334093.9900279045
20180927101600,334250.0,334218.9375758171
20180927101700,334250.0,334208.7884545326
20180927101800,334250.0,334151.38483047485
20180927101900,334250.0,334151.38483047485
20180927102000,334250.0,334151.38483047485
20180927102100,334375.0,334151.38483047485
20180927102200,334625.0,334218.9375758171
20180927102300,334750.0,334411.50403022766
20180927102400,334750.0,334594.0051674843
20180927102500,334750.0,334651.46392583847
20180927102600,334750.0,334651.46392583847
20180927102700,334750.0,334651.46392583847
20180927102800,334750.0,334651.46392583847
20180927102900,334750.0,334651.46392583847
20180927103000,334625.0,334651.46392583847
20180927103100,334875.0,334583.83399248123
20180927103200,334750.0,334661.6373062134
20180927103300,334375.0,334708.9248895645
20180927103400,334625.0,334448.6116170883
20180927103500,334750.0,334411.50403022766
20180927103600,334750.0,334594.0051674843
20180927103700,334875.0,334651.46392583847
20180927103800,334875.0,334719.10268068314
20180927103900,334875.0,334776.5790820122
20180927104000,334750.0,334776.5790820122
20180927104100,334875.0,334708.9248895645
20180927104200,334625.0,334719.10268068314
20180927104300,334750.0,334641.28613471985
20180927104400,334875.0,334594.0051674843
20180927104500,334750.0,334719.10268068314
20180927104600,334875.0,334708.9248895645
20180927104700,334625.0,334719.10268068314
20180927104800,334875.0,334641.28613471985
20180927104900,334875.0,334661.6373062134
20180927105000,334875.0,334776.5790820122
20180927105100,334750.0,334776.5790820122
20180927105200,334875.0,334708.9248895645
20180927105300,334625.0,334719.10268068314
20180927105400,334625.0,334641.28613471985
20180927105500,334875.0,334526.3862609863
20180927105600,334750.0,334661.6373062134
20180927105700,334875.0,334708.9248895645
20180927105800,334875.0,334719.10268068314
20180927105900,334750.0,334776.5790820122
20180927110000,334625.0,334708.9248895645
20180927110100,334750.0,334583.83399248123
20180927110200,334625.0,334594.0051674843
20180927110300,334875.0,334583.83399248123
20180927110400,334750.0,334661.6373062134
20180927110500,334750.0,334708.9248895645
20180927110600,334750.0,334651.46392583847
20180927110700,334875.0,334651.46392583847
20180927110800,334750.0,334719.10268068314
20180927110900,334375.0,334708.9248895645
20180927111000,334125.0,334448.6116170883
20180927111100,334375.0,334141.24232530594
20180927111200,334500.0,334161.52292490005
20180927111300,334375.0,334343.9204096794
20180927111400,334375.0,334333.76467227936
20180927111500,334250.0,334276.34781599045
20180927111600,334250.0,334208.7884545326
20180927111700,334500.0,334151.38483047485
20180927111800,334500.0,334286.4947319031
20180927111900,334250.0,334401.34608745575
20180927112000,334375.0,334266.19428396225
20180927112100,334250.0,334218.9375758171
20180927112200,334375.0,334208.7884545326
20180927112300,334250.0,334218.9375758171
20180927112400,334250.0,334208.7884545326
20180927112500,334125.0,334151.38483047485
20180927112600,334125.0,334083.84972810745
20180927112700,333875.0,334026.4615416527
20180927112800,333500.0,333891.45308732986
20180927112900,333875.0,333574.3823647499
20180927113000,334000.0,333604.7018170357
20180927113100,334250.0,333844.20961141586
20180927113200,334125.0,334036.59522533417
20180927113300,333875.0,334083.84972810745
20180927113400,333750.0,333891.45308732986
20180927113500,333750.0,333709.27172899246
20180927113600,333750.0,333651.9342660904
20180927113700,333875.0,333651.9342660904
20180927113800,334125.0,333719.38556432724
20180927113900,334250.0,333911.702811718
20180927114000,334125.0,334093.9900279045
20180927114100,334125.0,334083.84972810745
20180927114200,333875.0,334026.4615416527
20180927114300,333250.0,333891.45308732986
20180927114400,333250.0,333439.5503401756
20180927114500,333500.0,333153.13428640366
20180927114600,333875.0,333287.8516316414
20180927114700,333625.0,333604.7018170357
20180927114800,333750.0,333641.8204307556
20180927114900,333750.0,333594.60121393204
20180927115000,333750.0,333651.9342660904
20180927115100,333625.0,333651.9342660904
20180927115200,333750.0,333584.4962000847
20180927115300,333750.0,333594.60121393204
20180927115400,333750.0,333651.9342660904
20180927115500,333875.0,333651.9342660904
20180927115600,334250.0,333719.38556432724
20180927115700,334125.0,333979.20483350754
20180927115800,333875.0,334083.84972810745
20180927115900,333625.0,333891.45308732986
20180927120000,333625.0,333641.8204307556
20180927120100,333750.0,333527.17196941376
20180927120200,333625.0,333594.60121393204
20180927120300,333875.0,333584.4962000847
20180927120400,333875.0,333662.0414853096
20180927120500,333750.0,333776.7384648323
20180927120600,333750.0,333709.27172899246
20180927120700,333375.0,333651.9342660904
20180927120800,333250.0,333449.655354023
20180927120900,333500.0,333210.4077935219
20180927121000,333125.0,333287.8516316414
20180927121100,333250.0,333200.3204226494
20180927121200,333500.0,333095.86519002914
20180927121300,333875.0,333287.8516316414
20180927121400,333625.0,333604.7018170357
20180927121500,333875.0,333641.8204307556
20180927121600,333625.0,333662.0414853096
20180927121700,333750.0,333641.8204307556
20180927121800,333875.0,333594.60121393204
20180927121900,333875.0,333719.38556432724
20180927122000,333750.0,333776.7384648323
20180927122100,333750.0,333709.27172899246
20180927122200,333750.0,333651.9342660904
20180927122300,333750.0,333651.9342660904
20180927122400,333875.0,333651.9342660904
20180927122500,333750.0,333719.38556432724
20180927122600,333875.0,333709.27172899246
20180927122700,333625.0,333719.38556432724
20180927122800,333875.0,333641.8204307556
20180927122900,333625.0,333662.0414853096
20180927123000,333375.0,333641.8204307556
20180927123100,333375.0,333392.3553824425
20180927123200,333375.0,333277.7686715126
20180927123300,333375.0,333277.7686715126
20180927123400,333125.0,333277.7686715126
20180927123500,333250.0,333143.0557370186
20180927123600,333125.0,333095.86519002914
20180927123700,332875.0,333085.7910513878
20180927123800,332625.0,332893.9236998558
20180927123900,332750.0,332644.95927095413
20180927124000,333750.0,332597.8084206581
20180927124100,333750.0,333193.3955550194
20180927124200,333875.0,333651.9342660904
20180927124300,333375.0,333719.38556432724
20180927124400,332375.0,333506.9597363472
20180927124500,332125.0,332739.23230171204
20180927124600,332250.0,332147.5751399994
20180927124700,331750.0,332100.4573702812
20180927124800,331875.0,331889.14746046066
20180927124900,331625.00000000006,331727.91934013367
20180927125000,332125.0,331650.9077548981
20180927125100,332250.0,331804.94636297226
20180927125200,332625.0,332100.4573702812
20180927125300,332375.0,332359.0614795685
20180927125400,332625.0,332396.17788791656
20180927125500,332750.0,332416.23133420944
20180927125600,332750.0,332597.8084206581
20180927125700,332875.0,332655.0069451332
20180927125800,332750.0,332722.25534915924
20180927125900,332875.0,332712.209880352
20180927130000,332625.0,332722.25534915924
20180927130100,332625.0,332644.95927095413
20180927130200,332875.0,332530.5886864662
20180927130300,332375.0,332665.04579782486
20180927130400,332250.0,332510.5065703392
20180927130500,332375.0,332214.71548080444
20180927130600,333375.0,332224.72566366196
20180927130700,333375.0,332819.6379542351
20180927130800,333375.0,333277.7686715126
20180927130900,333250.0,333277.7686715126
20180927131000,333125.0,333210.4077935219
20180927131100,332875.0,333085.7910513878
20180927131200,332375.0,332893.9236998558
20180927131300,331875.0,332510.5065703392
20180927131400,331625.00000000006,332013.33194971085
20180927131500,331625.00000000006,331650.9077548981
20180927131600,332375.0,331536.8260741234
20180927131700,332375.0,331939.09472227097
20180927131800,332375.0,332281.87346458435
20180927131900,332125.0,332281.87346458435
20180927132000,331875.0,332147.5751399994
20180927132100,331750.0,331899.1510272026
20180927132200,331750.0,331717.942237854
20180927132300,331750.0,331660.88485717773
20180927132400,331750.0,331660.88485717773
20180927132500,332125.0,331660.88485717773
20180927132600,331750.0,331862.0346188545
20180927132700,331625.00000000006,331832.07243680954
20180927132800,331625.00000000006,331593.8614010811
20180927132900,331750.0,331536.8260741234
20180927133000,331625.00000000006,331603.83409261703
20180927133100,331625.00000000006,331593.8614010811
20180927133200,331625.00000000006,331536.8260741234
20180927133300,331500.0,331536.8260741234
20180927133400,331625.00000000006,331469.8356986046
20180927133500,331375.0,331479.7951579094
20180927133600,331249.99999999994,331402.85634994507
20180927133700,331125.0,331221.916615963
20180927133800,331125.0,331098.0276465416
20180927133900,331249.99999999994,331041.0695075989
20180927134000,331125.0,331107.962846756
20180927134100,331249.99999999994,331098.0276465416
20180927134200,331249.99999999994,331107.962846756
20180927134300,331249.99999999994,331164.9364233017
20180927134400,331625.00000000006,331164.9364233017
20180927134500,331625.00000000006,331365.75096845627
20180927134600,331750.0,331536.8260741234
20180927134700,331750.0,331603.83409261703
20180927134800,331750.0,331660.88485717773
20180927134900,331625.00000000006,331660.88485717773
20180927135000,331750.0,331593.8614010811
20180927135100,331625.00000000006,331603.83409261703
20180927135200,331625.00000000006,331593.8614010811
20180927135300,331625.00000000006,331536.8260741234
20180927135400,331875.0,331536.8260741234
20180927135500,331625.00000000006,331670.8553433418
20180927135600,331625.00000000006,331650.9077548981
20180927135700,331625.00000000006,331536.8260741234
20180927135800,331875.0,331536.8260741234
20180927135900,331625.00000000006,331670.8553433418
20180927140000,331625.00000000006,331650.9077548981
20180927140100,331625.00000000006,331536.8260741234
20180927140200,331625.00000000006,331536.8260741234
20180927140300,331625.00000000006,331536.8260741234
20180927140400,331625.00000000006,331536.8260741234
20180927140500,331625.00000000006,331536.8260741234
20180927140600,331750.0,331536.8260741234
20180927140700,331249.99999999994,331603.83409261703
20180927140800,331249.99999999994,331392.89247989655
20180927140900,331125.0,331164.9364233017
20180927141000,331125.0,331098.0276465416
20180927141100,331249.99999999994,331041.0695075989
20180927141200,331125.0,331107.962846756
20180927141300,331125.0,331098.0276465416
20180927141400,331000.0,331041.0695075989
20180927141500,330625.0,330974.19160604477
20180927141600,330750.0,330716.749727726
20180927141700,330750.0,330612.8723025322
20180927141800,330500.0,330669.76648569107
20180927141900,330125.0,330536.1981391907
20180927142000,330250.0,330222.32961654663
20180927142100,330125.0,330118.58892440796
20180927142200,330125.0,330108.724296093
20180927142300,330125.0,330051.9315600395
20180927142400,329750.0,330051.9315600395
20180927142500,329625.0,329852.05429792404
20180927142600,329625.0,329615.30101299286
20180927142700,329625.0,329558.5942864418
20180927142800,329625.0,329558.5942864418
20180927142900,329625.0,329558.5942864418
20180927143000,329625.0,329558.5942864418
20180927143100,330250.0,329558.5942864418
20180927143200,331000.0,329891.4334177971
20180927143300,330625.0,330575.7603049278
20180927143400,330250.0,330716.749727726
20180927143500,330250.0,330345.8591103554
20180927143600,330250.0,330175.39489269257
20180927143700,330250.0,330175.39489269257
20180927143800,330125.0,330175.39489269257
20180927143900,330250.0,330108.724296093
20180927144000,329875.0,330118.58892440796
20180927144100,329625.0,329975.42721033096
20180927144200,329750.0,329672.0121502876
20180927144300,329625.0,329625.1259446144
20180927144400,329625.0,329615.30101299286
20180927144500,329750.0,329558.5942864418
20180927144600,329875.0,329625.1259446144
20180927144700,330250.0,329748.4150528908
20180927144800,330500.0,330004.99242544174
20180927144900,330500.0,330308.78460407257
20180927145000,330750.0,330422.4781394005
20180927145100,330750.0,330555.9891462326
20180927145200,330250.0,330669.76648569107
20180927145300,329875.0,330402.695953846
20180927145400,329750.0,329975.42721033096
20180927145500,329625.0,329738.57468366623
20180927145600,329625.0,329615.30101299286
20180927145700,329750.0,329558.5942864418
20180927145800,329875.0,329625.1259446144
20180927145900,330250.0,329748.4150528908
20180927150000,330125.0,330004.99242544174
20180927150100,329750.0,330108.724296093
20180927150200,329625.0,329852.05429792404
20180927150300,329750.0,329615.30101299286
20180927150400,329375.0,329625.1259446144
20180927150500,329125.0,329482.25313425064
20180927150600,329250.0,329179.3541312218
20180927150700,329250.0,329132.52305984497
20180927150800,329250.0,329189.1548037529
20180927150900,329250.0,329189.1548037529
20180927151000,329375.0,329189.1548037529
20180927151100,329625.0,329255.59163093567
20180927151200,329750.0,329445.207297802
20180927151300,329750.0,329625.1259446144
20180927151400,329500.0,329681.84810876846
20180927151500,329250.0,329548.7671494484
20180927151600,329375.0,329302.4359345436
20180927151700,329875.0,329255.59163093567
20180927151800,330125.0,329578.2331228256
20180927151900,329750.0,329938.36373090744
20180927153000,330500.0,329852.05429792404
20180927153500,330500.0,330081.4901590347
20180928090000,332250.0,330422.4781394005
20180928090100,332250.0,331358.37399959564
20180928090200,332125.0,332157.5853228569
20180928090300,330500.0,332090.4538035393
20180928090500,331625.00000000006,331162.1598601341
20180928090600,331500.0,331023.7771868706
20180928090700,331500.0,331469.8356986046
20180928090800,331249.99999999994,331412.813603878
20180928090900,331500.0,331278.901219368
20180928091000,331000.0,331298.79808425903
20180928091100,331000.0,331145.0483798981
20180928091200,331000.0,330917.25331544876
20180928091300,331000.0,330917.25331544876
20180928091400,331249.99999999994,330917.25331544876
20180928091500,331000.0,331051.00029706955
20180928091600,331000.0,331031.1387181282
20180928091700,331000.0,330917.25331544876
20180928091800,331000.0,330917.25331544876
20180928091900,331000.0,330917.25331544876
20180928092000,331000.0,330917.25331544876
20180928092100,330500.0,330917.25331544876
20180928092200,330625.0,330649.94901418686
20180928092300,330625.0,330489.22592401505
20180928092400,330500.0,330546.09805345535
20180928092500,330625.0,330479.3348312378
20180928092600,331000.0,330489.22592401505
20180928092700,330750.0,330746.47814035416
20180928092800,331000.0,330783.56808423996
20180928092900,331125.0,330803.39217185974
20180928093000,331500.0,330984.1179847717
20180928093100,331249.99999999994,331241.79804325104
20180928093200,331249.99999999994,331278.901219368
20180928093300,331249.99999999994,331164.9364233017
20180928093400,330750.0,331164.9364233017
20180928093500,331000.0,330897.40055799484
20180928093600,330750.0,330803.39217185974
20180928093700,331000.0,330783.56808423996
20180928093800,330500.0,330803.39217185974
20180928093900,330500.0,330649.94901418686
20180928094000,330750.0,330422.4781394005
20180928094100,330874.99999999994,330555.9891462326
20180928094200,330874.99999999994,330736.5716099739
20180928094300,330500.0,330793.4856414795
20180928094400,330750.0,330593.0680632591
20180928094500,330625.0,330555.9891462326
20180928094600,330750.0,330602.9745936394
20180928094700,330625.0,330612.8723025322
20180928094800,330750.0,330602.9745936394
20180928094900,330750.0,330612.8723025322
20180928095000,330874.99999999994,330669.76648569107
20180928095100,330750.0,330736.5716099739
20180928095200,330625.0,330726.66507959366
20180928095300,331000.0,330602.9745936394
20180928095400,330874.99999999994,330746.47814035416
20180928095500,330750.0,330850.40628910065
20180928095600,330874.99999999994,330726.66507959366
20180928095700,330750.0,330736.5716099739
20180928095800,330625.0,330726.66507959366
20180928095900,330874.99999999994,330602.9745936394
20180928100000,330625.0,330679.6686053276
20180928100100,330625.0,330659.85774993896
20180928100200,330750.0,330546.09805345535
20180928100300,330500.0,330612.8723025322
20180928100400,330125.0,330536.1981391907
20180928100500,330250.0,330222.32961654663
20180928100600,330250.0,330118.58892440796
20180928100700,329875.0,330175.39489269257
20180928100800,329625.0,329975.42721033096
20180928100900,329750.0,329672.0121502876
20180928101000,329750.0,329625.1259446144
20180928101100,329500.0,329681.84810876846
20180928101200,329750.0,329548.7671494484
20180928101300,329625.0,329568.4170126915
20180928101400,329625.0,329615.30101299286
20180928101500,329750.0,329558.5942864418
20180928101600,329625.0,329625.1259446144
20180928101700,329750.0,329615.30101299286
20180928101800,329750.0,329625.1259446144
20180928101900,329750.0,329681.84810876846
20180928102000,329750.0,329681.84810876846
20180928102100,329750.0,329681.84810876846
20180928102200,329875.0,329681.84810876846
20180928102300,329875.0,329748.4150528908
20180928102400,329750.0,329805.1548600197
20180928102500,329750.0,329738.57468366623
20180928102600,329750.0,329681.84810876846
20180928102700,329750.0,329681.84810876846
20180928102800,330000.0,329681.84810876846
20180928102900,329625.0,329814.9974346161
20180928103000,329625.0,329728.7343144417
20180928103100,329875.0,329558.5942864418
20180928103200,329750.0,329691.6774511337
20180928103300,329625.0,329738.57468366623
20180928103400,329750.0,329615.30101299286
20180928103500,329625.0,329625.1259446144
20180928103600,329750.0,329615.30101299286
20180928103700,329625.0,329625.1259446144
20180928103800,329750.0,329615.30101299286
20180928103900,329750.0,329625.1259446144
20180928104000,329625.0,329681.84810876846
20180928104100,329625.0,329615.30101299286
20180928104200,329750.0,329558.5942864418
20180928104300,329750.0,329625.1259446144
20180928104400,329875.0,329681.84810876846
20180928104500,329750.0,329748.4150528908
20180928104600,329750.0,329738.57468366623
20180928104700,329750.0,329681.84810876846
20180928104800,329625.0,329681.84810876846
20180928104900,329625.0,329615.30101299286
20180928105000,330000.0,329558.5942864418
20180928105100,330250.0,329758.2466006279
20180928105200,330250.0,330061.7851614952
20180928105300,330125.0,330175.39489269257
20180928105400,330250.0,330108.724296093
20180928105500,330125.0,330118.58892440796
20180928105600,330125.0,330108.724296093
20180928105700,330375.0,330051.9315600395
20180928105800,330750.0,330185.2617263794
20180928105900,330750.0,330499.11481142044
20180928110000,330750.0,330669.76648569107
20180928110100,330750.0,330669.76648569107
20180928110200,331375.0,330669.76648569107
20180928110300,331875.0,331003.9575099945
20180928110400,331750.0,331556.74719810486
20180928110500,331875.0,331717.942237854
20180928110600,331750.0,331727.91934013367
20180928110700,331750.0,331717.942237854
20180928110800,331875.0,331660.88485717773
20180928110900,331750.0,331727.91934013367
20180928111000,331750.0,331717.942237854
20180928111100,331875.0,331660.88485717773
20180928111200,332250.0,331727.91934013367
20180928111300,332125.0,331986.2235188484
20180928111400,332125.0,332090.4538035393
20180928111500,332125.0,332033.33908319473
20180928111600,332125.0,332033.33908319473
20180928111700,332250.0,332033.33908319473
20180928111800,332250.0,332100.4573702812
20180928111900,332250.0,332157.5853228569
20180928112000,332125.0,332157.5853228569
20180928112100,332250.0,332090.4538035393
20180928112200,332250.0,332100.4573702812
20180928112300,332250.0,332157.5853228569
20180928112400,332125.0,332157.5853228569
20180928112500,332250.0,332090.4538035393
20180928112600,332375.0,332100.4573702812
20180928112700,332625.0,332224.72566366196
20180928112800,332750.0,332416.23133420944
20180928112900,332625.0,332597.8084206581
20180928113000,332750.0,332587.7717733383
20180928113100,332625.0,332597.8084206581
20180928113200,332625.0,332587.7717733383
20180928113300,332625.0,332530.5886864662
20180928113400,332750.0,332530.5886864662
20180928113500,332625.0,332597.8084206581
20180928113600,332750.0,332587.7717733383
20180928113700,332625.0,332597.8084206581
20180928113800,332750.0,332587.7717733383
20180928113900,332750.0,332597.8084206581
20180928114000,332625.0,332655.0069451332
20180928114100,332750.0,332587.7717733383
20180928114200,332875.0,332597.8084206581
20180928114300,332750.0,332722.25534915924
20180928114400,332625.0,332712.209880352
20180928114500,332625.0,332587.7717733383
20180928114600,332625.0,332530.5886864662
20180928114700,332625.0,332530.5886864662
20180928114800,332625.0,332530.5886864662
20180928114900,332750.0,332530.5886864662
20180928115000,332750.0,332597.8084206581
20180928115100,332625.0,332655.0069451332
20180928115200,332375.0,332587.7717733383
20180928115300,332250.0,332396.17788791656
20180928115400,332250.0,332214.71548080444
20180928115500,332125.0,332157.5853228569
20180928115600,332125.0,332090.4538035393
20180928115700,332250.0,332033.33908319473
20180928115800,332250.0,332100.4573702812
20180928115900,331750.0,332157.5853228569
20180928120000,331625.00000000006,331889.14746046066
20180928120100,331625.00000000006,331593.8614010811
20180928120200,331125.0,331536.8260741234
20180928120300,330750.0,331268.9461708069
20180928120400,330750.0,330840.4799103737
20180928120500,330625.0,330669.76648569107
20180928120600,330750.0,330602.9745936394
20180928120700,330625.0,330612.8723025322
20180928120800,330750.0,330602.9745936394
20180928120900,331125.0,330612.8723025322
20180928121000,331249.99999999994,330870.2303767204
20180928121100,331249.99999999994,331107.962846756
20180928121200,331249.99999999994,331164.9364233017
20180928121300,331249.99999999994,331164.9364233017
20180928121400,331625.00000000006,331164.9364233017
20180928121500,331625.00000000006,331365.75096845627
20180928121600,331625.00000000006,331536.8260741234
20180928121700,331875.0,331536.8260741234
20180928121800,331750.0,331670.8553433418
20180928121900,331625.00000000006,331717.942237854
20180928122000,331875.0,331593.8614010811
20180928122100,331750.0,331670.8553433418
20180928122200,332125.0,331717.942237854
20180928122300,332125.0,331862.0346188545
20180928122400,332375.0,332033.33908319473
20180928122500,332375.0,332167.58888959885
20180928122600,332125.0,332281.87346458435
20180928122700,332250.0,332147.5751399994
20180928122800,332125.0,332100.4573702812
20180928122900,332375.0,332090.4538035393
20180928123000,332125.0,332167.58888959885
20180928123100,332375.0,332147.5751399994
20180928123200,332250.0,332167.58888959885
20180928123300,332125.0,332214.71548080444
20180928123400,331750.0,332090.4538035393
20180928123500,331375.0,331832.07243680954
20180928123600,331375.0,331459.86741781235
20180928123700,331375.0,331288.8496518135
20180928123800,331875.0,331288.8496518135
20180928123900,331750.0,331556.74719810486
20180928124000,331750.0,331717.942237854
20180928124100,331625.00000000006,331660.88485717773
20180928124200,331625.00000000006,331593.8614010811
20180928124300,331625.00000000006,331536.8260741234
20180928124400,331875.0,331536.8260741234
20180928124500,331750.0,331670.8553433418
20180928124600,331750.0,331717.942237854
20180928124700,331625.00000000006,331660.88485717773
20180928124800,331750.0,331593.8614010811
20180928124900,331875.0,331603.83409261703
20180928125000,331875.0,331727.91934013367
20180928125100,332250.0,331784.9899530411
20180928125200,332125.0,331986.2235188484
20180928125300,332125.0,332090.4538035393
20180928125400,332375.0,332033.33908319473
20180928125500,332125.0,332167.58888959885
20180928125600,332250.0,332147.5751399994
20180928125700,332125.0,332100.4573702812
20180928125800,332375.0,332090.4538035393
20180928125900,332250.0,332167.58888959885
20180928130000,332125.0,332214.71548080444
20180928130100,332250.0,332090.4538035393
20180928130200,332250.0,332100.4573702812
20180928130300,332250.0,332157.5853228569
20180928130400,332125.0,332157.5853228569
20180928130500,332250.0,332090.4538035393
20180928130600,332250.0,332100.4573702812
20180928130700,332625.0,332157.5853228569
20180928130800,332750.0,332359.0614795685
20180928130900,332625.0,332597.8084206581
20180928131000,332750.0,332587.7717733383
20180928131100,332750.0,332597.8084206581
20180928131200,332750.0,332655.0069451332
20180928131300,332625.0,332655.0069451332
20180928131400,332625.0,332587.7717733383
20180928131500,332625.0,332530.5886864662
20180928131600,331875.0,332530.5886864662
20180928131700,331625.00000000006,332127.5371313095
20180928131800,331750.0,331650.9077548981
20180928131900,331750.0,331603.83409261703
20180928132000,331750.0,331660.88485717773
20180928132100,332250.0,331660.88485717773
20180928132200,332250.0,331929.1132092476
20180928132300,332125.0,332157.5853228569
20180928132400,332125.0,332090.4538035393
20180928132500,332250.0,332033.33908319473
20180928132600,332250.0,332100.4573702812
20180928132700,332250.0,332157.5853228569
20180928132800,332125.0,332157.5853228569
20180928132900,332125.0,332090.4538035393
20180928133000,332125.0,332033.33908319473
20180928133100,332250.0,332033.33908319473
20180928133200,332375.0,332100.4573702812
20180928133300,332250.0,332224.72566366196
20180928133400,332375.0,332214.71548080444
20180928133500,332375.0,332224.72566366196
20180928133600,332125.0,332281.87346458435
20180928133700,332125.0,332147.5751399994
20180928133800,332375.0,332033.33908319473
20180928133900,332875.0,332167.58888959885
20180928134000,332750.0,332550.6421327591
20180928134100,332625.0,332712.209880352
20180928134200,332750.0,332587.7717733383
20180928134300,332875.0,332597.8084206581
20180928134400,332750.0,332722.25534915924
20180928134500,332750.0,332712.209880352
20180928134600,332750.0,332655.0069451332
20180928134700,332750.0,332655.0069451332
20180928134800,332625.0,332655.0069451332
20180928134900,332625.0,332587.7717733383
20180928135000,332750.0,332530.5886864662
20180928135100,332750.0,332597.8084206581
20180928135200,332750.0,332655.0069451332
20180928135300,332625.0,332655.0069451332
20180928135400,332750.0,332587.7717733383
20180928135500,332625.0,332597.8084206581
20180928135600,332750.0,332587.7717733383
20180928135700,332875.0,332597.8084206581
20180928135800,333250.0,332722.25534915924
20180928135900,333250.0,332981.344640255
20180928140000,333125.0,333153.13428640366
20180928140100,333375.0,333085.7910513878
20180928140200,333250.0,333163.2040143013
20180928140300,333250.0,333210.4077935219
20180928140400,333250.0,333153.13428640366
20180928140500,333250.0,333153.13428640366
20180928140600,333375.0,333153.13428640366
20180928140700,333250.0,333220.48634290695
20180928140800,333250.0,333210.4077935219
20180928140900,333250.0,333153.13428640366
20180928141000,333125.0,333153.13428640366
20180928141100,333250.0,333085.7910513878
20180928141200,333125.0,333095.86519002914
20180928141300,333125.0,333085.7910513878
20180928141400,333250.0,333028.5351872444
20180928141500,333375.0,333095.86519002914
20180928141600,333250.0,333220.48634290695
20180928141700,333375.0,333210.4077935219
20180928141800,332625.0,333220.48634290695
20180928141900,332125.0,332873.7842440605
20180928142000,332250.0,332261.8288397789
20180928142100,332250.0,332100.4573702812
20180928142200,332250.0,332157.5853228569
20180928142300,332250.0,332157.5853228569
20180928142400,332250.0,332157.5853228569
20180928142500,332625.0,332157.5853228569
20180928142600,332750.0,332359.0614795685
20180928142700,332875.0,332597.8084206581
20180928142800,332750.0,332722.25534915924
20180928142900,332625.0,332712.209880352
20180928143000,332875.0,332587.7717733383
20180928143100,332750.0,332665.04579782486
20180928143200,332875.0,332712.209880352
20180928143300,332875.0,332722.25534915924
20180928143400,332875.0,332779.47372198105
20180928143500,332750.0,332779.47372198105
20180928143600,332750.0,332712.209880352
20180928143700,332875.0,332655.0069451332
20180928143800,332750.0,332722.25534915924
20180928143900,332750.0,332712.209880352
20180928144000,332625.0,332655.0069451332
20180928144100,332625.0,332587.7717733383
20180928144200,332625.0,332530.5886864662
20180928144300,332625.0,332530.5886864662
20180928144400,332625.0,332530.5886864662
20180928144500,332875.0,332530.5886864662
20180928144600,332625.0,332665.04579782486
20180928144700,332625.0,332644.95927095413
20180928144800,332750.0,332530.5886864662
20180928144900,332750.0,332597.8084206581
20180928145000,332625.0,332655.0069451332
20180928145100,332625.0,332587.7717733383
20180928145200,332875.0,332530.5886864662
20180928145300,332875.0,332665.04579782486
20180928145400,332750.0,332779.47372198105
20180928145500,333250.0,332712.209880352
20180928145600,333375.0,332924.0931868553
20180928145700,333125.0,333220.48634290695
20180928145800,333250.0,333143.0557370186
20180928145900,333625.0,333095.86519002914
20180928150000,333625.0,333355.2345633507
20180928150100,333750.0,333527.17196941376
20180928150200,333500.0,333594.60121393204
20180928150300,333250.0,333517.06916093826
20180928150400,333000.0,333267.6857113838
20180928150500,332750.0,333018.4654593468
20180928150600,332750.0,332769.42163705826
20180928150700,332750.0,332655.0069451332
20180928150800,332875.0,332655.0069451332
20180928150900,332875.0,332722.25534915924
20180928151000,332500.0,332779.47372198105
20180928151100,332375.0,332577.7263045311
20180928151200,332250.0,332339.02126550674
20180928151300,332375.0,332214.71548080444
20180928151400,332250.0,332224.72566366196
20180928151500,331750.0,332214.71548080444
20180928151600,332000.00000000006,331889.14746046066
20180928151700,332500.0,331794.9692606926
20180928151800,333125.0,332177.5880455971
20180928151900,333000.0,332742.33746528625
20180928153000,333500.0,332961.22282743454
20180928153500,333500.0,333173.27374219894
20181001090000,332250.0,333402.4515748024
20181001090100,332000.00000000006,332729.16036844254
20181001090200,331875.0,332023.3355164528
20181001090300,331000.0,331842.0649766922
20181001090400,330750.0,331315.96690416336
20181001090500,331249.99999999994,330783.56808423996
20181001090600,331750.0,330937.0884299278
20181001090700,331750.0,331432.7192902565
20181001090800,332000.00000000006,331660.88485717773
20181001090900,332000.00000000006,331794.9692606926
20181001091000,331875.0,331909.1457724571
20181001091100,331500.0,331842.0649766922
20181001091200,331750.0,331583.88870954514
20181001091400,331500.0,331546.7899441719
20181001091500,331500.0,331526.859998703
20181001091600,331500.0,331412.813603878
20181001091700,331375.0,331412.813603878
20181001091800,331249.99999999994,331345.8541035652
20181001091900,331500.0,331221.916615963
20181001092000,331500.0,331298.79808425903
20181001092100,332000.00000000006,331412.813603878
20181001092200,331750.0,331680.82362413406
20181001092300,331750.0,331775.00623464584
20181001092400,331750.0,331660.88485717773
20181001092500,331750.0,331660.88485717773
20181001092600,331500.0,331660.88485717773
20181001092700,331249.99999999994,331526.859998703
20181001092800,330750.0,331278.901219368
20181001092900,330750.0,330897.40055799484
20181001093000,330874.99999999994,330669.76648569107
20181001093100,330625.0,330736.5716099739
20181001093200,330750.0,330659.85774993896
20181001093300,330750.0,330612.8723025322
20181001093400,330750.0,330669.76648569107
20181001093500,330750.0,330669.76648569107
20181001093600,330874.99999999994,330669.76648569107
20181001093700,330750.0,330736.5716099739
20181001093800,330750.0,330726.66507959366
20181001093900,330750.0,330669.76648569107
20181001094000,330874.99999999994,330669.76648569107
20181001094100,330750.0,330736.5716099739
20181001094200,331000.0,330726.66507959366
20181001094300,330750.0,330803.39217185974
20181001094400,330625.0,330783.56808423996
20181001094500,330750.0,330602.9745936394
20181001094600,330874.99999999994,330612.8723025322
20181001094700,330750.0,330736.5716099739
20181001094800,330750.0,330726.66507959366
20181001094900,330874.99999999994,330669.76648569107
20181001095000,330750.0,330736.5716099739
20181001095100,330625.0,330726.66507959366
20181001095200,330750.0,330602.9745936394
20181001095300,330750.0,330612.8723025322
20181001095400,330625.0,330669.76648569107
20181001095500,330625.0,330602.9745936394
20181001095600,330750.0,330546.09805345535
20181001095700,330874.99999999994,330612.8723025322
20181001095800,330750.0,330736.5716099739
20181001095900,330750.0,330726.66507959366
20181001100000,331125.0,330669.76648569107
20181001100100,331125.0,330870.2303767204
20181001100200,330874.99999999994,331041.0695075989
20181001100300,330625.0,330907.3269367218
20181001100400,330750.0,330659.85774993896
20181001100500,330375.0,330612.8723025322
20181001100600,330250.0,330469.43712234497
20181001100700,330125.0,330232.20747709274
20181001100800,330375.0,330108.724296093
20181001100900,330250.0,330185.2617263794
20181001101000,330625.0,330232.20747709274
20181001101100,330874.99999999994,330375.503718853
20181001101200,330750.0,330679.6686053276
20181001101300,330625.0,330726.66507959366
20181001101400,330874.99999999994,330602.9745936394
20181001101500,331000.0,330679.6686053276
20181001101600,331249.99999999994,330860.31943559647
20181001101700,331125.0,331051.00029706955
20181001101800,331750.0,331098.0276465416
20181001101900,331625.00000000006,331375.6927847862
20181001102000,331625.00000000006,331593.8614010811
20181001102100,331625.00000000006,331536.8260741234
20181001102200,331875.0,331536.8260741234
20181001102300,331750.0,331670.8553433418
20181001102400,331750.0,331717.942237854
20181001102500,331750.0,331660.88485717773
20181001102600,331500.0,331660.88485717773
20181001102700,331875.0,331526.859998703
20181001102800,331875.0,331613.79796266556
20181001102900,331750.0,331784.9899530411
20181001103000,331875.0,331717.942237854
20181001103100,332250.0,331727.91934013367
20181001103200,332125.0,331986.2235188484
20181001103300,331875.0,332090.4538035393
20181001103400,331750.0,331899.1510272026
20181001103500,331750.0,331717.942237854
20181001103600,331875.0,331660.88485717773
20181001103700,331875.0,331727.91934013367
20181001103800,331875.0,331784.9899530411
20181001103900,331875.0,331784.9899530411
20181001104000,331625.00000000006,331784.9899530411
20181001104100,331625.00000000006,331650.9077548981
20181001104200,332000.00000000006,331536.8260741234
20181001104300,332375.0,331737.8942370415
20181001104400,332250.0,332110.45652627945
20181001104500,332000.00000000006,332214.71548080444
20181001104600,332250.0,332023.3355164528
20181001104700,332375.0,332043.33823919296
20181001104800,332375.0,332224.72566366196
20181001104900,332375.0,332281.87346458435
20181001105000,332250.0,332281.87346458435
20181001105100,332375.0,332214.71548080444
20181001105200,332250.0,332224.72566366196
20181001105300,332125.0,332214.71548080444
20181001105400,332500.0,332090.4538035393
20181001105500,332375.0,332234.73584651947
20181001105600,332125.0,332339.02126550674
20181001105700,332250.0,332147.5751399994
20181001105800,331875.0,332100.4573702812
20181001105900,331875.0,331956.23487234116
20181001110000,331750.0,331784.9899530411
20181001110100,331875.0,331717.942237854
20181001110200,331875.0,331727.91934013367
20181001110300,332000.00000000006,331784.9899530411
20181001110400,332250.0,331852.05310583115
20181001110500,332250.0,332043.33823919296
20181001110600,332125.0,332157.5853228569
20181001110700,332250.0,332090.4538035393
20181001110800,332375.0,332100.4573702812
20181001110900,332375.0,332224.72566366196
20181001111000,332250.0,332281.87346458435
20181001111100,332250.0,332214.71548080444
20181001111200,332375.0,332157.5853228569
20181001111300,332375.0,332224.72566366196
20181001111400,332375.0,332281.87346458435
20181001111500,332250.0,332281.87346458435
20181001111600,332250.0,332214.71548080444
20181001111700,332375.0,332157.5853228569
20181001111800,332750.0,332224.72566366196
20181001111900,332875.0,332483.42901468277
20181001112000,332625.0,332722.25534915924
20181001112100,332750.0,332644.95927095413
20181001112200,332625.0,332597.8084206581
20181001112300,332625.0,332587.7717733383
20181001112400,332250.0,332530.5886864662
20181001112500,332000.00000000006,332328.99564504623
20181001112600,331875.0,332023.3355164528
20181001112700,331750.0,331842.0649766922
20181001112800,331875.0,331717.942237854
20181001112900,332250.0,331727.91934013367
20181001113000,332125.0,331986.2235188484
20181001113100,332375.0,332090.4538035393
20181001113200,332375.0,332167.58888959885
20181001113300,332250.0,332281.87346458435
20181001113400,332250.0,332214.71548080444
20181001113500,332250.0,332157.5853228569
20181001113600,332375.0,332157.5853228569
20181001113700,332375.0,332224.72566366196
20181001113800,332375.0,332281.87346458435
20181001113900,332250.0,332281.87346458435
20181001114000,332250.0,332214.71548080444
20181001114100,332250.0,332157.5853228569
20181001114200,332250.0,332157.5853228569
20181001114300,332375.0,332157.5853228569
20181001114400,332375.0,332224.72566366196
20181001114500,332250.0,332281.87346458435
20181001114600,332375.0,332214.71548080444
20181001114700,332250.0,332224.72566366196
20181001114800,332250.0,332214.71548080444
20181001114900,332250.0,332157.5853228569
20181001115000,332375.0,332157.5853228569
20181001115100,332750.0,332224.72566366196
20181001115200,332750.0,332483.42901468277
20181001115300,332750.0,332655.0069451332
20181001115400,332750.0,332655.0069451332
20181001115500,332625.0,332655.0069451332
20181001115600,332875.0,332587.7717733383
20181001115700,332875.0,332665.04579782486
20181001115800,332875.0,332779.47372198105
20181001115900,333125.0,332779.47372198105
20181001120000,333250.0,332914.0411019325
20181001120100,333375.0,333095.86519002914
20181001120200,333375.0,333220.48634290695
20181001120300,333250.0,333277.7686715126
20181001120400,333250.0,333210.4077935219
20181001120500,332750.0,333153.13428640366
20181001120600,332625.0,332883.85617733
20181001120700,332625.0,332587.7717733383
20181001120800,332250.0,332530.5886864662
20181001120900,332375.0,332328.99564504623
20181001121000,332250.0,332224.72566366196
20181001121100,332250.0,332214.71548080444
20181001121200,332250.0,332157.5853228569
20181001121300,332375.0,332157.5853228569
20181001121400,332250.0,332224.72566366196
20181001121500,332500.0,332214.71548080444
20181001121600,332875.0,332291.8880581856
20181001121700,332750.0,332607.84286260605
20181001121800,332750.0,332712.209880352
20181001121900,332750.0,332655.0069451332
20181001122000,332750.0,332655.0069451332
20181001122100,332750.0,332655.0069451332
20181001122200,332875.0,332655.0069451332
20181001122300,332750.0,332722.25534915924
20181001122400,332625.0,332712.209880352
20181001122500,332625.0,332587.7717733383
20181001122600,332750.0,332530.5886864662
20181001122700,332875.0,332597.8084206581
20181001122800,332875.0,332722.25534915924
20181001122900,332750.0,332779.47372198105
20181001123000,332625.0,332712.209880352
20181001123100,332375.0,332587.7717733383
20181001123200,332250.0,332396.17788791656
20181001123300,332375.0,332214.71548080444
20181001123400,332125.0,332224.72566366196
20181001123500,332250.0,332147.5751399994
20181001123600,332250.0,332100.4573702812
20181001123700,332500.0,332157.5853228569
20181001123800,332375.0,332291.8880581856
20181001123900,332375.0,332339.02126550674
20181001124000,332125.0,332281.87346458435
20181001124100,332375.0,332147.5751399994
20181001124200,332375.0,332167.58888959885
20181001124300,332250.0,332281.87346458435
20181001124400,332250.0,332214.71548080444
20181001124500,332250.0,332157.5853228569
20181001124600,332250.0,332157.5853228569
20181001124700,332750.0,332157.5853228569
20181001124800,332750.0,332426.2481331825
20181001124900,332875.0,332655.0069451332
20181001125000,332750.0,332722.25534915924
20181001125100,332875.0,332712.209880352
20181001125200,332750.0,332722.25534915924
20181001125300,332875.0,332712.209880352
20181001125400,332750.0,332722.25534915924
20181001125500,332750.0,332712.209880352
20181001125600,332750.0,332655.0069451332
20181001125700,332875.0,332655.0069451332
20181001125800,332750.0,332722.25534915924
20181001125900,332750.0,332712.209880352
20181001130000,332750.0,332655.0069451332
20181001130100,332750.0,332655.0069451332
20181001130200,332750.0,332655.0069451332
20181001130300,332750.0,332655.0069451332
20181001130400,332875.0,332655.0069451332
20181001130500,332750.0,332722.25534915924
20181001130600,332875.0,332712.209880352
20181001130700,332875.0,332722.25534915924
20181001130800,332750.0,332779.47372198105
20181001130900,332875.0,332712.209880352
20181001131000,332750.0,332722.25534915924
20181001131100,332750.0,332712.209880352
20181001131200,332875.0,332655.0069451332
20181001131300,332750.0,332722.25534915924
20181001131400,332750.0,332712.209880352
20181001131500,332750.0,332655.0069451332
20181001131600,332875.0,332655.0069451332
20181001131700,332875.0,332722.25534915924
20181001131800,332875.0,332779.47372198105
20181001131900,333125.0,332779.47372198105
20181001132000,333125.0,332914.0411019325
20181001132100,333000.0,333028.5351872444
20181001132200,332500.0,332961.22282743454
20181001132300,332250.0,332634.91600751877
20181001132400,332375.0,332271.85225486755
20181001132500,332500.0,332224.72566366196
20181001132600,332750.0,332349.04247522354
20181001132700,332875.0,332540.61871767044
20181001132800,333250.0,332722.25534915924
20181001132900,333375.0,332981.344640255
20181001133000,333125.0,333220.48634290695
20181001133100,333125.0,333143.0557370186
20181001133200,332875.0,333028.5351872444
20181001133300,332500.0,332893.9236998558
20181001133400,332250.0,332577.7263045311
20181001133500,332250.0,332271.85225486755
20181001133600,332375.0,332157.5853228569
20181001133700,332375.0,332224.72566366196
20181001133800,332875.0,332281.87346458435
20181001133900,332750.0,332550.6421327591
20181001134000,332750.0,332712.209880352
20181001134100,333125.0,332655.0069451332
20181001134200,333125.0,332856.80067539215
20181001134300,333125.0,333028.5351872444
20181001134400,333000.0,333028.5351872444
20181001134500,333125.0,332961.22282743454
20181001134600,333250.0,332971.2859392166
20181001134700,333125.0,333095.86519002914
20181001134800,333250.0,333085.7910513878
20181001134900,333375.0,333095.86519002914
20181001135000,333250.0,333220.48634290695
20181001135100,332875.0,333210.4077935219
20181001135200,333000.0,332951.1530995369
20181001135300,332875.0,332846.74859046936
20181001135400,332750.0,332836.6943001747
20181001135500,332750.0,332712.209880352
20181001135600,333125.0,332655.0069451332
20181001135700,332875.0,332856.80067539215
20181001135800,332875.0,332893.9236998558
20181001135900,332750.0,332779.47372198105
20181001140000,332625.0,332712.209880352
20181001140100,332875.0,332587.7717733383
20181001140200,333375.0,332665.04579782486
20181001140300,333250.0,333048.6636161804
20181001140400,333500.0,333210.4077935219
20181001140500,333375.0,333287.8516316414
20181001140600,333250.0,333335.0598216057
20181001140700,333125.0,333210.4077935219
20181001140800,332875.0,333085.7910513878
20181001140900,332875.0,332893.9236998558
20181001141000,332750.0,332779.47372198105
20181001141100,333125.0,332712.209880352
20181001141200,333375.0,332856.80067539215
20181001141300,333250.0,333163.2040143013
20181001141400,333500.0,333210.4077935219
20181001141500,333500.0,333287.8516316414
20181001141600,333125.0,333402.4515748024
20181001141700,333250.0,333200.3204226494
20181001141800,333250.0,333095.86519002914
20181001141900,333250.0,333153.13428640366
20181001142000,333375.0,333153.13428640366
20181001142100,332875.0,333220.48634290695
20181001142200,332875.0,333008.3913207054
20181001142300,333000.0,332779.47372198105
20181001142400,333000.0,332846.74859046936
20181001142500,332875.0,332903.984606266
20181001142600,332750.0,332836.6943001747
20181001142700,332750.0,332712.209880352
20181001142800,332875.0,332655.0069451332
20181001142900,333000.0,332722.25534915924
20181001143000,332750.0,332846.74859046936
20181001143100,332875.0,332769.42163705826
20181001143200,332750.0,332722.25534915924
20181001143300,333000.0,332712.209880352
20181001143400,332875.0,332789.523601532
20181001143500,332875.0,332836.6943001747
20181001143600,332750.0,332779.47372198105
20181001143700,332625.0,332712.209880352
20181001143800,332250.0,332587.7717733383
20181001143900,332500.0,332328.99564504623
20181001144000,332250.0,332291.8880581856
20181001144100,332250.0,332271.85225486755
20181001144200,332375.0,332157.5853228569
20181001144300,332250.0,332224.72566366196
20181001144400,332250.0,332214.71548080444
20181001144500,332750.0,332157.5853228569
20181001144600,332875.0,332426.2481331825
20181001144700,333000.0,332722.25534915924
20181001144800,332875.0,332846.74859046936
20181001144900,332875.0,332836.6943001747
20181001145000,332375.0,332779.47372198105
20181001145100,332500.0,332510.5065703392
20181001145200,332375.0,332349.04247522354
20181001145300,332625.0,332339.02126550674
20181001145400,332875.0,332416.23133420944
20181001145500,332875.0,332665.04579782486
20181001145600,332750.0,332779.47372198105
20181001145700,332750.0,332712.209880352
20181001145800,332625.0,332655.0069451332
20181001145900,332250.0,332587.7717733383
20181001150000,332250.0,332328.99564504623
20181001150100,332250.0,332157.5853228569
20181001150200,332500.0,332157.5853228569
20181001150300,332375.0,332291.8880581856
20181001150400,332750.0,332339.02126550674
20181001150500,332375.0,332483.42901468277
20181001150600,332500.0,332453.3389210701
20181001150700,332375.0,332349.04247522354
20181001150800,332500.0,332339.02126550674
20181001150900,332500.0,332349.04247522354
20181001151000,332375.0,332406.2079191208
20181001151100,332500.0,332339.02126550674
20181001151200,332250.0,332349.04247522354
20181001151300,332250.0,332271.85225486755
20181001151400,332250.0,332157.5853228569
20181001151500,332500.0,332157.5853228569
20181001151600,332375.0,332291.8880581856
20181001151700,332750.0,332339.02126550674
20181001151800,332875.0,332483.42901468277
20181001151900,332750.0,332722.25534915924
20181001153000,331500.0,332712.209880352
20181001153500,331500.0,331983.2815527916
20181002090000,331000.0,331412.813603878
20181002090100,330750.0,331145.0483798981
20181002090200,330500.0,330783.56808423996
20181002090300,330500.0,330536.1981391907
20181002090400,330750.0,330422.4781394005
20181002090500,330625.0,330555.9891462326
20181002090600,330750.0,330602.9745936394
20181002090800,331000.0,330612.8723025322
20181002090900,330750.0,330803.39217185974
20181002091000,330874.99999999994,330783.56808423996
20181002091100,331000.0,330736.5716099739
20181002091200,331000.0,330860.31943559647
20181002091300,331000.0,330917.25331544876
20181002091400,330625.0,330917.25331544876
20181002091500,331500.0,330716.749727726
20181002091600,332000.00000000006,331013.8706564903
20181002091700,332375.0,331680.82362413406
20181002091800,332125.0,332110.45652627945
20181002092000,331750.0,332147.5751399994
20181002092100,331750.0,331832.07243680954
20181002092300,331750.0,331660.88485717773
20181002092400,331750.0,331660.88485717773
20181002092500,331500.0,331660.88485717773
20181002092600,331125.0,331526.859998703
20181002092700,331249.99999999994,331211.9659781456
20181002092800,331500.0,331107.962846756
20181002092900,331249.99999999994,331298.79808425903
20181002093000,331249.99999999994,331278.901219368
20181002093100,331375.0,331164.9364233017
20181002093200,331375.0,331231.85843229294
20181002093300,331249.99999999994,331288.8496518135
20181002093400,331500.0,331221.916615963
20181002093500,331750.0,331298.79808425903
20181002093600,332375.0,331546.7899441719
20181002093700,332375.0,331996.2094426155
20181002093800,332500.0,332281.87346458435
20181002093900,333000.0,332349.04247522354
20181002094000,333875.0,332675.0802397728
20181002094100,333875.0,333375.3872513771
20181002094200,334250.0,333776.7384648323
20181002094300,334625.0,333979.20483350754
20181002094400,334125.0,334354.0695309639
20181002094500,334000.0,334256.0341358185
20181002094600,333875.0,333958.946287632
20181002094700,333875.0,333834.0913653374
20181002094800,333875.0,333776.7384648323
20181002094900,334000.0,333776.7384648323
20181002095000,333875.0,333844.20961141586
20181002095100,334125.0,333834.0913653374
20181002095200,334125.0,333911.702811718
20181002095300,333875.0,334026.4615416527
20181002095400,333875.0,333891.45308732986
20181002095500,334125.0,333776.7384648323
20181002095600,334000.0,333911.702811718
20181002095700,333875.0,333958.946287632
20181002095800,333750.0,333834.0913653374
20181002095900,334000.0,333709.27172899246
20181002100000,333750.0,333786.8523001671
20181002100100,333750.0,333766.6158080101
20181002100200,333750.0,333651.9342660904
20181002100300,333750.0,333651.9342660904
20181002100400,333875.0,333651.9342660904
20181002100500,333875.0,333719.38556432724
20181002100600,333875.0,333776.7384648323
20181002100700,333875.0,333776.7384648323
20181002100800,334000.0,333776.7384648323
20181002100900,333875.0,333844.20961141586
20181002101000,334000.0,333834.0913653374
20181002101100,334000.0,333844.20961141586
20181002101200,334000.0,333901.57574415207
20181002101300,333750.0,333901.57574415207
20181002101400,333875.0,333766.6158080101
20181002101500,333625.0,333719.38556432724
20181002101600,333750.0,333641.8204307556
20181002101700,333750.0,333594.60121393204
20181002101800,333625.0,333651.9342660904
20181002101900,333875.0,333584.4962000847
20181002102000,333875.0,333662.0414853096
20181002102100,333750.0,333776.7384648323
20181002102200,333875.0,333709.27172899246
20181002102300,333625.0,333719.38556432724
20181002102400,333625.0,333641.8204307556
20181002102500,333625.0,333527.17196941376
20181002102600,333375.0,333527.17196941376
20181002102700,333375.0,333392.3553824425
20181002102800,333125.0,333277.7686715126
20181002102900,333250.0,333143.0557370186
20181002103000,333375.0,333095.86519002914
20181002103100,333375.0,333220.48634290695
20181002103200,333000.0,333277.7686715126
20181002103300,332500.0,333075.7147073746
20181002103400,332250.0,332634.91600751877
20181002103500,332250.0,332271.85225486755
20181002103600,332375.0,332157.5853228569
20181002103700,332375.0,332224.72566366196
20181002103800,332125.0,332281.87346458435
20181002103900,332250.0,332147.5751399994
20181002104000,332125.0,332100.4573702812
20181002104100,331875.0,332090.4538035393
20181002104200,331750.0,331899.1510272026
20181002104300,331625.00000000006,331717.942237854
20181002104400,331875.0,331593.8614010811
20181002104500,331750.0,331670.8553433418
20181002104600,331625.00000000006,331717.942237854
20181002104700,331625.00000000006,331593.8614010811
20181002104800,331625.00000000006,331536.8260741234
20181002104900,331750.0,331536.8260741234
20181002105000,331625.00000000006,331603.83409261703
20181002105100,331375.0,331593.8614010811
20181002105200,331375.0,331402.85634994507
20181002105300,331249.99999999994,331288.8496518135
20181002105400,331375.0,331221.916615963
20181002105500,331249.99999999994,331231.85843229294
20181002105600,331249.99999999994,331221.916615963
20181002105700,331249.99999999994,331164.9364233017
20181002105800,331375.0,331164.9364233017
20181002105900,331249.99999999994,331231.85843229294
20181002110000,331125.0,331221.916615963
20181002110100,331249.99999999994,331098.0276465416
20181002110200,331375.0,331107.962846756
20181002110300,331125.0,331231.85843229294
20181002110400,331249.99999999994,331154.99460697174
20181002110500,331125.0,331107.962846756
20181002110600,331249.99999999994,331098.0276465416
20181002110700,331249.99999999994,331107.962846756
20181002110800,331375.0,331164.9364233017
20181002110900,331375.0,331231.85843229294
20181002111000,331249.99999999994,331288.8496518135
20181002111100,331249.99999999994,331221.916615963
20181002111200,331125.0,331164.9364233017
20181002111300,331125.0,331098.0276465416
20181002111400,331125.0,331041.0695075989
20181002111500,331125.0,331041.0695075989
20181002111600,331249.99999999994,331041.0695075989
20181002111700,331375.0,331107.962846756
20181002111800,331249.99999999994,331231.85843229294
20181002111900,331375.0,331221.916615963
20181002112000,331375.0,331231.85843229294
20181002112100,331249.99999999994,331288.8496518135
20181002112200,331125.0,331221.916615963
20181002112300,331375.0,331098.0276465416
20181002112400,331375.0,331174.87382888794
20181002112500,331249.99999999994,331288.8496518135
20181002112600,331125.0,331221.916615963
20181002112700,330874.99999999994,331098.0276465416
20181002112800,330750.0,330907.3269367218
20181002112900,330750.0,330726.66507959366
20181002113000,330750.0,330669.76648569107
20181002113100,330625.0,330669.76648569107
20181002113200,330625.0,330602.9745936394
20181002113300,330625.0,330546.09805345535
20181002113400,330625.0,330546.09805345535
20181002113500,330874.99999999994,330546.09805345535
20181002113600,330874.99999999994,330679.6686053276
20181002113700,330750.0,330793.4856414795
20181002113800,330625.0,330726.66507959366
20181002113900,330750.0,330602.9745936394
20181002114000,330750.0,330612.8723025322
20181002114100,330750.0,330669.76648569107
20181002114200,330874.99999999994,330669.76648569107
20181002114300,330750.0,330736.5716099739
20181002114400,330625.0,330726.66507959366
20181002114500,330625.0,330602.9745936394
20181002114600,330750.0,330546.09805345535
20181002114700,330750.0,330612.8723025322
20181002114800,330750.0,330669.76648569107
20181002114900,330625.0,330669.76648569107
20181002115000,330750.0,330602.9745936394
20181002115100,330874.99999999994,330612.8723025322
20181002115200,330625.0,330736.5716099739
20181002115300,330625.0,330659.85774993896
20181002115400,330874.99999999994,330546.09805345535
20181002115500,330874.99999999994,330679.6686053276
20181002115600,330874.99999999994,330793.4856414795
20181002115700,330625.0,330793.4856414795
20181002115800,330625.0,330659.85774993896
20181002115900,330750.0,330546.09805345535
20181002120000,330750.0,330612.8723025322
20181002120100,331000.0,330669.76648569107
20181002120200,331375.0,330803.39217185974
20181002120300,331125.0,331117.8958415985
20181002120400,331375.0,331154.99460697174
20181002120500,331375.0,331174.87382888794
20181002120600,331249.99999999994,331288.8496518135
20181002120700,331125.0,331221.916615963
20181002120800,331249.99999999994,331098.0276465416
20181002120900,331375.0,331107.962846756
20181002121000,331249.99999999994,331231.85843229294
20181002121100,331249.99999999994,331221.916615963
20181002121200,331249.99999999994,331164.9364233017
20181002121300,331249.99999999994,331164.9364233017
20181002121400,331375.0,331164.9364233017
20181002121500,331125.0,331231.85843229294
20181002121600,331125.0,331154.99460697174
20181002121700,331249.99999999994,331041.0695075989
20181002121800,331249.99999999994,331107.962846756
20181002121900,331125.0,331164.9364233017
20181002122000,331249.99999999994,331098.0276465416
20181002122100,331249.99999999994,331107.962846756
20181002122200,331125.0,331164.9364233017
20181002122300,331125.0,331098.0276465416
20181002122400,331249.99999999994,331041.0695075989
20181002122500,331125.0,331107.962846756
20181002122600,331249.99999999994,331098.0276465416
20181002122700,331249.99999999994,331107.962846756
20181002122800,331125.0,331164.9364233017
20181002122900,331125.0,331098.0276465416
20181002123000,330750.0,331041.0695075989
20181002123100,330874.99999999994,330840.4799103737
20181002123200,330874.99999999994,330736.5716099739
20181002123300,330625.0,330793.4856414795
20181002123400,330625.0,330659.85774993896
20181002123500,330750.0,330546.09805345535
20181002123600,330750.0,330612.8723025322
20181002123700,330750.0,330669.76648569107
20181002123800,330750.0,330669.76648569107
20181002123900,330750.0,330669.76648569107
20181002124000,330750.0,330669.76648569107
20181002124100,330625.0,330669.76648569107
20181002124200,330625.0,330602.9745936394
20181002124300,330874.99999999994,330546.09805345535
20181002124400,330750.0,330679.6686053276
20181002124500,330750.0,330726.66507959366
20181002124600,330874.99999999994,330669.76648569107
20181002124700,330874.99999999994,330736.5716099739
20181002124800,330750.0,330793.4856414795
20181002124900,330750.0,330726.66507959366
20181002125000,330750.0,330669.76648569107
20181002125100,330750.0,330669.76648569107
20181002125200,330750.0,330669.76648569107
20181002125300,330250.0,330669.76648569107
20181002125400,330375.0,330402.695953846
20181002125500,330250.0,330242.083132267
20181002125600,330250.0,330232.20747709274
20181002125700,330250.0,330175.39489269257
20181002125800,330250.0,330175.39489269257
20181002125900,330250.0,330175.39489269257
20181002130000,330250.0,330175.39489269257
20181002130100,330125.0,330175.39489269257
20181002130200,330250.0,330108.724296093
20181002130300,330125.0,330118.58892440796
20181002130400,330250.0,330108.724296093
20181002130500,330375.0,330118.58892440796
20181002130600,330375.0,330242.083132267
20181002130700,330375.0,330298.9089488983
20181002130800,330250.0,330298.9089488983
20181002130900,330125.0,330232.20747709274
20181002131000,330125.0,330108.724296093
20181002131100,330250.0,330051.9315600395
20181002131200,330375.0,330118.58892440796
20181002131300,330250.0,330242.083132267
20181002131400,330250.0,330232.20747709274
20181002131500,330125.0,330175.39489269257
20181002131600,330125.0,330108.724296093
20181002131700,330375.0,330051.9315600395
20181002131800,330250.0,330185.2617263794
20181002131900,330125.0,330232.20747709274
20181002132000,330125.0,330108.724296093
20181002132100,330375.0,330051.9315600395
20181002132200,330125.0,330185.2617263794
20181002132300,330125.0,330165.5258536339
20181002132400,329875.0,330051.9315600395
20181002132500,329875.0,329918.6609387398
20181002132600,329625.0,329805.1548600197
20181002132700,329750.0,329672.0121502876
20181002132800,329750.0,329625.1259446144
20181002132900,329875.0,329681.84810876846
20181002133000,329625.0,329748.4150528908
20181002133100,329750.0,329672.0121502876
20181002133200,329750.0,329625.1259446144
20181002133300,329625.0,329681.84810876846
20181002133400,329750.0,329615.30101299286
20181002133500,329750.0,329625.1259446144
20181002133600,329875.0,329681.84810876846
20181002133700,329875.0,329748.4150528908
20181002133800,329750.0,329805.1548600197
20181002133900,329625.0,329738.57468366623
20181002134000,329750.0,329615.30101299286
20181002134100,329625.0,329625.1259446144
20181002134200,329750.0,329615.30101299286
20181002134300,329875.0,329625.1259446144
20181002134400,329750.0,329748.4150528908
20181002134500,329750.0,329738.57468366623
20181002134600,329750.0,329681.84810876846
20181002134700,329750.0,329681.84810876846
20181002134800,329625.0,329681.84810876846
20181002134900,329875.0,329615.30101299286
20181002135000,329625.0,329691.6774511337
20181002135100,329750.0,329672.0121502876
20181002135200,329875.0,329625.1259446144
20181002135300,329625.0,329748.4150528908
20181002135400,329875.0,329672.0121502876
20181002135500,329625.0,329691.6774511337
20181002135600,329750.0,329672.0121502876
20181002135700,329875.0,329625.1259446144
20181002135800,329750.0,329748.4150528908
20181002135900,329625.0,329738.57468366623
20181002140000,329625.0,329615.30101299286
20181002140100,330000.0,329558.5942864418
20181002140200,329875.0,329758.2466006279
20181002140300,329875.0,329861.903488636
20181002140400,329750.0,329805.1548600197
20181002140500,329750.0,329738.57468366623
20181002140600,329875.0,329681.84810876846
20181002140700,329750.0,329748.4150528908
20181002140800,329875.0,329738.57468366623
20181002140900,329750.0,329748.4150528908
20181002141000,329750.0,329738.57468366623
20181002141100,329875.0,329681.84810876846
20181002141200,329875.0,329748.4150528908
20181002141300,329875.0,329805.1548600197
20181002141400,329750.0,329805.1548600197
20181002141500,329750.0,329738.57468366623
20181002141600,329750.0,329681.84810876846
20181002141700,329750.0,329681.84810876846
20181002141800,329750.0,329681.84810876846
20181002141900,329625.0,329681.84810876846
20181002142000,329750.0,329615.30101299286
20181002142100,329875.0,329625.1259446144
20181002142200,329875.0,329748.4150528908
20181002142300,329875.0,329805.1548600197
20181002142400,329875.0,329805.1548600197
20181002142500,329875.0,329805.1548600197
20181002142600,329750.0,329805.1548600197
20181002142700,329750.0,329738.57468366623
20181002142800,329625.0,329681.84810876846
20181002142900,329750.0,329615.30101299286
20181002143000,329875.0,329625.1259446144
20181002143100,329750.0,329748.4150528908
20181002143200,329750.0,329738.57468366623
20181002143300,329750.0,329681.84810876846
20181002143400,329875.0,329681.84810876846
20181002143500,330000.0,329748.4150528908
20181002143600,329875.0,329871.752679348
20181002143700,329750.0,329861.903488636
20181002143800,329875.0,329738.57468366623
20181002143900,330000.0,329748.4150528908
20181002144000,329875.0,329871.752679348
20181002144100,329750.0,329861.903488636
20181002144200,329750.0,329738.57468366623
20181002144300,329875.0,329681.84810876846
20181002144400,329625.0,329748.4150528908
20181002144500,329875.0,329672.0121502876
20181002144600,330000.0,329691.6774511337
20181002144700,329875.0,329871.752679348
20181002144800,329625.0,329861.903488636
20181002144900,329875.0,329672.0121502876
20181002145000,329375.0,329691.6774511337
20181002145100,329375.0,329538.9356017113
20181002145200,329250.0,329312.24542856216
20181002145300,329500.0,329245.79095840454
20181002145400,329375.0,329322.050511837
20181002145500,329375.0,329368.90584230423
20181002145600,329250.0,329312.24542856216
20181002145700,329250.0,329245.79095840454
20181002145800,329375.0,329189.1548037529
20181002145900,329375.0,329255.59163093567
20181002150000,329375.0,329312.24542856216
20181002150100,329375.0,329312.24542856216
20181002150200,329375.0,329312.24542856216
20181002150300,329375.0,329312.24542856216
20181002150400,329500.0,329312.24542856216
20181002150500,329125.0,329378.7153363228
20181002150600,329375.0,329235.9858751297
20181002150700,329375.0,329198.94886016846
20181002150800,329250.0,329312.24542856216
20181002150900,329375.0,329245.79095840454
20181002151000,329125.0,329255.59163093567
20181002151100,329250.0,329179.3541312218
20181002151200,329250.0,329132.52305984497
20181002151300,329250.0,329189.1548037529
20181002151400,329250.0,329189.1548037529
20181002151500,329375.0,329189.1548037529
20181002151600,329375.0,329255.59163093567
20181002151700,329000.0,329312.24542856216
20181002151800,328625.0,329112.932741642
20181002151900,328625.0,328744.1085577011
20181002153000,329000.0,328574.51766729355
20181002153500,329000.0,328773.40692281723
20181004090000,331000.0,328943.13234090805
20181004090100,330500.0,330007.188975811
20181004090200,330500.0,330649.94901418686
20181004090300,330125.0,330422.4781394005
20181004090400,329500.0,330222.32961654663
20181004090500,329250.0,329718.88732910156
20181004090600,328750.0,329302.4359345436
20181004090700,329000.0,328923.5662817955
20181004090800,328750.0,328829.97250556946
20181004090900,328875.0,328810.4329109192
20181004091000,328625.0,328763.64374160767
20181004091100,328625.0,328687.56943941116
20181004091200,328875.0,328574.51766729355
20181004091300,328750.0,328707.0913910866
20181004091400,329000.0,328753.8761496544
20181004091500,328875.0,328829.97250556946
20181004091600,328750.0,328876.77270174026
20181004091700,328625.0,328753.8761496544
20181004091800,328250.0,328631.03914260864
20181004091900,327875.0,328375.78719854355
20181004092000,327750.0,328007.9841017723
20181004092100,327750.0,327772.76796102524
20181004092200,327875.0,327716.4162993431
20181004092300,327750.0,327782.4605703354
20181004092400,327750.0,327772.76796102524
20181004092500,327500.0,327716.4162993431
20181004092600,327500.0,327584.3850970268
20181004092700,327500.0,327471.77439928055
20181004092800,327125.0,327471.77439928055
20181004092900,327250.0,327273.96136522293
20181004093000,327500.0,327171.1292862892
20181004093100,327500.0,327359.198987484
20181004093200,327500.0,327471.77439928055
20181004093300,327250.0,327471.77439928055
20181004093400,327500.0,327339.8777246475
20181004093500,327500.0,327359.198987484
20181004093600,327250.0,327471.77439928055
20181004093700,327250.0,327339.8777246475
20181004093800,327375.00000000006,327227.3706793785
20181004093900,327125.0,327293.2760119438
20181004094000,327625.0,327217.71997213364
20181004094100,327625.0,327368.85410547256
20181004094200,327750.0,327594.062268734
20181004094300,327625.0,327660.07566452026
20181004094400,327750.0,327650.39187669754
20181004094500,327875.0,327660.07566452026
20181004094600,327750.0,327782.4605703354
20181004094700,328125.0,327772.76796102524
20181004094800,327750.0,327914.59983587265
20181004094900,327375.00000000006,327885.4977488518
20181004095000,327000.00000000006,327518.39596033096
20181004095100,327375.00000000006,327151.83448791504
20181004095200,327250.0,327180.7733774185
20181004095300,327375.00000000006,327283.62089395523
20181004095400,327125.0,327293.2760119438
20181004095500,327250.0,327217.71997213364
20181004095600,327000.00000000006,327171.1292862892
20181004095700,326875.0,327095.61735391617
20181004095800,326624.99999999994,326917.3968434334
20181004095900,326875.0,326729.6844124794
20181004100000,326875.0,326748.90863895416
20181004100100,326750.0,326861.2216114998
20181004100200,326249.99999999994,326795.44419050217
20181004100300,326249.99999999994,326476.4393568039
20181004100400,326249.99999999994,326252.223610878
20181004100500,326249.99999999994,326252.223610878
20181004100600,326125.0,326252.223610878
20181004100700,326375.0,326186.62482500076
20181004100800,326249.99999999994,326261.7971301079
20181004100900,326500.0,326308.2599043846
20181004101000,326500.0,326383.4807276726
20181004101100,326249.99999999994,326495.6349134445
20181004101200,326500.0,326364.31163549423
20181004101300,326249.99999999994,326383.4807276726
20181004101400,326125.0,326364.31163549423
20181004101500,326375.0,326186.62482500076
20181004101600,326375.0,326261.7971301079
20181004101700,326500.0,326373.8961815834
20181004101800,326249.99999999994,326439.5523071289
20181004101900,326375.0,326364.31163549423
20181004102000,326125.0,326317.8422451019
20181004102100,326500.0,326242.64788627625
20181004102200,327625.0,326327.4179697037
20181004102300,328000.0,327087.5545144081
20181004102400,327250.0,327792.14656352997
20181004102500,327375.00000000006,327565.01311063766
20181004102600,327625.0,327293.2760119438
20181004102700,327750.0,327481.43833875656
20181004102800,327500.0,327660.07566452026
20181004102900,327375.00000000006,327584.3850970268
20181004103000,327250.0,327405.8205485344
20181004103100,327000.00000000006,327283.62089395523
20181004103200,326875.0,327095.61735391617
20181004103300,327000.00000000006,326917.3968434334
20181004103400,326875.0,326927.021086216
20181004103500,327250.0,326917.3968434334
20181004103600,328500.0,327058.6773753166
20181004103700,328875.0,327887.264251709
20181004103800,328875.0,328650.5478620529
20181004103900,328625.0,328820.2049136162
20181004104000,328625.0,328687.56943941116
20181004104100,328750.0,328574.51766729355
20181004104200,328875.0,328640.7935023308
20181004104300,328750.0,328763.64374160767
20181004104400,328750.0,328753.8761496544
20181004104500,328750.0,328697.33041524887
20181004104600,328875.0,328697.33041524887
20181004104700,328750.0,328763.64374160767
20181004104800,328500.0,328753.8761496544
20181004104900,328125.0,328564.76110219955
20181004105000,327750.0,328253.1288266182
20181004105100,328250.0,327885.4977488518
20181004105200,328375.0,327980.7014465332
20181004105300,328250.0,328272.5912332535
20181004105400,328375.0,328262.8633379936
20181004105500,328250.0,328272.5912332535
20181004105600,328375.0,328262.8633379936
20181004105700,328375.0,328272.5912332535
20181004105800,327750.0,328329.05757427216
20181004105900,326750.0,327998.2650279999
20181004110000,326249.99999999994,327188.74138593674
20181004110100,326249.99999999994,326476.4393568039
20181004110200,326375.0,326252.223610878
20181004110300,326249.99999999994,326317.8422451019
20181004110400,326750.0,326308.2599043846
20181004110500,327625.0,326514.81503248215
20181004110600,327750.0,327200.0461220741
20181004110700,328000.0,327660.07566452026
20181004110800,328000.0,327848.5224843025
20181004110900,327875.0,327961.29858493805
20181004111000,327750.0,327895.20359039307
20181004111100,328250.0,327772.76796102524
20181004111200,328500.0,327980.7014465332
20181004111300,328500.0,328338.78767490387
20181004111400,328250.0,328451.7578482628
20181004111500,328250.0,328319.3208575249
20181004111600,328125.0,328206.41243457794
20181004111700,328500.0,328140.2490735054
20181004111800,328250.0,328282.3147177696
20181004111900,328500.0,328319.3208575249
20181004112000,328500.0,328338.78767490387
20181004112100,328375.0,328451.7578482628
20181004112200,328375.0,328385.52832603455
20181004112300,328125.0,328329.05757427216
20181004112400,328125.0,328196.6845393181
20181004112500,328500.0,328083.82683992386
20181004112600,328125.0,328282.3147177696
20181004112700,327750.0,328253.1288266182
20181004112800,328000.0,327885.4977488518
20181004112900,328000.0,327848.5224843025
20181004113000,327750.0,327961.29858493805
20181004113100,328000.0,327829.1284441948
20181004113200,328625.0,327848.5224843025
20181004113300,328500.0,328292.03820228577
20181004113400,328375.0,328508.2572698593
20181004113500,328500.0,328385.52832603455
20181004113600,328750.0,328395.26945352554
20181004113700,328875.0,328584.2654109001
20181004113800,328875.0,328763.64374160767
20181004113900,328750.0,328820.2049136162
20181004114000,328625.0,328753.8761496544
20181004114100,328750.0,328631.03914260864
20181004114200,328875.0,328640.7935023308
20181004114300,328750.0,328763.64374160767
20181004114400,328750.0,328753.8761496544
20181004114500,328750.0,328697.33041524887
20181004114600,328750.0,328697.33041524887
20181004114700,329000.0,328697.33041524887
20181004114800,328875.0,328829.97250556946
20181004114900,328750.0,328876.77270174026
20181004115000,328125.0,328753.8761496544
20181004115100,328000.0,328366.04166030884
20181004115200,328250.0,328017.698764801
20181004115300,328250.0,328093.5392975807
20181004115400,328250.0,328206.41243457794
20181004115500,328750.0,328206.41243457794
20181004115600,328500.0,328471.2334871292
20181004115700,328625.0,328564.76110219955
20181004115800,329000.0,328518.0050134659
20181004115900,328875.0,328773.40692281723
20181004120000,328750.0,328876.77270174026
20181004120100,328750.0,328753.8761496544
20181004120200,329000.0,328697.33041524887
20181004120300,328750.0,328829.97250556946
20181004120400,328375.0,328810.4329109192
20181004120500,328000.0,328498.5029101372
20181004120600,327625.0,328130.5277943611
20181004120700,327875.0,327763.0687355995
20181004120800,327875.0,327726.10449790955
20181004120900,327875.0,327838.8276696205
20181004121000,328250.0,327838.8276696205
20181004121100,328250.0,328037.1148586273
20181004121200,328250.0,328206.41243457794
20181004121300,328375.0,328206.41243457794
20181004121400,328375.0,328272.5912332535
20181004121500,327625.0,328329.05757427216
20181004121600,327250.0,327932.16121196747
20181004121700,327500.0,327396.1499929428
20181004121800,327875.0,327359.198987484
20181004121900,328125.0,327669.7528362274
20181004122000,328250.0,327971.0000157356
20181004122100,328250.0,328149.9703526497
20181004122200,328250.0,328206.41243457794
20181004122300,328125.0,328206.41243457794
20181004122400,328250.0,328140.2490735054
20181004122500,328250.0,328149.9703526497
20181004122600,328250.0,328206.41243457794
20181004122700,328250.0,328206.41243457794
20181004122800,328250.0,328206.41243457794
20181004122900,328375.0,328206.41243457794
20181004123000,327750.0,328272.5912332535
20181004123100,327625.0,327998.2650279999
20181004123200,327750.0,327650.39187669754
20181004123300,327625.0,327660.07566452026
20181004123400,327750.0,327650.39187669754
20181004123500,327625.0,327660.07566452026
20181004123600,327750.0,327650.39187669754
20181004123700,327875.0,327660.07566452026
20181004123800,327750.0,327782.4605703354
20181004123900,327875.0,327772.76796102524
20181004124000,327750.0,327782.4605703354
20181004124100,328250.0,327772.76796102524
20181004124200,328375.0,327980.7014465332
20181004124300,328000.0,328272.5912332535
20181004124400,328125.0,328130.5277943611
20181004124500,327750.0,328027.409017086
20181004124600,327625.0,327885.4977488518
20181004124700,327750.0,327650.39187669754
20181004124800,327750.0,327660.07566452026
20181004124900,327750.0,327716.4162993431
20181004125000,327750.0,327716.4162993431
20181004125100,327750.0,327716.4162993431
20181004125200,327750.0,327716.4162993431
20181004125300,327875.0,327716.4162993431
20181004125400,327625.0,327782.4605703354
20181004125500,327875.0,327706.7258954048
20181004125600,327875.0,327726.10449790955
20181004125700,327875.0,327838.8276696205
20181004125800,327750.0,327838.8276696205
20181004125900,327750.0,327772.76796102524
20181004130000,327375.00000000006,327716.4162993431
20181004130100,327250.0,327518.39596033096
20181004130200,327500.0,327283.62089395523
20181004130300,327250.0,327359.198987484
20181004130400,327375.00000000006,327339.8777246475
20181004130500,327250.0,327293.2760119438
20181004130600,327250.0,327283.62089395523
20181004130700,327375.00000000006,327227.3706793785
20181004130800,327500.0,327293.2760119438
20181004130900,327375.00000000006,327415.4844880104
20181004131000,327250.0,327405.8205485344
20181004131100,327375.00000000006,327283.62089395523
20181004131200,327500.0,327293.2760119438
20181004131300,327125.0,327415.4844880104
20181004131400,327750.0,327273.96136522293
20181004131500,327750.0,327434.79692935944
20181004131600,327750.0,327716.4162993431
20181004131700,327750.0,327716.4162993431
20181004131800,327750.0,327716.4162993431
20181004131900,327750.0,327716.4162993431
20181004132000,328250.0,327716.4162993431
20181004132100,328375.0,327980.7014465332
20181004132200,328250.0,328272.5912332535
20181004132300,327500.0,328262.8633379936
20181004132400,327250.0,327809.7211718559
20181004132500,326875.0,327339.8777246475
20181004132600,327000.00000000006,327029.76936101913
20181004132700,327125.0,326927.021086216
20181004132800,327250.0,327049.0443110466
20181004132900,327750.0,327171.1292862892
20181004133000,327500.0,327491.1066889763
20181004133100,327250.0,327584.3850970268
20181004133200,326875.0,327339.8777246475
20181004133300,327000.00000000006,327029.76936101913
20181004133400,326875.0,326927.021086216
20181004133500,326875.0,326917.3968434334
20181004133600,326875.0,326861.2216114998
20181004133700,327000.00000000006,326861.2216114998
20181004133800,326750.0,326927.021086216
20181004133900,326875.0,326851.59957408905
20181004134000,326875.0,326805.0618171692
20181004134100,326624.99999999994,326861.2216114998
20181004134200,327000.00000000006,326729.6844124794
20181004134300,326750.0,326814.6750330925
20181004134400,326500.0,326851.59957408905
20181004134500,326249.99999999994,326607.8287959099
20181004134600,326249.99999999994,326364.31163549423
20181004134700,326375.0,326252.223610878
20181004134800,326500.0,326317.8422451019
20181004134900,326375.0,326439.5523071289
20181004135000,326125.0,326429.96445298195
20181004135100,326375.0,326242.64788627625
20181004135200,326249.99999999994,326261.7971301079
20181004135300,326249.99999999994,326308.2599043846
20181004135400,326375.0,326252.223610878
20181004135500,326375.0,326317.8422451019
20181004135600,326249.99999999994,326373.8961815834
20181004135700,326375.0,326308.2599043846
20181004135800,326249.99999999994,326317.8422451019
20181004135900,326125.0,326308.2599043846
20181004140000,326125.0,326186.62482500076
20181004140100,326249.99999999994,326130.61279058456
20181004140200,326249.99999999994,326196.19503617287
20181004140300,326249.99999999994,326252.223610878
20181004140400,326249.99999999994,326252.223610878
20181004140500,326249.99999999994,326252.223610878
20181004140600,326125.0,326252.223610878
20181004140700,326624.99999999994,326186.62482500076
20181004140800,326875.0,326393.0597603321
20181004140900,326750.0,326748.90863895416
20181004141000,326375.0,326795.44419050217
20181004141100,326249.99999999994,326542.12415218353
20181004141200,326249.99999999994,326308.2599043846
20181004141300,326375.0,326252.223610878
20181004141400,326000.0,326317.8422451019
20181004141500,325750.0,326177.0513057709
20181004141600,325750.0,325878.0392706394
20181004141700,325750.0,325766.1728858948
20181004141800,325625.0,325766.1728858948
20181004141900,325875.0,325700.7240653038
20181004142000,325750.0,325775.7089138031
20181004142100,325750.0,325822.1000134945
20181004142200,325750.0,325766.1728858948
20181004142300,326375.0,325766.1728858948
20181004142400,326125.0,326093.7257409096
20181004142500,326249.99999999994,326242.64788627625
20181004142600,326249.99999999994,326196.19503617287
20181004142700,326249.99999999994,326252.223610878
20181004142800,326249.99999999994,326252.223610878
20181004142900,326000.0,326252.223610878
20181004143000,325750.0,326121.04588747025
20181004143100,325625.0,325878.0392706394
20181004143200,325750.0,325700.7240653038
20181004143300,325750.0,325710.2545797825
20181004143400,325750.0,325766.1728858948
20181004143500,325625.0,325766.1728858948
20181004143600,325750.0,325700.7240653038
20181004143700,325625.0,325710.2545797825
20181004143800,325875.0,325700.7240653038
20181004143900,325750.0,325775.7089138031
20181004144000,325625.0,325822.1000134945
20181004144100,325625.0,325700.7240653038
20181004144200,325750.0,325644.82229948044
20181004144300,325750.0,325710.2545797825
20181004144400,325750.0,325766.1728858948
20181004144500,325625.0,325766.1728858948
20181004144600,325625.0,325700.7240653038
20181004144700,325625.0,325644.82229948044
20181004144800,325750.0,325644.82229948044
20181004144900,325750.0,325710.2545797825
20181004145000,325625.0,325766.1728858948
20181004145100,325625.0,325700.7240653038
20181004145200,325750.0,325644.82229948044
20181004145300,325875.0,325710.2545797825
20181004145400,325750.0,325831.6437602043
20181004145500,325875.0,325822.1000134945
20181004145600,325750.0,325831.6437602043
20181004145700,325750.0,325822.1000134945
20181004145800,325750.0,325766.1728858948
20181004145900,325875.0,325766.1728858948
20181004150000,325875.0,325831.6437602043
20181004150100,326000.0,325887.58742809296
20181004150200,326249.99999999994,325953.0935883522
20181004150300,326249.99999999994,326140.17528295517
20181004150400,326000.0,326252.223610878
20181004150500,325875.0,326121.04588747025
20181004150600,326249.99999999994,325943.5432255268
20181004150700,326000.0,326084.16986465454
20181004150800,325625.0,326121.04588747025
20181004150900,325875.0,325812.55626678467
20181004151000,326125.0,325775.7089138031
20181004151100,326249.99999999994,326018.6240077019
20181004151200,326125.0,326196.19503617287
20181004151300,326125.0,326186.62482500076
20181004151400,326375.0,326130.61279058456
20181004151500,326249.99999999994,326261.7971301079
20181004151600,326375.0,326308.2599043846
20181004151700,326375.0,326317.8422451019
20181004151800,326125.0,326373.8961815834
20181004151900,326125.0,326242.64788627625
20181004153000,327000.00000000006,326130.61279058456
20181004153500,327000.00000000006,326590.1020169258
20181005090000,327625.0,326983.21175575256
20181005090100,326500.0,327312.57301568985
20181005090200,326750.0,327000.8282661438
20181005090300,326500.0,326627.03758478165
20181005090400,326875.0,326607.8287959099
20181005090500,326750.0,326692.7664875984
20181005090700,326750.0,326795.44419050217
20181005090800,327000.00000000006,326739.2976284027
20181005090900,326624.99999999994,326870.8458542824
20181005091000,326500.0,326785.8243584633
20181005091100,326500.0,326551.7285466194
20181005091200,326375.0,326495.6349134445
20181005091300,325750.0,326429.96445298195
20181005091400,325000.0,326045.9187924862
20181005091500,324750.0,325373.7809956074
20181005091600,324750.0,324908.6427092552
20181005091700,324750.0,324797.2328364849
20181005091800,325000.0,324797.2328364849
20181005091900,324750.0,324927.5835454464
20181005092000,325000.0,324908.6427092552
20181005092100,325000.0,324927.5835454464
20181005092200,325000.0,325039.0639901161
20181005092300,324875.0,325039.0639901161
20181005092400,325000.0,324973.8423228264
20181005092500,325250.0,324983.3188056946
20181005092600,325375.0,325169.5690751076
20181005092700,325500.0,325346.48510813713
20181005092800,325250.0,325467.67580509186
20181005092900,325500.0,325392.80784130096
20181005093000,325250.0,325411.8258655071
20181005093100,325500.0,325392.80784130096
20181005093200,325250.0,325411.8258655071
20181005093300,325375.0,325392.80784130096
20181005093400,325375.0,325346.48510813713
20181005093500,325250.0,325402.31850743294
20181005093600,325375.0,325336.98216080666
20181005093700,325250.0,325346.48510813713
20181005093800,325250.0,325336.98216080666
20181005093900,325250.0,325281.1664044857
20181005094000,325125.0,325281.1664044857
20181005094100,325250.0,325215.867549181
20181005094200,325250.0,325225.36167502403
20181005094300,325375.0,325281.1664044857
20181005094400,325125.0,325346.48510813713
20181005094500,325250.0,325271.666765213
20181005094600,325250.0,325225.36167502403
20181005094700,325500.0,325281.1664044857
20181005094800,325375.0,325411.8258655071
20181005094900,325500.0,325458.16403627396
20181005095000,325250.0,325467.67580509186
20181005095100,325250.0,325392.80784130096
20181005095200,325500.0,325281.1664044857
20181005095300,325250.0,325411.8258655071
20181005095400,325500.0,325392.80784130096
20181005095500,325250.0,325411.8258655071
20181005095600,325500.0,325392.80784130096
20181005095700,325250.0,325411.8258655071
20181005095800,325375.0,325392.80784130096
20181005095900,325250.0,325346.48510813713
20181005100000,325375.0,325336.98216080666
20181005100100,325500.0,325346.48510813713
20181005100200,325125.0,325467.67580509186
20181005100300,325250.0,325327.47480273247
20181005100400,325375.0,325225.36167502403
20181005100500,325250.0,325346.48510813713
20181005100600,325500.0,325336.98216080666
20181005100700,325250.0,325411.8258655071
20181005100800,325375.0,325392.80784130096
20181005100900,325625.0,325346.48510813713
20181005101000,326000.0,325533.0540537834
20181005101100,325875.0,325841.18089079857
20181005101200,325875.0,325943.5432255268
20181005101300,325625.0,325887.58742809296
20181005101400,325750.0,325756.63244724274
20181005101500,326000.0,325710.2545797825
20181005101600,325750.0,325897.1311748028
20181005101700,326249.99999999994,325878.0392706394
20181005101800,326375.0,326028.17326784134
20181005101900,326375.0,326317.8422451019
20181005102000,326125.0,326373.8961815834
20181005102100,326375.0,326242.64788627625
20181005102200,326249.99999999994,326261.7971301079
20181005102300,326249.99999999994,326308.2599043846
20181005102400,326750.0,326252.223610878
20181005102500,327375.00000000006,326514.81503248215
20181005102600,327125.0,327068.3082342148
20181005102700,327250.0,327217.71997213364
20181005102800,327000.00000000006,327171.1292862892
20181005102900,326624.99999999994,327095.61735391617
20181005103000,326750.0,326785.8243584633
20181005103100,326875.0,326683.1642985344
20181005103200,326624.99999999994,326805.0618171692
20181005103300,326875.0,326729.6844124794
20181005103400,326750.0,326748.90863895416
20181005103500,326875.0,326795.44419050217
20181005103600,326624.99999999994,326805.0618171692
20181005103700,327000.00000000006,326729.6844124794
20181005103800,327375.00000000006,326814.6750330925
20181005103900,327375.00000000006,327180.7733774185
20181005104000,327250.0,327349.5394587517
20181005104100,326875.0,327283.62089395523
20181005104200,326750.0,327029.76936101913
20181005104300,326875.0,326795.44419050217
20181005104400,326875.0,326805.0618171692
20181005104500,326750.0,326861.2216114998
20181005104600,326750.0,326795.44419050217
20181005104700,326875.0,326739.2976284027
20181005104800,326624.99999999994,326805.0618171692
20181005104900,326375.0,326729.6844124794
20181005105000,326249.99999999994,326486.03934049606
20181005105100,326375.0,326308.2599043846
20181005105200,326249.99999999994,326317.8422451019
20181005105300,326249.99999999994,326308.2599043846
20181005105400,326375.0,326252.223610878
20181005105500,326249.99999999994,326317.8422451019
20181005105600,326249.99999999994,326308.2599043846
20181005105700,326375.0,326252.223610878
20181005105800,326375.0,326317.8422451019
20181005105900,326000.0,326373.8961815834
20181005110000,325500.0,326177.0513057709
20181005110100,325250.0,325747.08980321884
20181005110200,325375.0,325392.80784130096
20181005110300,325250.0,325346.48510813713
20181005110400,325375.0,325336.98216080666
20181005110500,325375.0,325346.48510813713
20181005110600,325375.0,325402.31850743294
20181005110700,325375.0,325402.31850743294
20181005110800,325250.0,325402.31850743294
20181005110900,325250.0,325336.98216080666
20181005111000,325250.0,325281.1664044857
20181005111100,325250.0,325281.1664044857
20181005111200,325250.0,325281.1664044857
20181005111300,325375.0,325281.1664044857
20181005111400,325250.0,325346.48510813713
20181005111500,325250.0,325336.98216080666
20181005111600,325125.0,325281.1664044857
20181005111700,325375.0,325215.867549181
20181005111800,325250.0,325290.6627357006
20181005111900,325250.0,325336.98216080666
20181005112000,325250.0,325281.1664044857
20181005112100,325375.0,325281.1664044857
20181005112200,325375.0,325346.48510813713
20181005112300,325375.0,325402.31850743294
20181005112400,325250.0,325402.31850743294
20181005112500,325375.0,325336.98216080666
20181005112600,325375.0,325346.48510813713
20181005112700,325375.0,325402.31850743294
20181005112800,325375.0,325402.31850743294
20181005112900,325250.0,325402.31850743294
20181005113000,325125.0,325336.98216080666
20181005113100,325375.0,325215.867549181
20181005113200,325250.0,325290.6627357006
20181005113300,325250.0,325336.98216080666
20181005113400,325375.0,325281.1664044857
20181005113500,325375.0,325346.48510813713
20181005113600,325125.0,325402.31850743294
20181005113700,325250.0,325271.666765213
20181005113800,325250.0,325225.36167502403
20181005113900,325250.0,325281.1664044857
20181005114000,325250.0,325281.1664044857
20181005114100,325375.0,325281.1664044857
20181005114200,325250.0,325346.48510813713
20181005114300,325375.0,325336.98216080666
20181005114400,325375.0,325346.48510813713
20181005114500,325375.0,325402.31850743294
20181005114600,325250.0,325402.31850743294
20181005114700,325250.0,325336.98216080666
20181005114800,325125.0,325281.1664044857
20181005114900,325250.0,325215.867549181
20181005115000,325375.0,325225.36167502403
20181005115100,325375.0,325346.48510813713
20181005115200,325250.0,325402.31850743294
20181005115300,325375.0,325336.98216080666
20181005115400,325250.0,325346.48510813713
20181005115500,325375.0,325336.98216080666
20181005115600,325250.0,325346.48510813713
20181005115700,325250.0,325336.98216080666
20181005115800,325500.0,325281.1664044857
20181005115900,325250.0,325411.8258655071
20181005120000,325250.0,325392.80784130096
20181005120100,325125.0,325281.1664044857
20181005120200,325125.0,325215.867549181
20181005120300,325375.0,325160.0815653801
20181005120400,325375.0,325290.6627357006
20181005120500,325250.0,325402.31850743294
20181005120600,325250.0,325336.98216080666
20181005120700,325375.0,325281.1664044857
20181005120800,325375.0,325346.48510813713
20181005120900,325250.0,325402.31850743294
20181005121000,325375.0,325336.98216080666
20181005121100,325250.0,325346.48510813713
20181005121200,325250.0,325336.98216080666
20181005121300,325250.0,325281.1664044857
20181005121400,325375.0,325281.1664044857
20181005121500,325375.0,325346.48510813713
20181005121600,325375.0,325402.31850743294
20181005121700,325250.0,325402.31850743294
20181005121800,325250.0,325336.98216080666
20181005121900,325500.0,325281.1664044857
20181005122000,325375.0,325411.8258655071
20181005122100,325375.0,325458.16403627396
20181005122200,325375.0,325402.31850743294
20181005122300,325375.0,325402.31850743294
20181005122400,325125.0,325402.31850743294
20181005122500,325375.0,325271.666765213
20181005122600,325375.0,325290.6627357006
20181005122700,325250.0,325402.31850743294
20181005122800,325250.0,325336.98216080666
20181005122900,325250.0,325281.1664044857
20181005123000,325250.0,325281.1664044857
20181005123100,325125.0,325281.1664044857
20181005123200,324875.0,325215.867549181
20181005123300,324625.0,325029.5830965042
20181005123400,324625.0,324787.7706885338
20181005123500,324750.0,324676.4170527458
20181005123600,324750.0,324741.5438890457
20181005123700,324875.0,324797.2328364849
20181005123800,324625.0,324862.39606142044
20181005123900,324750.0,324787.7706885338
20181005124000,324750.0,324741.5438890457
20181005124100,324875.0,324797.2328364849
20181005124200,324625.0,324862.39606142044
20181005124300,324875.0,324787.7706885338
20181005124400,324750.0,324806.6927790642
20181005124500,324750.0,324852.93170809746
20181005124600,324750.0,324797.2328364849
20181005124700,324750.0,324797.2328364849
20181005124800,324625.0,324797.2328364849
20181005124900,324750.0,324732.0894598961
20181005125000,324750.0,324741.5438890457
20181005125100,324875.0,324797.2328364849
20181005125200,324875.0,324862.39606142044
20181005125300,324750.0,324918.1136786938
20181005125400,324750.0,324852.93170809746
20181005125500,324750.0,324797.2328364849
20181005125600,324750.0,324797.2328364849
20181005125700,324625.0,324797.2328364849
20181005125800,325000.0,324732.0894598961
20181005125900,324875.0,324871.85820937157
20181005130000,324750.0,324973.8423228264
20181005130100,324875.0,324852.93170809746
20181005130200,324875.0,324862.39606142044
20181005130300,324625.0,324918.1136786938
20181005130400,324875.0,324787.7706885338
20181005130500,324625.0,324806.6927790642
20181005130600,324250.0,324787.7706885338
20181005130700,324375.0,324481.16996884346
20181005130800,324625.0,324379.39977645874
20181005130900,324875.0,324565.11414051056
20181005131000,324875.0,324806.6927790642
20181005131100,324750.0,324918.1136786938
20181005131200,324750.0,324852.93170809746
20181005131300,324875.0,324797.2328364849
20181005131400,324875.0,324862.39606142044
20181005131500,325125.0,324918.1136786938
20181005131600,325000.0,325048.54267835617
20181005131700,324875.0,325094.8224067688
20181005131800,324750.0,324973.8423228264
20181005131900,324875.0,324852.93170809746
20181005132000,324875.0,324862.39606142044
20181005132100,325125.0,324918.1136786938
20181005132200,325250.0,325048.54267835617
20181005132300,325250.0,325225.36167502403
20181005132400,325250.0,325281.1664044857
20181005132500,325250.0,325281.1664044857
20181005132600,325375.0,325281.1664044857
20181005132700,325250.0,325346.48510813713
20181005132800,325375.0,325336.98216080666
20181005132900,325375.0,325346.48510813713
20181005133000,325250.0,325402.31850743294
20181005133100,325375.0,325336.98216080666
20181005133200,325500.0,325346.48510813713
20181005133300,325875.0,325467.67580509186
20181005133400,326000.0,325719.7828888893
20181005133500,325750.0,325953.0935883522
20181005133600,325750.0,325878.0392706394
20181005133700,325750.0,325766.1728858948
20181005133800,325875.0,325766.1728858948
20181005133900,325875.0,325831.6437602043
20181005134000,325750.0,325887.58742809296
20181005134100,325875.0,325822.1000134945
20181005134200,325750.0,325831.6437602043
20181005134300,326125.0,325822.1000134945
20181005134400,326500.0,325962.64284849167
20181005134500,326000.0,326327.4179697037
20181005134600,325750.0,326233.0677509308
20181005134700,325875.0,325878.0392706394
20181005134800,325750.0,325831.6437602043
20181005134900,325750.0,325822.1000134945
20181005135000,325750.0,325766.1728858948
20181005135100,326000.0,325766.1728858948
20181005135200,325750.0,325897.1311748028
20181005135300,325750.0,325878.0392706394
20181005135400,325750.0,325766.1728858948
20181005135500,325750.0,325766.1728858948
20181005135600,325750.0,325766.1728858948
20181005135700,325875.0,325766.1728858948
20181005135800,325750.0,325831.6437602043
20181005135900,325625.0,325822.1000134945
20181005140000,326000.0,325700.7240653038
20181005140100,325750.0,325841.18089079857
20181005140200,326000.0,325878.0392706394
20181005140300,325875.0,325897.1311748028
20181005140400,325750.0,325943.5432255268
20181005140500,325750.0,325822.1000134945
20181005140600,325625.0,325766.1728858948
20181005140700,326000.0,325700.7240653038
20181005140800,325750.0,325841.18089079857
20181005140900,326000.0,325878.0392706394
20181005141000,325875.0,325897.1311748028
20181005141100,325625.0,325943.5432255268
20181005141200,325750.0,325756.63244724274
20181005141300,325750.0,325710.2545797825
20181005141400,325750.0,325766.1728858948
20181005141500,325875.0,325766.1728858948
20181005141600,325750.0,325831.6437602043
20181005141700,325875.0,325822.1000134945
20181005141800,325750.0,325831.6437602043
20181005141900,325750.0,325822.1000134945
20181005142000,325875.0,325766.1728858948
20181005142100,326000.0,325831.6437602043
20181005142200,326375.0,325953.0935883522
20181005142300,326375.0,326205.76083660126
20181005142400,326249.99999999994,326373.8961815834
20181005142500,326375.0,326308.2599043846
20181005142600,326249.99999999994,326317.8422451019
20181005142700,326249.99999999994,326308.2599043846
20181005142800,326249.99999999994,326252.223610878
20181005142900,326375.0,326252.223610878
20181005143000,326249.99999999994,326317.8422451019
20181005143100,326375.0,326308.2599043846
20181005143200,326500.0,326317.8422451019
20181005143300,326375.0,326439.5523071289
20181005143400,326875.0,326429.96445298195
20181005143500,326750.0,326636.63536310196
20181005143600,326750.0,326795.44419050217
20181005143700,326750.0,326739.2976284027
20181005143800,326875.0,326739.2976284027
20181005143900,326624.99999999994,326805.0618171692
20181005144000,326375.0,326729.6844124794
20181005144100,326249.99999999994,326486.03934049606
20181005144200,325875.0,326308.2599043846
20181005144300,325875.0,326055.48790097237
20181005144400,325875.0,325887.58742809296
20181005144500,325750.0,325887.58742809296
20181005144600,326000.0,325822.1000134945
20181005144700,325875.0,325897.1311748028
20181005144800,325750.0,325943.5432255268
20181005144900,325750.0,325822.1000134945
20181005145000,325750.0,325766.1728858948
20181005145100,325875.0,325766.1728858948
20181005145200,325625.0,325831.6437602043
20181005145300,325750.0,325756.63244724274
20181005145400,325750.0,325710.2545797825
20181005145500,325750.0,325766.1728858948
20181005145600,325875.0,325766.1728858948
20181005145700,325750.0,325831.6437602043
20181005145800,325875.0,325822.1000134945
20181005145900,325875.0,325831.6437602043
20181005150000,326125.0,325887.58742809296
20181005150100,326125.0,326018.6240077019
20181005150200,326750.0,326130.61279058456
20181005150300,326875.0,326458.7191939354
20181005150400,326750.0,326805.0618171692
20181005150500,326624.99999999994,326795.44419050217
20181005150600,326750.0,326673.55328798294
20181005150700,326875.0,326683.1642985344
20181005150800,326750.0,326805.0618171692
20181005150900,326750.0,326795.44419050217
20181005151000,326375.0,326739.2976284027
20181005151100,326249.99999999994,326542.12415218353
20181005151200,326249.99999999994,326308.2599043846
20181005151300,326249.99999999994,326252.223610878
20181005151400,326249.99999999994,326252.223610878
20181005151500,326375.0,326252.223610878
20181005151600,326125.0,326317.8422451019
20181005151700,326125.0,326242.64788627625
20181005151800,326624.99999999994,326130.61279058456
20181005151900,326875.0,326393.0597603321
20181005153000,327000.00000000006,326748.90863895416
20181005153500,327000.00000000006,326927.021086216
20181008090000,328250.0,326983.21175575256
20181008090100,328500.0,327642.4084305763
20181008090200,328000.0,328338.78767490387
20181008090400,327750.0,328186.95443868637
20181008090500,327000.00000000006,327829.1284441948
20181008090700,327500.0,327320.54764032364
20181008090800,327750.0,327246.6654777527
20181008090900,328000.0,327603.741645813
20181008091000,327875.0,327848.5224843025
20181008091100,328000.0,327895.20359039307
20181008091200,328000.0,327904.90502119064
20181008091300,328000.0,327961.29858493805
20181008091500,327750.0,327961.29858493805
20181008091600,327625.0,327829.1284441948
20181008091700,328000.0,327650.39187669754
20181008091800,327750.0,327792.14656352997
20181008091900,327750.0,327829.1284441948
20181008092000,328250.0,327716.4162993431
20181008092100,328500.0,327980.7014465332
20181008092200,329125.0,328338.78767490387
20181008092300,329500.0,328783.1634879112
20181008092400,329500.0,329265.39009809494
20181008092500,329875.0,329435.39118766785
20181008092600,329875.0,329634.9530816078
20181008092700,329750.0,329805.1548600197
20181008092800,329500.0,329738.57468366623
20181008092900,329375.0,329548.7671494484
20181008093000,329500.0,329368.90584230423
20181008093100,329750.0,329378.7153363228
20181008093200,329500.0,329568.4170126915
20181008093300,330000.0,329548.7671494484
20181008093400,330000.0,329701.5023827553
20181008093500,330000.0,329928.51454019547
20181008093600,329750.0,329928.51454019547
20181008093700,329875.0,329795.3122854233
20181008093800,330000.0,329748.4150528908
20181008093900,329750.0,329871.752679348
20181008094000,329875.0,329795.3122854233
20181008094100,329875.0,329748.4150528908
20181008094200,329750.0,329805.1548600197
20181008094300,329375.0,329738.57468366623
20181008094400,328875.0,329482.25313425064
20181008094500,328750.0,329046.53120040894
20181008094600,328875.0,328753.8761496544
20181008094700,329000.0,328763.64374160767
20181008094800,328875.0,328886.5469098091
20181008094900,329000.0,328876.77270174026
20181008095000,328875.0,328886.5469098091
20181008095100,329000.0,328876.77270174026
20181008095200,329250.0,328886.5469098091
20181008095300,329250.0,329075.90013742447
20181008095400,329250.0,329189.1548037529
20181008095500,329375.0,329189.1548037529
20181008095600,329500.0,329255.59163093567
20181008095700,329375.0,329378.7153363228
20181008095800,329500.0,329368.90584230423
20181008095900,329375.0,329378.7153363228
20181008100000,329250.0,329368.90584230423
20181008100100,329375.0,329245.79095840454
20181008100200,329250.0,329255.59163093567
20181008100300,329500.0,329245.79095840454
20181008100400,329500.0,329322.050511837
20181008100500,329375.0,329435.39118766785
20181008100600,329500.0,329368.90584230423
20181008100700,329750.0,329378.7153363228
20181008100800,329750.0,329568.4170126915
20181008100900,329875.0,329681.84810876846
20181008101000,329750.0,329748.4150528908
20181008101100,329875.0,329738.57468366623
20181008101200,329875.0,329748.4150528908
20181008101300,329750.0,329805.1548600197
20181008101400,329875.0,329738.57468366623
20181008101500,329875.0,329748.4150528908
20181008101600,329875.0,329805.1548600197
20181008101700,330125.0,329805.1548600197
20181008101800,330250.0,329938.36373090744
20181008101900,330375.0,330118.58892440796
20181008102000,330250.0,330242.083132267
20181008102100,330250.0,330232.20747709274
20181008102200,330125.0,330175.39489269257
20181008102300,330250.0,330108.724296093
20181008102400,330250.0,330118.58892440796
20181008102500,330375.0,330175.39489269257
20181008102600,330375.0,330242.083132267
20181008102700,330500.0,330298.9089488983
20181008102800,330375.0,330365.62806367874
20181008102900,330375.0,330355.7457923889
20181008103000,330500.0,330298.9089488983
20181008103100,330625.0,330365.62806367874
20181008103200,331000.0,330489.22592401505
20181008103300,330625.0,330746.47814035416
20181008103400,330500.0,330716.749727726
20181008103500,330375.0,330479.3348312378
20181008103600,330250.0,330355.7457923889
20181008103700,330375.0,330232.20747709274
20181008103800,330250.0,330242.083132267
20181008103900,330250.0,330232.20747709274
20181008104000,330250.0,330175.39489269257
20181008104100,330500.0,330175.39489269257
20181008104200,330375.0,330308.78460407257
20181008104300,330250.0,330355.7457923889
20181008104400,330500.0,330232.20747709274
20181008104500,330375.0,330308.78460407257
20181008104600,330125.0,330355.7457923889
20181008104700,330375.0,330165.5258536339
20181008104800,330375.0,330185.2617263794
20181008104900,330375.0,330298.9089488983
20181008105000,330375.0,330298.9089488983
20181008105100,330250.0,330298.9089488983
20181008105200,330375.0,330232.20747709274
20181008105300,330500.0,330242.083132267
20181008105400,330375.0,330365.62806367874
20181008105500,330375.0,330355.7457923889
20181008105600,330375.0,330298.9089488983
20181008105700,330375.0,330298.9089488983
20181008105800,330375.0,330298.9089488983
20181008105900,330250.0,330298.9089488983
20181008110000,330250.0,330232.20747709274
20181008110100,330125.0,330175.39489269257
20181008110200,328875.0,330108.724296093
20181008110300,328375.0,329386.2665295601
20181008110400,328875.0,328555.00453710556
20181008110500,328875.0,328594.0131545067
20181008110600,328625.0,328820.2049136162
20181008110700,328625.0,328687.56943941116
20181008110800,329250.0,328574.51766729355
20181008110900,329125.0,328906.0842990875
20181008111000,329500.0,329122.7290034294
20181008111100,329375.0,329265.39009809494
20181008111200,329750.0,329368.90584230423
20181008111300,329875.0,329511.7124915123
20181008111400,329875.0,329748.4150528908
20181008111500,330000.0,329805.1548600197
20181008111600,329750.0,329871.752679348
20181008111700,329750.0,329795.3122854233
20181008111800,329875.0,329681.84810876846
20181008111900,329875.0,329748.4150528908
20181008112000,329875.0,329805.1548600197
20181008112100,329875.0,329805.1548600197
20181008112200,329750.0,329805.1548600197
20181008112300,329750.0,329738.57468366623
20181008112400,329875.0,329681.84810876846
20181008112500,329875.0,329748.4150528908
20181008112600,329625.0,329805.1548600197
20181008112700,329750.0,329672.0121502876
20181008112800,329750.0,329625.1259446144
20181008112900,329875.0,329681.84810876846
20181008113000,329750.0,329748.4150528908
20181008113100,329750.0,329738.57468366623
20181008113200,329625.0,329681.84810876846
20181008113300,329750.0,329615.30101299286
20181008113400,329875.0,329625.1259446144
20181008113500,330000.0,329748.4150528908
20181008113600,329875.0,329871.752679348
20181008113700,329875.0,329861.903488636
20181008113800,329750.0,329805.1548600197
20181008113900,329750.0,329738.57468366623
20181008114000,329875.0,329681.84810876846
20181008114100,329875.0,329748.4150528908
20181008114200,329875.0,329805.1548600197
20181008114300,329750.0,329805.1548600197
20181008114400,329875.0,329738.57468366623
20181008114500,329750.0,329748.4150528908
20181008114600,329750.0,329738.57468366623
20181008114700,329875.0,329681.84810876846
20181008114800,329875.0,329748.4150528908
20181008114900,329875.0,329805.1548600197
20181008115000,329750.0,329805.1548600197
20181008115100,329750.0,329738.57468366623
20181008115200,329875.0,329681.84810876846
20181008115300,329875.0,329748.4150528908
20181008115400,329875.0,329805.1548600197
20181008115500,329875.0,329805.1548600197
20181008115600,329750.0,329805.1548600197
20181008115700,329750.0,329738.57468366623
20181008115800,329875.0,329681.84810876846
20181008115900,329750.0,329748.4150528908
20181008120000,330125.0,329738.57468366623
20181008120100,330250.0,329881.59304857254
20181008120200,330125.0,330118.58892440796
20181008120300,330250.0,330108.724296093
20181008120400,330250.0,330118.58892440796
20181008120500,330125.0,330175.39489269257
20181008120600,330250.0,330108.724296093
20181008120700,330375.0,330118.58892440796
20181008120800,330250.0,330242.083132267
20181008120900,330250.0,330232.20747709274
20181008121000,330375.0,330175.39489269257
20181008121100,330250.0,330242.083132267
20181008121200,330250.0,330232.20747709274
20181008121300,330375.0,330175.39489269257
20181008121400,330375.0,330242.083132267
20181008121500,330500.0,330298.9089488983
20181008121600,330375.0,330365.62806367874
20181008121700,330500.0,330355.7457923889
20181008121800,330125.0,330365.62806367874
20181008121900,330375.0,330222.32961654663
20181008122000,330375.0,330185.2617263794
20181008122100,330250.0,330298.9089488983
20181008122200,330250.0,330232.20747709274
20181008122300,330375.0,330175.39489269257
20181008122400,330375.0,330242.083132267
20181008122500,330500.0,330298.9089488983
20181008122600,330375.0,330365.62806367874
20181008122700,330250.0,330355.7457923889
20181008122800,330500.0,330232.20747709274
20181008122900,330375.0,330308.78460407257
20181008123000,330375.0,330355.7457923889
20181008123100,330375.0,330298.9089488983
20181008123200,330375.0,330298.9089488983
20181008123300,330375.0,330298.9089488983
20181008123400,330375.0,330298.9089488983
20181008123500,330250.0,330298.9089488983
20181008123600,330375.0,330232.20747709274
20181008123700,330375.0,330242.083132267
20181008123800,330125.0,330298.9089488983
20181008123900,330125.0,330165.5258536339
20181008124000,330250.0,330051.9315600395
20181008124100,330250.0,330118.58892440796
20181008124200,330375.0,330175.39489269257
20181008124300,330375.0,330242.083132267
20181008124400,330000.0,330298.9089488983
20181008124500,329875.0,330098.85305166245
20181008124600,329875.0,329861.903488636
20181008124700,329875.0,329805.1548600197
20181008124800,329875.0,329805.1548600197
20181008124900,329875.0,329805.1548600197
20181008125000,329875.0,329805.1548600197
20181008125100,329625.0,329805.1548600197
20181008125200,329750.0,329672.0121502876
20181008125300,330000.0,329625.1259446144
20181008125400,329875.0,329814.9974346161
20181008125500,329875.0,329861.903488636
20181008125600,329875.0,329805.1548600197
20181008125700,330000.0,329805.1548600197
20181008125800,329875.0,329871.752679348
20181008125900,329750.0,329861.903488636
20181008130000,330000.0,329738.57468366623
20181008130100,329875.0,329814.9974346161
20181008130200,329875.0,329861.903488636
20181008130300,329750.0,329805.1548600197
20181008130400,329875.0,329738.57468366623
20181008130500,330000.0,329748.4150528908
20181008130600,329875.0,329871.752679348
20181008130700,329875.0,329861.903488636
20181008130800,329750.0,329805.1548600197
20181008130900,329875.0,329738.57468366623
20181008131000,329750.0,329748.4150528908
20181008131100,329750.0,329738.57468366623
20181008131200,329875.0,329681.84810876846
20181008131300,329875.0,329748.4150528908
20181008131400,330000.0,329805.1548600197
20181008131500,329875.0,329871.752679348
20181008131600,329875.0,329861.903488636
20181008131700,329875.0,329805.1548600197
20181008131800,329875.0,329805.1548600197
20181008131900,329875.0,329805.1548600197
20181008132000,329875.0,329805.1548600197
20181008132100,329875.0,329805.1548600197
20181008132200,329875.0,329805.1548600197
20181008132300,329375.0,329805.1548600197
20181008132400,329125.0,329538.9356017113
20181008132500,329375.0,329179.3541312218
20181008132600,329250.0,329198.94886016846
20181008132700,329125.0,329245.79095840454
20181008132800,329375.0,329122.7290034294
20181008132900,329375.0,329198.94886016846
20181008133000,329375.0,329312.24542856216
20181008133100,329250.0,329312.24542856216
20181008133200,329125.0,329245.79095840454
20181008133300,329250.0,329122.7290034294
20181008133400,329250.0,329132.52305984497
20181008133500,329375.0,329189.1548037529
20181008133600,329375.0,329255.59163093567
20181008133700,329250.0,329312.24542856216
20181008133800,329375.0,329245.79095840454
20181008133900,329250.0,329255.59163093567
20181008134000,329125.0,329245.79095840454
20181008134100,329375.0,329122.7290034294
20181008134200,329375.0,329198.94886016846
20181008134300,329250.0,329312.24542856216
20181008134400,329125.0,329245.79095840454
20181008134500,328875.0,329122.7290034294
20181008134600,328875.0,328933.3493113518
20181008134700,329125.0,328820.2049136162
20181008134800,329375.0,328952.90875434875
20181008134900,329125.0,329198.94886016846
20181008135000,329250.0,329179.3541312218
20181008135100,329250.0,329132.52305984497
20181008135200,329250.0,329189.1548037529
20181008135300,329375.0,329189.1548037529
20181008135400,329250.0,329255.59163093567
20181008135500,329375.0,329245.79095840454
20181008135600,329250.0,329255.59163093567
20181008135700,329250.0,329245.79095840454
20181008135800,329250.0,329189.1548037529
20181008135900,329250.0,329189.1548037529
20181008140000,329375.0,329189.1548037529
20181008140100,329250.0,329255.59163093567
20181008140200,329250.0,329245.79095840454
20181008140300,329250.0,329189.1548037529
20181008140400,329750.0,329189.1548037529
20181008140500,329750.0,329455.01458644867
20181008140600,329875.0,329681.84810876846
20181008140700,329750.0,329748.4150528908
20181008140800,329375.0,329738.57468366623
20181008140900,329375.0,329482.25313425064
20181008141000,329375.0,329312.24542856216
20181008141100,329375.0,329312.24542856216
20181008141200,329250.0,329312.24542856216
20181008141300,329250.0,329245.79095840454
20181008141400,329250.0,329189.1548037529
20181008141500,329250.0,329189.1548037529
20181008141600,329375.0,329189.1548037529
20181008141700,329250.0,329255.59163093567
20181008141800,329375.0,329245.79095840454
20181008141900,329375.0,329255.59163093567
20181008142000,329250.0,329312.24542856216
20181008142100,329375.0,329245.79095840454
20181008142200,329375.0,329255.59163093567
20181008142300,329125.0,329312.24542856216
20181008142400,329625.0,329179.3541312218
20181008142500,329875.0,329331.8489789963
20181008142600,329750.0,329691.6774511337
20181008142700,329625.0,329738.57468366623
20181008142800,329875.0,329615.30101299286
20181008142900,329750.0,329691.6774511337
20181008143000,329625.0,329738.57468366623
20181008143100,329875.0,329615.30101299286
20181008143200,329750.0,329691.6774511337
20181008143300,329875.0,329738.57468366623
20181008143400,329750.0,329748.4150528908
20181008143500,330125.0,329738.57468366623
20181008143600,329750.0,329881.59304857254
20181008143700,329750.0,329852.05429792404
20181008143800,330125.0,329681.84810876846
20181008143900,330375.0,329881.59304857254
20181008144000,330375.0,330185.2617263794
20181008144100,330375.0,330298.9089488983
20181008144200,330375.0,330298.9089488983
20181008144300,330375.0,330298.9089488983
20181008144400,330125.0,330298.9089488983
20181008144500,329875.0,330165.5258536339
20181008144600,329750.0,329918.6609387398
20181008144700,329750.0,329738.57468366623
20181008144800,329875.0,329681.84810876846
20181008144900,329625.0,329748.4150528908
20181008145000,329750.0,329672.0121502876
20181008145100,329750.0,329625.1259446144
20181008145200,329750.0,329681.84810876846
20181008145300,329750.0,329681.84810876846
20181008145400,329875.0,329681.84810876846
20181008145500,329750.0,329748.4150528908
20181008145600,329875.0,329738.57468366623
20181008145700,329875.0,329748.4150528908
20181008145800,329875.0,329805.1548600197
20181008145900,329625.0,329805.1548600197
20181008150000,330000.0,329672.0121502876
20181008150100,330375.0,329758.2466006279
20181008150200,330250.0,330128.44693660736
20181008150300,330375.0,330232.20747709274
20181008150400,330250.0,330242.083132267
20181008150500,330250.0,330232.20747709274
20181008150600,330375.0,330175.39489269257
20181008150700,330375.0,330242.083132267
20181008150800,330375.0,330298.9089488983
20181008150900,330250.0,330298.9089488983
20181008151000,330375.0,330232.20747709274
20181008151100,329875.0,330242.083132267
20181008151200,329875.0,330032.19789266586
20181008151300,329750.0,329805.1548600197
20181008151400,329875.0,329738.57468366623
20181008151500,329750.0,329748.4150528908
20181008151600,329875.0,329738.57468366623
20181008151700,329875.0,329748.4150528908
20181008151800,329750.0,329805.1548600197
20181008151900,329750.0,329738.57468366623
20181008153000,330000.0,329681.84810876846
20181008153500,330000.0,329814.9974346161
20181010090000,330375.0,329928.51454019547
20181010090100,331249.99999999994,330128.44693660736
20181010090200,331500.0,330766.2691473961
20181010090300,331249.99999999994,331298.79808425903
20181010090400,330750.0,331278.901219368
20181010090500,330625.0,330897.40055799484
20181010090600,330500.0,330602.9745936394
20181010090700,330125.0,330479.3348312378
20181010090800,329625.0,330222.32961654663
20181010090900,328750.0,329785.46088933945
20181010091000,328750.0,329093.326985836
20181010091100,328750.0,328697.33041524887
20181010091200,329000.0,328697.33041524887
20181010091300,328750.0,328829.97250556946
20181010091400,329000.0,328810.4329109192
20181010091500,328625.0,328829.97250556946
20181010091600,329000.0,328744.1085577011
20181010091700,329000.0,328773.40692281723
20181010091800,329375.0,328943.13234090805
20181010091900,329500.0,329142.3082947731
20181010092000,329625.0,329378.7153363228
20181010092100,329750.0,329501.8963813782
20181010092200,329750.0,329625.1259446144
20181010092300,329750.0,329681.84810876846
20181010092400,329500.0,329681.84810876846
20181010092500,329750.0,329548.7671494484
20181010092600,329750.0,329568.4170126915
20181010092700,329125.0,329681.84810876846
20181010092800,328500.0,329349.273622036
20181010092900,328750.0,328734.33434963226
20181010093000,328375.0,328584.2654109001
20181010093100,328250.0,328498.5029101372
20181010093200,328125.0,328262.8633379936
20181010093300,328375.0,328140.2490735054
20181010093400,328250.0,328216.1337137222
20181010093500,328750.0,328262.8633379936
20181010093600,328750.0,328471.2334871292
20181010093700,328750.0,328697.33041524887
20181010093800,328375.0,328697.33041524887
20181010093900,327875.0,328498.5029101372
20181010094000,327625.0,328064.38648700714
20181010094100,327625.0,327706.7258954048
20181010094200,327750.0,327594.062268734
20181010094300,327750.0,327660.07566452026
20181010094400,327750.0,327716.4162993431
20181010094500,327625.0,327716.4162993431
20181010094600,327625.0,327650.39187669754
20181010094700,327875.0,327594.062268734
20181010094800,327750.0,327726.10449790955
20181010094900,327750.0,327772.76796102524
20181010095000,327625.0,327716.4162993431
20181010095100,327750.0,327650.39187669754
20181010095200,327625.0,327660.07566452026
20181010095300,327750.0,327650.39187669754
20181010095400,327750.0,327660.07566452026
20181010095500,327625.0,327716.4162993431
20181010095600,327250.0,327650.39187669754
20181010095700,326750.0,327396.1499929428
20181010095800,326249.99999999994,326963.93901109695
20181010095900,326249.99999999994,326476.4393568039
20181010100000,325750.0,326252.223610878
20181010100100,325250.0,325989.9497628212
20181010100200,325125.0,325504.4944882393
20181010100300,324625.0,325215.867549181
20181010100400,324750.0,324899.1684317589
20181010100500,324875.0,324741.5438890457
20181010100600,324500.0,324862.39606142044
20181010100700,324375.0,324722.63062000275
20181010100800,324250.0,324490.610063076
20181010100900,324375.0,324369.97401714325
20181010101000,324750.0,324379.39977645874
20181010101100,325000.0,324630.20238280296
20181010101200,324875.0,324927.5835454464
20181010101300,325000.0,324973.8423228264
20181010101400,324625.0,324983.3188056946
20181010101500,324750.0,324843.4651494026
20181010101600,325250.0,324741.5438890457
20181010101700,325250.0,325058.01475048065
20181010101800,325250.0,325281.1664044857
20181010101900,325375.0,325281.1664044857
20181010102000,325375.0,325346.48510813713
20181010102100,325125.0,325402.31850743294
20181010102200,325375.0,325271.666765213
20181010102300,325375.0,325290.6627357006
20181010102400,325250.0,325402.31850743294
20181010102500,325125.0,325336.98216080666
20181010102600,325250.0,325215.867549181
20181010102700,325250.0,325225.36167502403
20181010102800,325250.0,325281.1664044857
20181010102900,324875.0,325281.1664044857
20181010103000,324875.0,325085.3348970413
20181010103100,324750.0,324918.1136786938
20181010103200,324625.0,324852.93170809746
20181010103300,324750.0,324732.0894598961
20181010103400,324750.0,324741.5438890457
20181010103500,324625.0,324797.2328364849
20181010103600,324875.0,324732.0894598961
20181010103700,324750.0,324806.6927790642
20181010103800,324625.0,324852.93170809746
20181010103900,324875.0,324732.0894598961
20181010104000,324750.0,324806.6927790642
20181010104100,324750.0,324852.93170809746
20181010104200,324750.0,324797.2328364849
20181010104300,324875.0,324797.2328364849
20181010104400,324750.0,324862.39606142044
20181010104500,325125.0,324852.93170809746
20181010104600,325375.0,324992.7886724472
20181010104700,325250.0,325290.6627357006
20181010104800,325250.0,325336.98216080666
20181010104900,325250.0,325281.1664044857
20181010105000,325625.0,325281.1664044857
20181010105100,325875.0,325477.184265852
20181010105200,325750.0,325775.7089138031
20181010105300,325750.0,325822.1000134945
20181010105400,325750.0,325766.1728858948
20181010105500,325875.0,325766.1728858948
20181010105600,325750.0,325831.6437602043
20181010105700,325875.0,325822.1000134945
20181010105800,325625.0,325831.6437602043
20181010105900,325875.0,325756.63244724274
20181010110000,325875.0,325775.7089138031
20181010110100,325750.0,325887.58742809296
20181010110200,325875.0,325822.1000134945
20181010110300,325625.0,325831.6437602043
20181010110400,325625.0,325756.63244724274
20181010110500,325750.0,325644.82229948044
20181010110600,325500.0,325710.2545797825
20181010110700,325625.0,325635.2928876877
20181010110800,325625.0,325588.93156051636
20181010110900,325875.0,325644.82229948044
20181010111000,325875.0,325775.7089138031
20181010111100,325500.0,325887.58742809296
20181010111200,325125.0,325691.1847293377
20181010111300,325250.0,325327.47480273247
20181010111400,325250.0,325225.36167502403
20181010111500,325125.0,325281.1664044857
20181010111600,325250.0,325215.867549181
20181010111700,325375.0,325225.36167502403
20181010111800,325250.0,325346.48510813713
20181010111900,325375.0,325336.98216080666
20181010112000,325375.0,325346.48510813713
20181010112100,325250.0,325402.31850743294
20181010112200,325250.0,325336.98216080666
20181010112300,325250.0,325281.1664044857
20181010112400,324875.0,325281.1664044857
20181010112500,325125.0,325085.3348970413
20181010112600,325250.0,325048.54267835617
20181010112700,325125.0,325225.36167502403
20181010112800,324875.0,325215.867549181
20181010112900,324875.0,325029.5830965042
20181010113000,324875.0,324918.1136786938
20181010113100,324625.0,324918.1136786938
20181010113200,324500.0,324787.7706885338
20181010113300,324125.0,324611.31447553635
20181010113400,324250.0,324360.54384708405
20181010113500,324375.0,324258.8232755661
20181010113600,324125.0,324379.39977645874
20181010113700,324125.0,324304.9684762955
20181010113800,324125.0,324193.85743141174
20181010113900,323750.0,324193.85743141174
20181010114000,323875.0,323999.0856051445
20181010114100,323625.0,323897.5183069706
20181010114200,323875.0,323823.2887983322
20181010114300,323875.0,323842.05320477486
20181010114400,323625.0,323952.99553871155
20181010114500,323750.0,323823.2887983322
20181010114600,323875.0,323777.22519636154
20181010114700,323750.0,323897.5183069706
20181010114800,323500.0,323888.13003897667
20181010114900,323625.0,323703.04530858994
20181010115000,323750.0,323657.001554966
20181010115100,324000.0,323777.22519636154
20181010115200,324625.0,323962.38601207733
20181010115300,324625.0,324398.24137091637
20181010115400,324250.0,324676.4170527458
20181010115500,324250.0,324481.16996884346
20181010115600,324500.0,324314.3920302391
20181010115700,324625.0,324444.428473711
20181010115800,324375.0,324620.7578778267
20181010115900,324250.0,324546.2317466736
20181010120000,324375.0,324369.97401714325
20181010120100,324375.0,324379.39977645874
20181010120200,324750.0,324434.9972009659
20181010120300,324625.0,324630.20238280296
20181010120400,324875.0,324732.0894598961
20181010120500,324625.0,324806.6927790642
20181010120600,324500.0,324787.7706885338
20181010120700,324250.0,324611.31447553635
20181010120800,324875.0,324425.5648255348
20181010120900,324875.0,324639.6424770355
20181010121000,324750.0,324918.1136786938
20181010121100,324500.0,324852.93170809746
20181010121200,324500.0,324666.96813702583
20181010121300,324625.0,324555.6751489639
20181010121400,324250.0,324620.7578778267
20181010121500,324250.0,324481.16996884346
20181010121600,324250.0,324314.3920302391
20181010121700,324250.0,324314.3920302391
20181010121800,324375.0,324314.3920302391
20181010121900,324250.0,324379.39977645874
20181010122000,324750.0,324369.97401714325
20181010122100,324750.0,324574.5487213135
20181010122200,324625.0,324797.2328364849
20181010122300,324875.0,324732.0894598961
20181010122400,324750.0,324806.6927790642
20181010122500,324625.0,324852.93170809746
20181010122600,324750.0,324732.0894598961
20181010122700,324750.0,324741.5438890457
20181010122800,325125.0,324797.2328364849
20181010122900,325250.0,324992.7886724472
20181010123000,325375.0,325225.36167502403
20181010123100,325125.0,325346.48510813713
20181010123200,325250.0,325271.666765213
20181010123300,325750.0,325225.36167502403
20181010123400,325750.0,325542.5658226013
20181010123500,325875.0,325766.1728858948
20181010123600,325750.0,325831.6437602043
20181010123700,325750.0,325822.1000134945
20181010123800,325750.0,325766.1728858948
20181010123900,325750.0,325766.1728858948
20181010124000,325750.0,325766.1728858948
20181010124100,325875.0,325766.1728858948
20181010124200,325750.0,325831.6437602043
20181010124300,325625.0,325822.1000134945
20181010124400,325625.0,325700.7240653038
20181010124500,325750.0,325644.82229948044
20181010124600,325750.0,325710.2545797825
20181010124700,325750.0,325766.1728858948
20181010124800,325750.0,325766.1728858948
20181010124900,325875.0,325766.1728858948
20181010125000,325750.0,325831.6437602043
20181010125100,325875.0,325822.1000134945
20181010125200,326125.0,325831.6437602043
20181010125300,326375.0,326018.6240077019
20181010125400,326249.99999999994,326261.7971301079
20181010125500,326375.0,326308.2599043846
20181010125600,326000.0,326317.8422451019
20181010125700,325875.0,326177.0513057709
20181010125800,325750.0,325943.5432255268
20181010125900,325875.0,325822.1000134945
20181010130000,325875.0,325831.6437602043
20181010130100,325750.0,325887.58742809296
20181010130200,325875.0,325822.1000134945
20181010130300,325750.0,325831.6437602043
20181010130400,325750.0,325822.1000134945
20181010130500,325750.0,325766.1728858948
20181010130600,325625.0,325766.1728858948
20181010130700,325375.0,325700.7240653038
20181010130800,325250.0,325514.0172839165
20181010130900,325375.0,325336.98216080666
20181010131000,325625.0,325346.48510813713
20181010131100,325750.0,325533.0540537834
20181010131200,325875.0,325710.2545797825
20181010131300,325875.0,325831.6437602043
20181010131400,325625.0,325887.58742809296
20181010131500,325875.0,325756.63244724274
20181010131600,325875.0,325775.7089138031
20181010131700,325750.0,325887.58742809296
20181010131800,325875.0,325822.1000134945
20181010131900,325875.0,325831.6437602043
20181010132000,325875.0,325887.58742809296
20181010132100,326249.99999999994,325887.58742809296
20181010132200,326375.0,326084.16986465454
20181010132300,326375.0,326317.8422451019
20181010132400,326249.99999999994,326373.8961815834
20181010132500,326249.99999999994,326308.2599043846
20181010132600,326500.0,326252.223610878
20181010132700,326624.99999999994,326383.4807276726
20181010132800,326875.0,326561.3263249397
20181010132900,326875.0,326748.90863895416
20181010133000,326624.99999999994,326861.2216114998
20181010133100,326624.99999999994,326729.6844124794
20181010133200,326125.0,326617.4353957176
20181010133300,326249.99999999994,326354.71937060356
20181010133400,326375.0,326196.19503617287
20181010133500,326125.0,326317.8422451019
20181010133600,325625.0,326242.64788627625
20181010133700,325250.0,325868.488907814
20181010133800,325375.0,325448.6456513405
20181010133900,325375.0,325346.48510813713
20181010134000,325250.0,325402.31850743294
20181010134100,325375.0,325336.98216080666
20181010134200,325375.0,325346.48510813713
20181010134300,325500.0,325402.31850743294
20181010134400,325875.0,325467.67580509186
20181010134500,325875.0,325719.7828888893
20181010134600,325875.0,325887.58742809296
20181010134700,325625.0,325887.58742809296
20181010134800,326125.0,325756.63244724274
20181010134900,326249.99999999994,325906.67271614075
20181010135000,326375.0,326196.19503617287
20181010135100,326624.99999999994,326317.8422451019
20181010135200,326624.99999999994,326505.22607564926
20181010135300,326750.0,326617.4353957176
20181010135400,326750.0,326683.1642985344
20181010135500,326375.0,326739.2976284027
20181010135600,326375.0,326542.12415218353
20181010135700,326249.99999999994,326373.8961815834
20181010135800,326375.0,326308.2599043846
20181010135900,326125.0,326317.8422451019
20181010140000,325750.0,326242.64788627625
20181010140100,325625.0,325933.9873492718
20181010140200,325875.0,325700.7240653038
20181010140300,325750.0,325775.7089138031
20181010140400,326000.0,325822.1000134945
20181010140500,326125.0,325897.1311748028
20181010140600,326249.99999999994,326074.61178302765
20181010140700,326249.99999999994,326196.19503617287
20181010140800,326375.0,326252.223610878
20181010140900,326375.0,326317.8422451019
20181010141000,326375.0,326373.8961815834
20181010141100,326249.99999999994,326373.8961815834
20181010141200,326249.99999999994,326308.2599043846
20181010141300,326500.0,326252.223610878
20181010141400,326875.0,326383.4807276726
20181010141500,327125.0,326692.7664875984
20181010141600,327250.0,326992.8426146507
20181010141700,327375.00000000006,327171.1292862892
20181010141800,327750.0,327293.2760119438
20181010141900,328375.0,327547.418653965
20181010142000,329750.0,328046.8162894249
20181010142100,329625.0,329058.36522579193
20181010142200,329250.0,329615.30101299286
20181010142300,329250.0,329359.09193754196
20181010142400,329125.0,329189.1548037529
20181010142500,329125.0,329122.7290034294
20181010142600,329375.0,329066.1126971245
20181010142700,329250.0,329198.94886016846
20181010142800,329250.0,329245.79095840454
20181010142900,329250.0,329189.1548037529
20181010143000,329375.0,329189.1548037529
20181010143100,329250.0,329255.59163093567
20181010143200,329250.0,329245.79095840454
20181010143300,329375.0,329189.1548037529
20181010143400,329250.0,329255.59163093567
20181010143500,328875.0,329245.79095840454
20181010143600,328500.0,328989.93694782257
20181010143700,328125.0,328621.2803721428
20181010143800,328625.0,328253.1288266182
20181010143900,328875.0,328348.5155701637
20181010144000,328750.0,328707.0913910866
20181010144100,328500.0,328753.8761496544
20181010144200,327500.0,328564.76110219955
20181010144300,326875.0,327922.44213819504
20181010144400,327500.0,327142.1815752983
20181010144500,327625.0,327190.4130578041
20181010144600,327750.0,327537.7480983734
20181010144700,327750.0,327660.07566452026
20181010144800,327875.0,327716.4162993431
20181010144900,328000.0,327782.4605703354
20181010145000,328000.0,327904.90502119064
20181010145100,328375.0,327961.29858493805
20181010145200,328500.0,328159.68722105026
20181010145300,328625.0,328395.26945352554
20181010145400,328750.0,328518.0050134659
20181010145500,328375.0,328640.7935023308
20181010145600,328250.0,328498.5029101372
20181010145700,328250.0,328262.8633379936
20181010145800,328250.0,328206.41243457794
20181010145900,328375.0,328206.41243457794
20181010150000,328375.0,328272.5912332535
20181010150100,328375.0,328329.05757427216
20181010150200,328375.0,328329.05757427216
20181010150300,328375.0,328329.05757427216
20181010150400,327875.0,328329.05757427216
20181010150500,327125.0,328064.38648700714
20181010150600,326875.0,327442.74950027466
20181010150700,326875.0,326973.57869148254
20181010150800,326875.0,326861.2216114998
20181010150900,326875.0,326861.2216114998
20181010151000,327125.0,326861.2216114998
20181010151100,327250.0,326992.8426146507
20181010151200,327625.0,327171.1292862892
20181010151300,327625.0,327425.14181137085
20181010151400,328000.0,327594.062268734
20181010151500,327875.0,327792.14656352997
20181010151600,327500.0,327895.20359039307
20181010151700,327375.00000000006,327640.70588350296
20181010151800,327250.0,327405.8205485344
20181010151900,327500.0,327283.62089395523
20181010153000,325000.0,327359.198987484
20181010153500,325000.0,326156.30316734314
20181011090000,316500.0,325039.0639901161
20181011090100,318750.0,320655.038356781
20181011090200,319375.0,318111.23234033585
20181011090300,319000.0,319397.75586128235
20181011090400,319000.0,319479.1296720505
20181011090500,318875.0,319316.5871500969
20181011090600,318875.0,319253.44294309616
20181011090700,320500.0,319199.3142962456
20181011090800,320250.0,320021.90586924553
20181011090900,319750.0,320602.993786335
20181011091000,320375.0,320239.62238430977
20181011091100,320375.0,320339.4992649555
20181011091200,319750.0,320612.10638284683
20181011091300,318750.0,320294.06970739365
20181011091400,318875.0,319515.2911543846
20181011091500,319000.0,319145.2021896839
20181011091600,318750.0,319262.43644952774
20181011091700,318375.0,319190.3252005577
20181011091800,317625.0,318893.06423068047
20181011091900,317750.00000000006,318354.06693816185
20181011092000,317875.0,318093.9819216728
20181011092100,317875.0,318210.43437719345
20181011092200,317250.0,318264.2421424389
20181011092300,316999.99999999994,317950.9778916836
20181011092400,316375.0,317557.7810406685
20181011092500,315875.0,317139.15680348873
20181011092600,315875.0,316624.00564551353
20181011092700,315875.0,316411.16796433926
20181011092800,316625.0,316411.16796433926
20181011092900,316625.0,316783.1370085478
20181011093000,316625.0,317103.342667222
20181011093100,316875.0,317103.342667222
20181011093200,316750.0,317227.8370112181
20181011093300,316750.0,317272.49523997307
20181011093400,317125.0,317219.02710199356
20181011093500,317125.0,317405.9610366821
20181011093600,316875.0,317566.6245818138
20181011093700,317125.0,317441.8369233608
20181011093800,317125.0,317459.4986438751
20181011093900,317125.0,317566.6245818138
20181011094000,317125.0,317566.6245818138
20181011094100,317250.0,317566.6245818138
20181011094200,317125.0,317629.0597617626
20181011094300,316999.99999999994,317620.2129125595
20181011094400,316750.0,317504.2169690132
20181011094500,316750.0,317325.98102092743
20181011094600,316750.0,317219.02710199356
20181011094700,316750.0,317219.02710199356
20181011094800,316750.0,317219.02710199356
20181011094900,316625.0,317219.02710199356
20181011095000,316625.0,317156.7700058222
20181011095100,316750.0,317103.342667222
20181011095200,316999.99999999994,317165.5766069889
20181011095300,317250.0,317343.6217904091
20181011095400,317250.0,317575.4659175873
20181011095500,317250.0,317682.6712489128
20181011095600,317250.0,317682.6712489128
20181011095700,317125.0,317682.6712489128
20181011095800,317125.0,317620.2129125595
20181011095900,316875.0,317566.6245818138
20181011100000,316750.0,317441.8369233608
20181011100100,316750.0,317272.49523997307
20181011100200,316375.0,317219.02710199356
20181011100300,315875.0,317032.34292566776
20181011100400,315750.0,316624.00564551353
20181011100500,315625.0,316349.27144646645
20181011100600,315375.0,316234.2855632305
20181011100700,315250.0,316057.630315423
20181011100800,315125.0,315889.8913860321
20181011100900,315375.0,315775.28317272663
20181011101000,315250.0,315845.59869766235
20181011101100,315750.0,315889.8913860321
20181011101200,315875.0,316083.7402641773
20181011101300,315750.0,316358.00141096115
20181011101400,315625.0,316349.27144646645
20181011101500,315250.0,316234.2855632305
20181011101600,315250.0,315995.89478969574
20181011101700,315625.0,315836.9172513485
20181011101800,315750.0,316021.99095487595
20181011101900,315875.0,316243.00560355186
20181011102000,315750.0,316358.00141096115
20181011102100,315750.0,316349.27144646645
20181011102200,315750.0,316296.1297035217
20181011102300,315750.0,316296.1297035217
20181011102400,316375.0,316296.1297035217
20181011102500,316750.0,316605.77438771725
20181011102600,316375.0,317058.7252378464
20181011102700,316375.0,317032.34292566776
20181011102800,316250.0,316872.24781513214
20181011102900,316250.0,316810.1456463337
20181011103000,316250.0,316756.83960318565
20181011103100,316000.0,316756.83960318565
20181011103200,316250.0,316632.7653825283
20181011103300,316125.0,316650.27989447117
20181011103400,316125.0,316694.78926062584
20181011103500,316625.0,316641.5218114853
20181011103600,316250.0,316889.8036777973
20181011103700,316250.0,316916.81066155434
20181011103800,316250.0,316756.83960318565
20181011103900,316250.0,316756.83960318565
20181011104000,316250.0,316756.83960318565
20181011104100,316375.0,316756.83960318565
20181011104200,316250.0,316818.91916692257
20181011104300,316250.0,316810.1456463337
20181011104400,316125.0,316756.83960318565
20181011104500,316250.0,316694.78926062584
20181011104600,316375.0,316703.5506516695
20181011104700,316250.0,316818.91916692257
20181011104800,316125.0,316810.1456463337
20181011104900,316250.0,316694.78926062584
20181011105000,316250.0,316703.5506516695
20181011105100,316250.0,316756.83960318565
20181011105200,316125.0,316756.83960318565
20181011105300,316250.0,316694.78926062584
20181011105400,316125.0,316703.5506516695
20181011105500,316500.0,316694.78926062584
20181011105600,316250.0,316827.6899307966
20181011105700,316250.0,316863.4693324566
20181011105800,316250.0,316756.83960318565
20181011105900,316250.0,316756.83960318565
20181011110000,316125.0,316756.83960318565
20181011110100,316250.0,316694.78926062584
20181011110200,315750.0,316703.5506516695
20181011110300,315625.0,316508.80363583565
20181011110400,315750.0,316234.2855632305
20181011110500,315750.0,316243.00560355186
20181011110600,315750.0,316296.1297035217
20181011110700,315375.0,316296.1297035217
20181011110800,315250.0,316110.68218946457
20181011110900,315375.0,315889.8913860321
20181011111000,315250.0,315898.57944846153
20181011111100,315375.0,315889.8913860321
20181011111200,315125.0,315898.57944846153
20181011111300,315250.0,315828.2335996628
20181011111400,315375.0,315783.9596569538
20181011111500,315625.0,315898.57944846153
20181011111600,315875.0,316075.0378668308
20181011111700,316125.0,316304.8536032438
20181011111800,316250.0,316535.04425287247
20181011111900,316125.0,316703.5506516695
20181011112000,316375.0,316694.78926062584
20181011112100,316250.0,316765.6076103449
20181011112200,316125.0,316810.1456463337
20181011112300,316250.0,316694.78926062584
20181011112400,316375.0,316703.5506516695
20181011112500,316750.0,316818.91916692257
20181011112600,316625.0,317058.7252378464
20181011112700,316625.0,317156.7700058222
20181011112800,316625.0,317103.342667222
20181011112900,316750.0,317103.342667222
20181011113000,316750.0,317165.5766069889
20181011113100,316750.0,317219.02710199356
20181011113200,316250.0,317219.02710199356
20181011113300,316375.0,316970.1701849699
20181011113400,316500.0,316818.91916692257
20181011113500,316500.0,316934.3803077936
20181011113600,316750.0,316987.7492040396
20181011113700,316625.0,317112.14154958725
20181011113800,316750.0,317156.7700058222
20181011113900,316750.0,317165.5766069889
20181011114000,316500.0,317219.02710199356
20181011114100,316250.0,317094.54268217087
20181011114200,316000.0,316863.4693324566
20181011114300,315750.0,316632.7653825283
20181011114400,315750.0,316402.430832386
20181011114500,315375.0,316296.1297035217
20181011114600,315375.0,316110.68218946457
20181011114700,315250.0,315951.5789449215
20181011114800,315375.0,315889.8913860321
20181011114900,315375.0,315898.57944846153
20181011115000,315750.0,315951.5789449215
20181011115100,315625.0,316136.8103325367
20181011115200,315750.0,316234.2855632305
20181011115300,315875.0,316243.00560355186
20181011115400,315750.0,316358.00141096115
20181011115500,315375.0,316349.27144646645
20181011115600,315125.0,316110.68218946457
20181011115700,315250.0,315828.2335996628
20181011115800,315250.0,315783.9596569538
20181011115900,315500.0,315836.9172513485
20181011120000,315750.0,315960.27086675167
20181011120100,315625.0,316189.8985952139
20181011120200,316000.0,316234.2855632305
20181011120300,316250.0,316366.7308241129
20181011120400,316250.0,316650.27989447117
20181011120500,316250.0,316756.83960318565
20181011120600,316250.0,316756.83960318565
20181011120700,316125.0,316756.83960318565
20181011120800,316250.0,316694.78926062584
20181011120900,316000.0,316703.5506516695
20181011121000,315750.0,316632.7653825283
20181011121100,315625.0,316402.430832386
20181011121200,315250.0,316234.2855632305
20181011121300,315250.0,315995.89478969574
20181011121400,315250.0,315836.9172513485
20181011121500,315125.0,315836.9172513485
20181011121600,315375.0,315775.28317272663
20181011121700,315125.0,315845.59869766235
20181011121800,315250.0,315828.2335996628
20181011121900,315125.0,315783.9596569538
20181011122000,315125.0,315775.28317272663
20181011122100,315125.0,315722.35038876534
20181011122200,315250.0,315722.35038876534
20181011122300,315375.0,315783.9596569538
20181011122400,315125.0,315898.57944846153
20181011122500,315250.0,315828.2335996628
20181011122600,315250.0,315783.9596569538
20181011122700,315375.0,315836.9172513485
20181011122800,315125.0,315898.57944846153
20181011122900,315375.0,315828.2335996628
20181011123000,315125.0,315845.59869766235
20181011123100,315250.0,315828.2335996628
20181011123200,315375.0,315783.9596569538
20181011123300,315250.0,315898.57944846153
20181011123400,314875.0,315889.8913860321
20181011123500,314625.0,315652.10212767124
20181011123600,314750.0,315370.5825507641
20181011123700,314750.0,315326.4354169369
20181011123800,314750.0,315379.22209501266
20181011123900,314875.0,315379.22209501266
20181011124000,314625.0,315440.6731277704
20181011124100,314250.0,315370.5825507641
20181011124200,314250.0,315081.02329075336
20181011124300,314375.0,314923.06739091873
20181011124400,314125.0,314984.3017458916
20181011124500,314125.0,314914.4703000784
20181011124600,314125.0,314809.27020311356
20181011124700,313750.0,314809.27020311356
20181011124800,313750.0,314625.9034574032
20181011124900,313750.0,314468.4685766697
20181011125000,313875.0,314468.4685766697
20181011125100,313750.0,314529.48735654354
20181011125200,313750.0,314520.9288597107
20181011125300,313750.0,314468.4685766697
20181011125400,313625.0,314468.4685766697
20181011125500,313625.0,314407.4801206589
20181011125600,313625.0,314355.06504774094
20181011125700,313875.0,314355.06504774094
20181011125800,313750.0,314477.02211141586
20181011125900,313250.0,314520.9288597107
20181011130000,313375.0,314224.6950417757
20181011130100,313250.0,314076.24650001526
20181011130200,313250.0,314067.7315592766
20181011130300,313250.0,314015.44880867004
20181011130400,313250.0,314015.44880867004
20181011130500,313250.0,314015.44880867004
20181011130600,313250.0,314015.44880867004
20181011130700,312374.99999999994,314015.44880867004
20181011130800,311375.0,313590.7107293606
20181011130900,310500.0,312744.3728148937
20181011131000,310625.0,311912.22536563873
20181011131100,310375.0,311612.4375909567
20181011131200,310500.0,311544.6235090494
20181011131300,310500.0,311501.6430169344
20181011131400,310250.0,311552.89310216904
20181011131500,310250.0,311433.8984042406
20181011131600,310125.0,311331.526145339
20181011131700,308750.0,311272.13107049465
20181011131800,308875.00000000006,310570.08250430226
20181011131900,309125.0,310071.07976824045
20181011132000,309375.0,310239.2772771418
20181011132100,309375.0,310458.5099853575
20181011132200,309625.0,310560.12028828263
20181011132300,309375.0,310678.17770317197
20181011132400,309250.0,310661.8171520531
20181011132500,309500.0,310501.1406503618
20181011132600,310000.0,310568.2895369828
20181011132700,310250.0,310906.4813815057
20181011132800,310250.0,311229.2387932539
20181011132900,310375.0,311331.526145339
20181011133000,310000.0,311390.9543007612
20181011133100,309875.0,311263.8895958662
20181011133200,310250.0,311051.30952969193
20181011133300,309875.0,311178.12709510326
20181011133400,310500.0,311153.43575179577
20181011133500,309750.0,311296.8538403511
20181011133600,309250.0,311196.2949484587
20181011133700,309625.0,310653.6363251507
20181011133800,310500.0,310627.30749323964
20181011133900,310750.0,311194.58578526974
20181011134000,311125.0,311672.0146089792
20181011134100,311500.0,311953.7646472454
20181011134200,311750.0,312287.7643555403
20181011134300,311250.0,312562.6303255558
20181011134400,311500.0,312425.866946578
20181011134500,311750.0,312339.34910595417
20181011134600,311625.0,312562.6303255558
20181011134700,311125.0,312605.9559583664
20181011134800,310875.0,312314.31041657925
20181011134900,310875.0,311988.5836094618
20181011135000,310750.0,311885.73774695396
20181011135100,311125.0,311826.0488063097
20181011135200,311625.0,311953.7646472454
20181011135300,311750.0,312347.6942330599
20181011135400,311750.0,312614.3292039633
20181011135500,311750.0,312666.0473793745
20181011135600,311750.0,312666.0473793745
20181011135700,311750.0,312666.0473793745
20181011135800,311750.0,312666.0473793745
20181011135900,311625.0,312666.0473793745
20181011140000,311875.0,312605.9559583664
20181011140100,311750.0,312674.42613840103
20181011140200,311875.0,312717.78705716133
20181011140300,311750.0,312726.17188096046
20181011140400,311875.0,312717.78705716133
20181011140500,311750.0,312726.17188096046
20181011140600,311875.0,312717.78705716133
20181011140700,311625.0,312726.17188096046
20181011140800,310875.0,312657.668620348
20181011140900,310625.0,312194.52288746834
20181011141000,310500.0,311766.39184355736
20181011141100,310375.0,311604.1630357504
20181011141200,310250.0,311493.3794885874
20181011141300,310750.0,311382.70235061646
20181011141400,311000.0,311569.42953169346
20181011141500,311500.0,311894.0393179655
20181011141600,311750.0,312236.19835078716
20181011141700,311750.0,312562.6303255558
20181011141800,311750.0,312666.0473793745
20181011141900,311750.0,312666.0473793745
20181011142000,312125.0,312666.0473793745
20181011142100,312374.99999999994,312846.5118557215
20181011142200,312500.0,313122.64205515385
20181011142300,312749.99999999994,313286.9257181883
20181011142400,312500.0,313459.8770439625
20181011142500,312625.0,313442.96680390835
20181011142600,312875.0,313399.38259124756
20181011142700,312875.0,313572.49215245247
20181011142800,312374.99999999994,313676.73125863075
20181011142900,312250.0,313434.5103055239
20181011143000,312500.0,313166.1424636841
20181011143100,312749.99999999994,313234.95227098465
20181011143200,312749.99999999994,313459.8770439625
20181011143300,312500.0,313564.02572989464
20181011143400,312250.0,313442.96680390835
20181011143500,312625.0,313218.08448433876
20181011143600,312625.0,313295.36402225494
20181011143700,312374.99999999994,313451.4221996069
20181011143800,312749.99999999994,313330.47464489937
20181011143900,312749.99999999994,313407.83137083054
20181011144000,312625.0,313564.02572989464
20181011144100,312749.99999999994,313503.480553627
20181011144200,312625.0,313511.94201409817
20181011144300,312749.99999999994,313503.480553627
20181011144400,312749.99999999994,313511.94201409817
20181011144500,312875.0,313564.02572989464
20181011144600,312749.99999999994,313624.60178136826
20181011144700,313125.00000000006,313616.13039672375
20181011144800,312875.0,313745.8448559046
20181011144900,313125.00000000006,313781.04865550995
20181011145000,313625.0,313798.0245053768
20181011145100,314125.0,314145.5938667059
20181011145200,314250.0,314599.0971624851
20181011145300,314000.0,314870.45162916183
20181011145400,314250.0,314800.68469047546
20181011145500,314375.0,314817.85571575165
20181011145600,314375.0,314984.3017458916
20181011145700,314125.0,315036.9605123997
20181011145800,314250.0,314914.4703000784
20181011145900,314250.0,314870.45162916183
20181011150000,314250.0,314923.06739091873
20181011150100,314375.0,314923.06739091873
20181011150200,314375.0,314984.3017458916
20181011150300,314375.0,315036.9605123997
20181011150400,314375.0,315036.9605123997
20181011150500,314000.0,315036.9605123997
20181011150600,313875.0,314853.26847434044
20181011150700,313750.0,314634.4746351242
20181011150800,313875.0,314520.9288597107
20181011150900,313750.0,314529.48735654354
20181011151000,313375.0,314520.9288597107
20181011151100,313000.0,314285.5941802263
20181011151200,312749.99999999994,313946.1758732796
20181011151300,312875.0,313668.25380921364
20181011151400,312625.0,313624.60178136826
20181011151500,312875.0,313555.5598586798
20181011151600,312749.99999999994,313572.49215245247
20181011151700,312875.0,313616.13039672375
20181011151800,312875.0,313624.60178136826
20181011151900,312374.99999999994,313676.73125863075
20181011153000,312000.0,313434.5103055239
20181011153500,312000.0,313045.48105597496
20181012090000,311750.0,312889.9279087782
20181012090100,310625.0,312769.54658329487
20181012090200,311375.0,312126.3454705477
20181012090300,310625.0,312021.8340009451
20181012090400,312000.0,311971.95510566235
20181012090500,312250.0,312321.1189508438
20181012090600,312500.0,313010.43328642845
20181012090700,312500.0,313234.95227098465
20181012090800,312250.0,313338.92011642456
20181012090900,312374.99999999994,313218.08448433876
20181012091000,312875.0,313174.5702922344
20181012091100,313125.00000000006,313468.33188831806
20181012091200,312749.99999999994,313798.0245053768
20181012091300,312500.0,313720.3965187073
20181012091400,312374.99999999994,313442.96680390835
20181012091500,312250.0,313278.4863114357
20181012091600,312500.0,313166.1424636841
20181012091700,312500.0,313234.95227098465
20181012091800,312875.0,313338.92011642456
20181012091900,314000.0,313520.4023718834
20181012092000,314750.0,314223.5035896301
20181012092100,314750.0,315062.77714669704
20181012092200,314875.0,315379.22209501266
20181012092300,314250.0,315440.6731277704
20181012092400,314250.0,315186.4207684994
20181012092500,314375.0,314923.06739091873
20181012092600,314750.0,314984.3017458916
20181012092700,314375.0,315220.91498970985
20181012092800,314250.0,315195.0459778309
20181012092900,313875.0,314975.69969296455
20181012093000,313625.0,314739.53744769096
20181012093100,313375.0,314459.9150419235
20181012093200,313125.00000000006,314233.22872817516
20181012093300,313125.00000000006,314006.9382786751
20181012093400,313250.0,313902.4422466755
20181012093500,313500.00000000006,313963.1859064102
20181012093600,313750.0,314137.0745152235
20181012093700,313750.0,314363.60700428486
20181012093800,314000.0,314468.4685766697
20181012093900,313875.0,314590.53425490856
20181012094000,313750.0,314634.4746351242
20181012094100,313875.0,314520.9288597107
20181012094200,313750.0,314529.48735654354
20181012094300,314000.0,314520.9288597107
20181012094400,313875.0,314590.53425490856
20181012094500,313875.0,314634.4746351242
20181012094600,313750.0,314581.971347332
20181012094700,314125.0,314520.9288597107
20181012094800,314375.0,314651.6120284796
20181012094900,314375.0,314931.6628277302
20181012095000,314375.0,315036.9605123997
20181012095100,314375.0,315036.9605123997
20181012095200,314625.0,315036.9605123997
20181012095300,314875.0,315159.5681607723
20181012095400,315250.0,315387.8621906042
20181012095500,315500.0,315678.1007051468
20181012095600,315250.0,315960.27086675167
20181012095700,315375.0,315942.8853690624
20181012095800,315500.0,315898.57944846153
20181012095900,315375.0,316013.2935196161
20181012100000,315375.0,316004.5949816704
20181012100100,315500.0,315951.5789449215
20181012100200,315750.0,316013.2935196161
20181012100300,315875.0,316189.8985952139
20181012100400,315625.0,316358.00141096115
20181012100500,315375.0,316287.4030470848
20181012100600,315500.0,316057.630315423
20181012100700,315625.0,316013.2935196161
20181012100800,315750.0,316128.1018704176
20181012100900,315750.0,316243.00560355186
20181012101000,315750.0,316296.1297035217
20181012101100,315875.0,316296.1297035217
20181012101200,315875.0,316358.00141096115
20181012101300,315875.0,316411.16796433926
20181012101400,315875.0,316411.16796433926
20181012101500,315750.0,316411.16796433926
20181012101600,315875.0,316349.27144646645
20181012101700,316000.0,316358.00141096115
20181012101800,315875.0,316473.0920493603
20181012101900,315875.0,316464.3510580063
20181012102000,316000.0,316411.16796433926
20181012102100,315750.0,316473.0920493603
20181012102200,315875.0,316402.430832386
20181012102300,315875.0,316358.00141096115
20181012102400,315875.0,316411.16796433926
20181012102500,315875.0,316411.16796433926
20181012102600,316375.0,316411.16796433926
20181012102700,316375.0,316659.03466939926
20181012102800,316375.0,316872.24781513214
20181012102900,316750.0,316872.24781513214
20181012103000,316875.0,317058.7252378464
20181012103100,316875.0,317281.3112139702
20181012103200,316875.0,317334.8025083542
20181012103300,316625.0,317334.8025083542
20181012103400,316375.0,317210.2166414261
20181012103500,316500.0,316978.95969450474
20181012103600,316375.0,316934.3803077936
20181012103700,316500.0,316925.59465765953
20181012103800,316750.0,316934.3803077936
20181012103900,317125.0,317112.14154958725
20181012104000,317374.99999999994,317405.9610366821
20181012104100,317374.99999999994,317691.52361154556
20181012104200,317250.0,317798.807233572
20181012104300,317750.00000000006,317736.298173666
20181012104400,318375.0,317932.7758550644
20181012104500,319125.0,318461.4409804344
20181012104600,318875.0,319109.052836895
20181012104700,318875.0,319307.58702754974
20181012104800,318875.0,319199.3142962456
20181012104900,318875.0,319199.3142962456
20181012105000,318750.0,319199.3142962456
20181012105100,318375.0,319136.2186074257
20181012105200,318375.0,318893.06423068047
20181012105300,319125.0,318731.08518123627
20181012105400,319750.0,319109.052836895
20181012105500,319500.0,319750.28455257416
20181012105600,318750.0,319895.16204595566
20181012105700,318750.0,319406.9070518017
20181012105800,319250.0,319082.12745189667
20181012105900,318875.0,319334.5796763897
20181012110000,318750.0,319361.7465496063
20181012110100,318875.0,319136.2186074257
20181012110200,319000.0,319145.2021896839
20181012110300,319000.0,319262.43644952774
20181012110400,319000.0,319316.5871500969
20181012110500,319500.0,319316.5871500969
20181012110600,319500.0,319569.41869854927
20181012110700,320000.0,319786.5199148655
20181012110800,320250.0,320040.10570049286
20181012110900,319625.0,320384.90346074104
20181012111000,320125.0,320176.1120855808
20181012111100,320375.0,320157.98503160477
20181012111200,320500.0,320503.01986932755
20181012111300,320250.0,320675.7887005806
20181012111400,320750.0,320602.993786335
20181012111500,321000.0,320748.6155927181
20181012111600,321125.0,321094.81486678123
20181012111700,321500.0,321268.16260814667
20181012111800,321375.0,321514.8532986641
20181012111900,321250.0,321615.34106731415
20181012112000,321500.0,321496.480345726
20181012112100,321375.0,321569.6898698807
20181012112200,321624.99999999994,321615.34106731415
20181012112300,321750.0,321688.6046230793
20181012112400,321750.0,321862.51363158226
20181012112500,321250.0,321917.4450337887
20181012112600,321375.0,321660.9922647476
20181012112700,321375.0,321505.66682219505
20181012112800,321624.99999999994,321560.497879982
20181012112900,321875.0,321688.6046230793
20181012113000,322250.0,321926.6690015793
20181012113100,322125.0,322229.3044626713
20181012113200,321875.0,322330.1329612732
20181012113300,320500.0,322146.55339717865
20181012113400,320875.0,321331.7732512951
20181012113500,321125.0,320921.633630991
20181012113600,321250.0,321213.4164571762
20181012113700,321375.0,321386.87667250633
20181012113800,321375.0,321505.66682219505
20181012113900,321000.0,321560.497879982
20181012114000,321500.0,321368.5180544853
20181012114100,321000.0,321460.0321650505
20181012114200,320750.0,321423.2994914055
20181012114300,320375.0,321076.51138305664
20181012114400,320250.0,320775.8464217186
20181012114500,321250.0,320548.4483242035
20181012114600,321125.0,321003.70544195175
20181012114700,320875.0,321377.6979148388
20181012114800,320250.0,321195.0898170471
20181012114900,319625.0,320766.71397686005
20181012115000,319875.0,320176.1120855808
20181012115100,320250.0,320031.04823827744
20181012115200,319375.0,320330.4186463356
20181012115300,319375.0,320049.16536808014
20181012115400,319500.0,319668.9096391201
20181012115500,319250.0,319732.220351696
20181012115600,319125.0,319659.87864136696
20181012115700,319250.0,319488.14633488655
20181012115800,319750.0,319497.1585869789
20181012115900,319750.0,319804.59624528885
20181012120000,320125.0,320021.9874680042
20181012120100,320000.0,320212.42022514343
20181012120200,318875.0,320312.2474849224
20181012120300,319000.0,319687.0267689228
20181012120400,319250.0,319262.43644952774
20181012120500,319375.0,319442.9505467415
20181012120600,319625.0,319614.6486699581
20181012120700,319625.0,319795.5575287342
20181012120800,318875.0,319904.2128920555
20181012120900,318250.0,319524.3166387081
20181012121000,318250.0,318884.0982913971
20181012121100,318375.0,318614.24347758293
20181012121200,318375.0,318677.12303996086
20181012121300,318375.0,318731.08518123627
20181012121400,318250.0,318731.08518123627
20181012121500,318750.0,318668.18246245384
20181012121600,318875.0,318865.9238219261
20181012121700,318875.0,319145.2021896839
20181012121800,319000.0,319199.3142962456
20181012121900,319625.0,319262.43644952774
20181012122000,319750.0,319632.6919198036
20181012122100,319750.0,319967.61733293533
20181012122200,320000.0,320021.9874680042
20181012122300,319875.0,320148.917645216
20181012122400,319750.0,320194.2700147629
20181012122500,319875.0,320076.375246048
20181012122600,319500.0,320085.4415297508
20181012122700,319375.0,319949.50461387634
20181012122800,319375.0,319723.187148571
20181012122900,319375.0,319668.9096391201
20181012123000,319250.0,319668.9096391201
20181012123100,319250.0,319605.62428832054
20181012123200,319500.0,319551.3842701912
20181012123300,319375.0,319677.9384315014
20181012123400,319500.0,319723.187148571
20181012123500,319625.0,319732.220351696
20181012123600,319625.0,319849.8780429363
20181012123700,319375.0,319904.2128920555
20181012123800,320000.0,319777.478992939
20181012123900,320375.0,319985.7223331928
20181012124000,320125.0,320448.4997689724
20181012124100,319875.0,320484.81673002243
20181012124200,319750.0,320248.7074136734
20181012124300,319875.0,320076.375246048
20181012124400,320000.0,320085.4415297508
20181012124500,320125.0,320203.347325325
20181012124600,319875.0,320321.3347196579
20181012124700,320250.0,320248.7074136734
20181012124800,320500.0,320330.4186463356
20181012124900,320250.0,320621.2167739868
20181012125000,320000.0,320602.993786335
20181012125100,320125.0,320366.72127246857
20181012125200,320250.0,320321.3347196579
20181012125300,319875.0,320439.4048154354
20181012125400,320125.0,320303.1602501869
20181012125500,320375.0,320266.86975359917
20181012125600,320000.0,320503.01986932755
20181012125700,320125.0,320421.2093949318
20181012125800,320250.0,320321.3347196579
20181012125900,320250.0,320439.4048154354
20181012130000,320250.0,320493.918299675
20181012130100,320250.0,320493.918299675
20181012130200,319875.0,320493.918299675
20181012130300,319750.0,320303.1602501869
20181012130400,319500.0,320076.375246048
20181012130500,319375.0,319895.16204595566
20181012130600,319250.0,319723.187148571
20181012130700,319375.0,319605.62428832054
20181012130800,319125.0,319614.6486699581
20181012130900,318750.0,319542.36429929733
20181012131000,318500.0,319244.4472312927
20181012131100,318500.0,318956.0595750809
20181012131200,318625.0,318848.0117917061
20181012131300,318625.0,318910.99059581757
20181012131400,318250.0,318965.0266170502
20181012131500,317750.00000000006,318776.1078476906
20181012131600,317875.0,318362.98656463623
20181012131700,318125.00000000006,318210.43437719345
20181012131800,318125.00000000006,318389.7377252579
20181012131900,318125.00000000006,318497.48888611794
20181012132000,318125.00000000006,318497.48888611794
20181012132100,318125.00000000006,318497.48888611794
20181012132200,318375.0,318497.48888611794
20181012132300,318750.0,318623.1785416603
20181012132400,318625.0,318919.9510216713
20181012132500,318375.0,319019.08028125763
20181012132600,318000.0,318839.05577659607
20181012132700,318125.00000000006,318542.45641827583
20181012132800,318000.0,318443.6039328575
20181012132900,318000.0,318434.6832036972
20181012133000,317875.0,318380.82030415535
20181012133100,318125.00000000006,318318.0653452873
20181012133200,318625.0,318389.7377252579
20181012133300,318375.0,318748.97515773773
20181012133400,317625.0,318839.05577659607
20181012133500,316625.0,318354.06693816185
20181012133600,316500.0,317531.2460064888
20181012133700,317374.99999999994,317041.1373972893
20181012133800,317625.0,317423.6051142216
20181012133900,318125.00000000006,317923.9058494568
20181012134000,318000.0,318282.0494174957
20181012134100,318000.0,318434.6832036972
20181012134200,318375.0,318380.82030415535
20181012134300,318250.0,318569.2483782768
20181012134400,318250.0,318668.18246245384
20181012134500,318500.0,318614.24347758293
20181012134600,318500.0,318740.030169487
20181012134700,318375.0,318848.0117917061
20181012134800,318125.00000000006,318785.06165742874
20181012134900,318625.0,318605.3062081337
20181012135000,318875.0,318748.97515773773
20181012135100,318750.0,319091.10552072525
20181012135200,318875.0,319136.2186074257
20181012135300,318625.0,319145.2021896839
20181012135400,318750.0,319073.1493830681
20181012135500,318875.0,319028.0539393425
20181012135600,318875.0,319145.2021896839
20181012135700,319000.0,319199.3142962456
20181012135800,319375.0,319262.43644952774
20181012135900,319125.0,319506.1719417572
20181012140000,319375.0,319542.36429929733
20181012140100,319500.0,319560.4020357132
20181012140200,319625.0,319732.220351696
20181012140300,319250.0,319849.8780429363
20181012140400,319500.0,319714.1495347023
20181012140500,319875.0,319677.9384315014
20181012140600,319750.0,319976.671487093
20181012140700,319375.0,320076.375246048
20181012140800,319500.0,319831.78517222404
20181012140900,319875.0,319732.220351696
20181012141000,319875.0,319976.671487093
20181012141100,319875.0,320139.84805345535
20181012141200,319750.0,320139.84805345535
20181012141300,319750.0,320076.375246048
20181012141400,319750.0,320021.9874680042
20181012141500,319375.0,320021.9874680042
20181012141600,319500.0,319831.78517222404
20181012141700,319000.0,319732.220351696
20181012141800,318500.0,319533.3421230316
20181012141900,318750.0,319064.1680061817
20181012142000,318875.0,318973.99255633354
20181012142100,318875.0,319145.2021896839
20181012142200,318875.0,319199.3142962456
20181012142300,318875.0,319199.3142962456
20181012142400,318875.0,319199.3142962456
20181012142500,318625.0,319199.3142962456
20181012142600,318375.0,319073.1493830681
20181012142700,318375.0,318839.05577659607
20181012142800,318375.0,318731.08518123627
20181012142900,318250.0,318731.08518123627
20181012143000,318000.0,318668.18246245384
20181012143100,318250.0,318488.562643528
20181012143200,318375.0,318506.41402602196
20181012143300,318375.0,318677.12303996086
20181012143400,318375.0,318731.08518123627
20181012143500,318250.0,318731.08518123627
20181012143600,318250.0,318668.18246245384
20181012143700,318375.0,318614.24347758293
20181012143800,318500.0,318677.12303996086
20181012143900,318250.0,318794.01326179504
20181012144000,318625.0,318722.1379876137
20181012144100,318750.0,318802.9637634754
20181012144200,318875.0,319028.0539393425
20181012144300,318500.0,319145.2021896839
20181012144400,318750.0,319010.10662317276
20181012144500,318750.0,318973.99255633354
20181012144600,318625.0,319082.12745189667
20181012144700,318750.0,319019.08028125763
20181012144800,318875.0,319028.0539393425
20181012144900,318500.0,319145.2021896839
20181012145000,318000.0,319010.10662317276
20181012145100,318500.0,318596.3656306267
20181012145200,318625.0,318632.11140036583
20181012145300,318375.0,318910.99059581757
20181012145400,318625.0,318839.05577659607
20181012145500,318500.0,318856.96890950203
20181012145600,318250.0,318902.027964592
20181012145700,318250.0,318722.1379876137
20181012145800,318375.0,318614.24347758293
20181012145900,318375.0,318677.12303996086
20181012150000,318625.0,318731.08518123627
20181012150100,318875.0,318856.96890950203
20181012150200,318875.0,319091.10552072525
20181012150300,318875.0,319199.3142962456
20181012150400,318875.0,319199.3142962456
20181012150500,318625.0,319199.3142962456
20181012150600,318375.0,319073.1493830681
20181012150700,318375.0,318839.05577659607
20181012150800,318375.0,318731.08518123627
20181012150900,318375.0,318731.08518123627
20181012151000,318375.0,318731.08518123627
20181012151100,318375.0,318731.08518123627
20181012151200,318375.0,318731.08518123627
20181012151300,318375.0,318731.08518123627
20181012151400,318375.0,318731.08518123627
20181012151500,318250.0,318731.08518123627
20181012151600,318125.00000000006,318668.18246245384
20181012151700,317750.00000000006,318551.38927698135
20181012151800,317750.00000000006,318309.1523349285
20181012151900,317750.00000000006,318147.74999022484
20181012153000,317500.0,318147.74999022484
20181012153500,317500.0,318022.4617123604
20181015090000,317500.0,317915.03143310547
20181015090100,316500.0,317915.03143310547
20181015090200,315250.0,317415.32945632935
20181015090300,314250.0,316367.4712777138
20181015090500,314750.0,315344.65619921684
20181015090600,315500.0,315168.1845486164
20181015090700,316750.0,315748.3594417572
20181015090800,315500.0,316685.2907240391
20181015090900,314750.0,316597.71981835365
20181015091000,315000.0,315696.32920622826
20181015091100,314750.0,315502.1528303623
20181015091200,313750.0,315484.85223948956
20181015091300,313750.0,314888.6724114418
20181015091400,313750.0,314468.4685766697
20181015091500,313500.00000000006,314468.4685766697
20181015091700,314500.0,314346.52253985405
20181015091800,314875.0,314729.86248135567
20181015091900,315000.0,315335.0683450699
20181015092000,315000.0,315555.0073236227
20181015092100,315500.0,315607.878357172
20181015092200,315500.0,315854.2790412903
20181015092300,315000.0,316066.33546948433
20181015092400,315125.0,315819.54994797707
20181015092500,315625.0,315669.43579912186
20181015092600,315500.0,315968.9622372389
20181015092700,315500.0,316119.3934082985
20181015092800,316000.0,316066.33546948433
20181015092900,316750.0,316313.5775029659
20181015093000,316500.0,316898.57774972916
20181015093100,315625.0,317094.54268217087
20181015093200,315750.0,316553.2595217228
20181015093300,316500.0,316243.00560355186
20181015093400,315500.0,316667.7872389555
20181015093500,315625.0,316491.30180478096
20181015093600,316500.0,316128.1018704176
20181015093700,316500.0,316614.5208925009
20181015093800,316375.0,316987.7492040396
20181015093900,316000.0,316925.59465765953
20181015094000,315250.0,316686.0245615244
20181015094100,316125.0,316155.0355255604
20181015094200,316750.0,316269.1569030285
20181015094300,316000.0,316951.9422352314
20181015094400,315750.0,316845.90685367584
20181015094500,316250.0,316402.430832386
20181015094600,316999.99999999994,316543.78855228424
20181015094700,316999.99999999994,317129.734903574
20181015094800,316500.0,317450.66833496094
20181015094900,316750.0,317201.40397548676
20181015095000,316375.0,317112.14154958725
20181015095100,316250.0,317032.34292566776
20181015095200,316750.0,316810.1456463337
20181015095300,316500.0,317005.3254663944
20181015095400,316750.0,317094.54268217087
20181015095500,316250.0,317112.14154958725
20181015095600,316625.0,316970.1701849699
20181015095700,316999.99999999994,316943.1626498699
20181015095800,316625.0,317290.1260852814
20181015095900,316999.99999999994,317263.67926597595
20181015100000,316750.0,317290.1260852814
20181015100100,316750.0,317325.98102092743
20181015100200,316500.0,317219.02710199356
20181015100300,316875.0,317094.54268217087
20181015100400,316750.0,317174.3793487549
20181015100500,318125.00000000006,317272.49523997307
20181015100600,318625.0,317905.65860271454
20181015100700,317750.00000000006,318748.97515773773
20181015100800,318000.0,318524.58518743515
20181015100900,317500.0,318273.1441259384
20181015101000,318750.0,318129.958152771
20181015101100,319750.0,318542.09583997726
20181015101200,320000.0,319587.4443054199
20181015101300,319000.0,320148.917645216
20181015101400,319000.0,319750.3440976143
20181015101500,319250.0,319316.5871500969
20181015101600,319250.0,319442.9505467415
20181015101700,319875.0,319551.3842701912
20181015101800,319750.0,319867.9631948471
20181015101900,319000.0,320076.375246048
20181015102000,319000.0,319641.81113243103
20181015102100,319500.0,319316.5871500969
20181015102200,319250.0,319569.41869854927
20181015102300,319125.0,319659.87864136696
20181015102400,318875.0,319488.14633488655
20181015102500,319250.0,319307.58702754974
20181015102600,318750.0,319388.75794410706
20181015102700,319125.0,319298.58469963074
20181015102800,319000.0,319271.42775058746
20181015102900,318750.0,319370.75328826904
20181015103000,319000.0,319190.3252005577
20181015103100,319000.0,319208.3011865616
20181015103200,318875.0,319316.5871500969
20181015103300,318375.0,319253.44294309616
20181015103400,318500.0,318947.0892250538
20181015103500,318375.0,318794.01326179504
20181015103600,318625.0,318785.06165742874
20181015103700,319125.0,318856.96890950203
20181015103800,319125.0,319217.28697419167
20181015103900,319125.0,319433.9416027069
20181015104000,319250.0,319433.9416027069
20181015104100,319250.0,319497.1585869789
20181015104200,318750.0,319551.3842701912
20181015104300,318875.0,319298.58469963074
20181015104400,319250.0,319145.2021896839
20181015104500,319375.0,319388.75794410706
20181015104600,319125.0,319614.6486699581
20181015104700,319000.0,319542.36429929733
20181015104800,319000.0,319370.75328826904
20181015104900,319250.0,319316.5871500969
20181015105000,319375.0,319442.9505467415
20181015105100,319500.0,319614.6486699581
20181015105200,319500.0,319732.220351696
20181015105300,319375.0,319786.5199148655
20181015105400,319250.0,319723.187148571
20181015105500,319500.0,319605.62428832054
20181015105600,319375.0,319677.9384315014
20181015105700,319500.0,319723.187148571
20181015105800,319500.0,319732.220351696
20181015105900,319375.0,319786.5199148655
20181015110000,319625.0,319723.187148571
20181015110100,319500.0,319795.5575287342
20181015110200,319250.0,319840.8327102661
20181015110300,319750.0,319659.87864136696
20181015110400,319875.0,319804.59624528885
20181015110500,319875.0,320085.4415297508
20181015110600,319750.0,320139.84805345535
20181015110700,319625.0,320076.375246048
20181015110800,319500.0,319958.56207609177
20181015110900,319750.0,319840.8327102661
20181015111000,319875.0,319913.2615327835
20181015111100,320250.0,320085.4415297508
20181015111200,320375.0,320330.4186463356
20181015111300,320750.0,320557.5565099716
20181015111400,320500.0,320803.2272160053
20181015111500,320500.0,320839.5915925503
20181015111600,320375.0,320730.37496209145
20181015111700,320500.0,320666.67169332504
20181015111800,320625.0,320675.7887005806
20181015111900,320375.0,320794.1035926342
20181015112000,320500.0,320721.2513387203
20181015112100,320375.0,320675.7887005806
20181015112200,320375.0,320666.67169332504
20181015112300,320500.0,320612.10638284683
20181015112400,320500.0,320675.7887005806
20181015112500,320500.0,320730.37496209145
20181015112600,320625.0,320730.37496209145
20181015112700,321000.0,320794.1035926342
20181015112800,321000.0,321040.1172339916
20181015112900,320875.0,321204.2542397976
20181015113000,321000.0,321140.37123322487
20181015113100,321000.0,321149.52793717384
20181015113200,320875.0,321204.2542397976
20181015113300,320875.0,321140.37123322487
20181015113400,320750.0,321085.6636762619
20181015113500,320750.0,321021.82698249817
20181015113600,321000.0,320967.153608799
20181015113700,321000.0,321094.81486678123
20181015113800,321000.0,321204.2542397976
20181015113900,321125.0,321204.2542397976
20181015114000,321500.0,321268.16260814667
20181015114100,321500.0,321514.8532986641
20181015114200,321750.0,321679.40270900726
20181015114300,321999.99999999994,321807.59766697884
20181015114400,322250.0,322045.81531882286
20181015114500,322250.0,322284.3417227268
20181015114600,322375.00000000006,322394.4559395313
20181015114700,322375.00000000006,322458.800971508
20181015114800,322500.0,322513.89998197556
20181015114900,322750.00000000006,322578.28691601753
20181015115000,323000.0,322762.3031437397
20181015115100,323000.0,323001.73485279083
20181015115200,323125.0,323112.2405230999
20181015115300,323500.0,323176.8391728401
20181015115400,323500.0,323426.1189699173
20181015115500,323625.0,323592.23860502243
20181015115600,323375.0,323657.001554966
20181015115700,323250.0,323582.873493433
20181015115800,323500.0,323407.42844343185
20181015115900,323375.0,323481.4804196358
20181015120000,323375.0,323527.4955034256
20181015120100,323750.0,323472.1296429634
20181015120200,323875.0,323666.36776924133
20181015120300,324000.0,323897.5183069706
20181015120400,324000.0,324017.883092165
20181015120500,323625.0,324073.390096426
20181015120600,323500.0,323878.74177098274
20181015120700,323750.0,323647.6353406906
20181015120800,323500.0,323721.7909693718
20181015120900,323500.0,323703.04530858994
20181015121000,323375.0,323592.23860502243
20181015121100,323625.0,323527.4955034256
20181015121200,323875.0,323601.59930586815
20181015121300,323750.0,323842.05320477486
20181015121400,323750.0,323888.13003897667
20181015121500,323750.0,323832.6715528965
20181015121600,323750.0,323832.6715528965
20181015121700,323875.0,323832.6715528965
20181015121800,323750.0,323897.5183069706
20181015121900,324000.0,323888.13003897667
20181015122000,324000.0,323962.38601207733
20181015122100,324000.0,324073.390096426
20181015122200,323750.0,324073.390096426
20181015122300,323750.0,323943.6028599739
20181015122400,323625.0,323832.6715528965
20181015122500,323375.0,323767.84685254097
20181015122600,323500.0,323582.873493433
20181015122700,323500.0,323536.85289621353
20181015122800,323000.0,323592.23860502243
20181015122900,323000.0,323333.4018290043
20181015123000,323750.0,323112.2405230999
20181015123100,323500.0,323500.17535686493
20181015123200,323250.0,323703.04530858994
20181015123300,323500.0,323462.7733528614
20181015123400,324000.0,323481.4804196358
20181015123500,323875.0,323851.4293432236
20181015123600,324250.0,324008.48600268364
20181015123700,324500.0,324147.7210521698
20181015123800,324000.0,324444.428473711
20181015123900,324000.0,324295.54271698
20181015124000,323875.0,324073.390096426
20181015124100,323750.0,324008.48600268364
20181015124200,324000.0,323888.13003897667
20181015124300,324000.0,323962.38601207733
20181015124400,324125.0,324073.390096426
20181015124500,324375.0,324138.31955194473
20181015124600,324250.0,324323.81227612495
20181015124700,324500.0,324369.97401714325
20181015124800,324375.0,324444.428473711
20181015124900,324250.0,324490.610063076
20181015125000,324500.0,324369.97401714325
20181015125100,324375.0,324444.428473711
20181015125200,324250.0,324490.610063076
20181015125300,324500.0,324369.97401714325
20181015125400,324250.0,324444.428473711
20181015125500,324375.0,324425.5648255348
20181015125600,324500.0,324379.39977645874
20181015125700,324375.0,324500.04464387894
20181015125800,324375.0,324490.610063076
20181015125900,324500.0,324434.9972009659
20181015130000,324375.0,324500.04464387894
20181015130100,324375.0,324490.610063076
20181015130200,324250.0,324434.9972009659
20181015130300,324500.0,324369.97401714325
20181015130400,324500.0,324444.428473711
20181015130500,324250.0,324555.6751489639
20181015130600,324500.0,324425.5648255348
20181015130700,324500.0,324444.428473711
20181015130800,324375.0,324555.6751489639
20181015130900,324500.0,324490.610063076
20181015131000,324500.0,324500.04464387894
20181015131100,324375.0,324555.6751489639
20181015131200,324500.0,324490.610063076
20181015131300,324375.0,324500.04464387894
20181015131400,324250.0,324490.610063076
20181015131500,324375.0,324369.97401714325
20181015131600,324500.0,324379.39977645874
20181015131700,324500.0,324500.04464387894
20181015131800,324250.0,324555.6751489639
20181015131900,324375.0,324425.5648255348
20181015132000,324375.0,324379.39977645874
20181015132100,324375.0,324434.9972009659
20181015132200,324500.0,324434.9972009659
20181015132300,324375.0,324500.04464387894
20181015132400,324375.0,324490.610063076
20181015132500,324750.0,324434.9972009659
20181015132600,324875.0,324630.20238280296
20181015132700,324875.0,324862.39606142044
20181015132800,324875.0,324918.1136786938
20181015132900,324750.0,324918.1136786938
20181015133000,325000.0,324852.93170809746
20181015133100,324875.0,324927.5835454464
20181015133200,324875.0,324973.8423228264
20181015133300,324250.0,324918.1136786938
20181015133400,323875.0,324592.4144387245
20181015133500,324125.0,324119.5011138916
20181015133600,324125.0,324082.79049396515
20181015133700,324000.0,324193.85743141174
20181015133800,324250.0,324128.9114356041
20181015133900,324500.0,324203.2633423805
20181015134000,324250.0,324444.428473711
20181015134100,324125.0,324425.5648255348
20181015134200,323875.0,324249.40744042397
20181015134300,324000.0,324063.9896988869
20181015134400,324125.0,324017.883092165
20181015134500,323750.0,324138.31955194473
20181015134600,323750.0,323999.0856051445
20181015134700,323875.0,323832.6715528965
20181015134800,324250.0,323897.5183069706
20181015134900,324250.0,324147.7210521698
20181015135000,324125.0,324314.3920302391
20181015135100,324625.0,324249.40744042397
20181015135200,324875.0,324453.8542330265
20181015135300,324500.0,324806.6927790642
20181015135400,324375.0,324722.63062000275
20181015135500,324500.0,324490.610063076
20181015135600,324250.0,324500.04464387894
20181015135700,324375.0,324425.5648255348
20181015135800,324375.0,324379.39977645874
20181015135900,324250.0,324434.9972009659
20181015140000,324250.0,324369.97401714325
20181015140100,324375.0,324314.3920302391
20181015140200,324250.0,324379.39977645874
20181015140300,324250.0,324369.97401714325
20181015140400,323625.0,324314.3920302391
20181015140500,323000.0,323989.68410491943
20181015140600,323125.0,323388.72358202934
20181015140700,323875.0,323176.8391728401
20181015140800,323625.0,323620.3129887581
20181015140900,323250.0,323823.2887983322
20181015141000,323250.0,323518.13369989395
20181015141100,323250.0,323352.09235548973
20181015141200,323000.0,323352.09235548973
20181015141300,323250.0,323222.79581427574
20181015141400,323625.0,323241.4631843567
20181015141500,323750.0,323546.2069809437
20181015141600,323875.0,323777.22519636154
20181015141700,323875.0,323897.5183069706
20181015141800,323875.0,323952.99553871155
20181015141900,323625.0,323952.99553871155
20181015142000,323000.0,323823.2887983322
20181015142100,322875.0,323388.72358202934
20181015142200,322875.0,323047.6628243923
20181015142300,322875.0,322992.42267012596
20181015142400,322875.0,322992.42267012596
20181015142500,322875.0,322992.42267012596
20181015142600,322875.0,322992.42267012596
20181015142700,322875.0,322992.42267012596
20181015142800,322750.00000000006,322992.42267012596
20181015142900,322875.0,322927.8879761696
20181015143000,322875.0,322937.1968507767
20181015143100,322875.0,322992.42267012596
20181015143200,322875.0,322992.42267012596
20181015143300,322750.00000000006,322992.42267012596
20181015143400,322625.0,322927.8879761696
20181015143500,322750.00000000006,322808.18700790405
20181015143600,322375.00000000006,322817.48485565186
20181015143700,322375.00000000006,322679.27089333534
20181015143800,322750.00000000006,322513.89998197556
20181015143900,322750.00000000006,322707.1357667446
20181015144000,322875.0,322872.6809024811
20181015144100,322875.0,322937.1968507767
20181015144200,322875.0,322992.42267012596
20181015144300,322875.0,322992.42267012596
20181015144400,322750.00000000006,322992.42267012596
20181015144500,323000.0,322927.8879761696
20181015144600,322750.00000000006,323001.73485279083
20181015144700,322750.00000000006,322983.10828208923
20181015144800,322375.00000000006,322872.6809024811
20181015144900,322375.00000000006,322679.27089333534
20181015145000,322375.00000000006,322513.89998197556
20181015145100,322250.0,322513.89998197556
20181015145200,321875.0,322449.5339989662
20181015145300,321250.0,322201.55757665634
20181015145400,321000.0,321715.8553004265
20181015145500,321750.0,321313.7498497963
20181015145600,321750.0,321588.06723356247
20181015145700,322250.0,321917.4450337887
20181015145800,322250.0,322174.2804348469
20181015145900,322375.00000000006,322394.4559395313
20181015150000,322375.00000000006,322458.800971508
20181015150100,322250.0,322513.89998197556
20181015150200,322375.00000000006,322449.5339989662
20181015150300,322375.00000000006,322458.800971508
20181015150400,322125.0,322513.89998197556
20181015150500,322375.00000000006,322385.19006967545
20181015150600,322375.00000000006,322403.71960401535
20181015150700,322375.00000000006,322513.89998197556
20181015150800,322375.00000000006,322513.89998197556
20181015150900,322750.00000000006,322513.89998197556
20181015151000,322625.0,322707.1357667446
20181015151100,321999.99999999994,322808.18700790405
20181015151200,321750.0,322430.99012970924
20181015151300,321750.0,322027.3486375809
20181015151400,321750.0,321917.4450337887
20181015151500,321750.0,321917.4450337887
20181015151600,321750.0,321917.4450337887
20181015151700,321875.0,321917.4450337887
20181015151800,321875.0,321981.61804676056
20181015151900,321375.0,322036.5847349167
20181015153000,321999.99999999994,321779.95443344116
20181015153500,321999.99999999994,321880.9439241886
20181016090000,323625.0,322155.79721331596
20181016090100,324000.0,322992.9883480072
20181016090200,324500.0,323906.9021642208
20181016090300,323500.0,324333.2281112671
20181016090400,324000.0,324035.7598364353
20181016090500,323875.0,323851.4293432236
20181016090600,324000.0,324008.48600268364
20181016090700,323875.0,324017.883092165
20181016090800,324500.0,324008.48600268364
20181016090900,324375.0,324277.6472270489
20181016091000,323875.0,324490.610063076
20181016091100,323250.0,324175.02906918526
20181016091200,323250.0,323628.8918852806
20181016091300,323500.0,323352.09235548973
20181016091400,323750.0,323481.4804196358
20181016091500,323500.0,323721.7909693718
20181016091600,323750.0,323703.04530858994
20181016091700,324000.0,323721.7909693718
20181016091800,323875.0,323962.38601207733
20181016091900,324000.0,324008.48600268364
20181016092000,323875.0,324017.883092165
20181016092100,324000.0,324008.48600268364
20181016092200,324250.0,324017.883092165
20181016092300,324250.0,324203.2633423805
20181016092400,324375.0,324314.3920302391
20181016092500,324375.0,324379.39977645874
20181016092600,324750.0,324434.9972009659
20181016092700,324750.0,324630.20238280296
20181016092800,324750.0,324797.2328364849
20181016092900,324750.0,324797.2328364849
20181016093000,325000.0,324797.2328364849
20181016093100,325000.0,324927.5835454464
20181016093200,325500.0,325039.0639901161
20181016093300,325750.0,325300.1579642296
20181016093400,326000.0,325654.3450951576
20181016093500,326000.0,325897.1311748028
20181016093600,325750.0,326009.06813144684
20181016093700,325750.0,325878.0392706394
20181016093800,326125.0,325766.1728858948
20181016093900,326500.0,325962.64284849167
20181016094000,326375.0,326327.4179697037
20181016094100,326249.99999999994,326429.96445298195
20181016094200,326000.0,326308.2599043846
20181016094300,325875.0,326121.04588747025
20181016094400,325750.0,325943.5432255268
20181016094500,325625.0,325822.1000134945
20181016094600,325875.0,325700.7240653038
20181016094700,325875.0,325775.7089138031
20181016094800,325875.0,325887.58742809296
20181016094900,325875.0,325887.58742809296
20181016095000,325750.0,325887.58742809296
20181016095100,326000.0,325822.1000134945
20181016095200,326500.0,325897.1311748028
20181016095300,326249.99999999994,326271.36623859406
20181016095400,326249.99999999994,326364.31163549423
20181016095500,326375.0,326252.223610878
20181016095600,326500.0,326317.8422451019
20181016095700,326750.0,326439.5523071289
20181016095800,326875.0,326627.03758478165
20181016095900,326875.0,326805.0618171692
20181016100000,326875.0,326861.2216114998
20181016100100,326875.0,326861.2216114998
20181016100200,327000.00000000006,326861.2216114998
20181016100300,327125.0,326927.021086216
20181016100400,327125.0,327049.0443110466
20181016100500,327250.0,327105.2592396736
20181016100600,327375.00000000006,327171.1292862892
20181016100700,327500.0,327293.2760119438
20181016100800,327250.0,327415.4844880104
20181016100900,326750.0,327339.8777246475
20181016101000,327250.0,326963.93901109695
20181016101100,327375.00000000006,327002.4668574333
20181016101200,327250.0,327293.2760119438
20181016101300,327125.0,327283.62089395523
20181016101400,327750.0,327161.48298978806
20181016101500,328000.0,327434.79692935944
20181016101600,328125.0,327848.5224843025
20181016101700,328750.0,328027.409017086
20181016101800,328750.0,328414.7340655327
20181016101900,328875.0,328697.33041524887
20181016102000,328875.0,328763.64374160767
20181016102100,328625.0,328820.2049136162
20181016102200,328750.0,328687.56943941116
20181016102300,328875.0,328640.7935023308
20181016102400,329000.0,328763.64374160767
20181016102500,329000.0,328886.5469098091
20181016102600,328875.0,328943.13234090805
20181016102700,328875.0,328876.77270174026
20181016102800,329500.0,328820.2049136162
20181016102900,330000.0,329152.0957350731
20181016103000,329500.0,329701.5023827553
20181016103100,329375.0,329662.1717810631
20181016103200,329500.0,329368.90584230423
20181016103300,329500.0,329378.7153363228
20181016103400,329500.0,329435.39118766785
20181016103500,329375.0,329435.39118766785
20181016103600,329375.0,329368.90584230423
20181016103700,329125.0,329312.24542856216
20181016103800,329375.0,329179.3541312218
20181016103900,329375.0,329198.94886016846
20181016104000,329375.0,329312.24542856216
20181016104100,329375.0,329312.24542856216
20181016104200,329250.0,329312.24542856216
20181016104300,329000.0,329245.79095840454
20181016104400,329250.0,329056.3252568245
20181016104500,329125.0,329075.90013742447
20181016104600,329375.0,329122.7290034294
20181016104700,329375.0,329198.94886016846
20181016104800,329500.0,329312.24542856216
20181016104900,329500.0,329378.7153363228
20181016105000,329750.0,329435.39118766785
20181016105100,329875.0,329568.4170126915
20181016105200,329875.0,329748.4150528908
20181016105300,329875.0,329805.1548600197
20181016105400,329750.0,329805.1548600197
20181016105500,329875.0,329738.57468366623
20181016105600,330250.0,329748.4150528908
20181016105700,330750.0,330004.99242544174
20181016105800,330874.99999999994,330442.2404766083
20181016105900,330874.99999999994,330736.5716099739
20181016110000,330874.99999999994,330793.4856414795
20181016110100,330874.99999999994,330793.4856414795
20181016110200,330874.99999999994,330793.4856414795
20181016110300,331125.0,330793.4856414795
20181016110400,331375.0,330927.17307806015
20181016110500,330625.0,331174.87382888794
20181016110600,330000.0,330887.4675631523
20181016110700,330375.0,330212.44955062866
20181016110800,330750.0,330128.44693660736
20181016110900,331249.99999999994,330499.11481142044
20181016111000,331249.99999999994,330937.0884299278
20181016111100,331500.0,331164.9364233017
20181016111200,331625.00000000006,331298.79808425903
20181016111300,331750.0,331479.7951579094
20181016111400,331625.00000000006,331603.83409261703
20181016111500,331249.99999999994,331593.8614010811
20181016111600,331375.0,331335.8946442604
20181016111700,331875.0,331231.85843229294
20181016111800,331875.0,331556.74719810486
20181016111900,331750.0,331784.9899530411
20181016112000,332000.00000000006,331717.942237854
20181016112100,331875.0,331794.9692606926
20181016112200,331500.0,331842.0649766922
20181016112300,331500.0,331583.88870954514
20181016112400,331750.0,331412.813603878
20181016112500,331500.0,331546.7899441719
20181016112600,331500.0,331526.859998703
20181016112700,331875.0,331412.813603878
20181016112800,332250.0,331613.79796266556
20181016112900,332250.0,331986.2235188484
20181016113000,332125.0,332157.5853228569
20181016113100,331500.0,332090.4538035393
20181016113200,331125.0,331697.9725956917
20181016113300,332125.0,331211.9659781456
20181016113400,332250.0,331576.6506791115
20181016113500,331750.0,332100.4573702812
20181016113600,331875.0,331889.14746046066
20181016113700,331500.0,331727.91934013367
20181016113800,331375.0,331583.88870954514
20181016113900,331750.0,331345.8541035652
20181016114000,331875.0,331489.7502064705
20181016114100,331875.0,331727.91934013367
20181016114200,332000.00000000006,331784.9899530411
20181016114300,331750.0,331852.05310583115
20181016114400,331875.0,331775.00623464584
20181016114500,331750.0,331727.91934013367
20181016114600,332125.0,331717.942237854
20181016114700,332125.0,331862.0346188545
20181016114800,332125.0,332033.33908319473
20181016114900,332375.0,332033.33908319473
20181016115000,332250.0,332167.58888959885
20181016115100,332000.00000000006,332214.71548080444
20181016115200,332000.00000000006,332023.3355164528
20181016115300,332125.0,331909.1457724571
20181016115400,332375.0,331976.2331843376
20181016115500,332250.0,332167.58888959885
20181016115600,332375.0,332214.71548080444
20181016115700,332250.0,332224.72566366196
20181016115800,332375.0,332214.71548080444
20181016115900,332750.0,332224.72566366196
20181016120000,332875.0,332483.42901468277
20181016120100,332625.0,332722.25534915924
20181016120200,332250.0,332644.95927095413
20181016120300,332375.0,332328.99564504623
20181016120400,332250.0,332224.72566366196
20181016120500,332250.0,332214.71548080444
20181016120600,332250.0,332157.5853228569
20181016120700,332125.0,332157.5853228569
20181016120800,331875.0,332090.4538035393
20181016120900,332125.0,331899.1510272026
20181016121000,332250.0,331919.1316962242
20181016121100,332250.0,332100.4573702812
20181016121200,332375.0,332157.5853228569
20181016121300,332375.0,332224.72566366196
20181016121400,332375.0,332281.87346458435
20181016121500,332250.0,332281.87346458435
20181016121600,332250.0,332214.71548080444
20181016121700,332375.0,332157.5853228569
20181016121800,332250.0,332224.72566366196
20181016121900,332500.0,332214.71548080444
20181016122000,332125.0,332291.8880581856
20181016122100,332125.0,332204.7008872032
20181016122200,332375.0,332033.33908319473
20181016122300,332000.00000000006,332167.58888959885
20181016122400,332000.00000000006,332080.4458260536
20181016122500,331750.0,331909.1457724571
20181016122600,332250.0,331775.00623464584
20181016122700,332625.0,331929.1132092476
20181016122800,332625.0,332359.0614795685
20181016122900,332250.0,332530.5886864662
20181016123000,332125.0,332328.99564504623
20181016123100,332250.0,332090.4538035393
20181016123200,332375.0,332100.4573702812
20181016123300,332375.0,332224.72566366196
20181016123400,332500.0,332281.87346458435
20181016123500,332500.0,332349.04247522354
20181016123600,332250.0,332406.2079191208
20181016123700,332375.0,332271.85225486755
20181016123800,332250.0,332224.72566366196
20181016123900,332375.0,332214.71548080444
20181016124000,332000.00000000006,332224.72566366196
20181016124100,332125.0,332080.4458260536
20181016124200,332375.0,331976.2331843376
20181016124300,332375.0,332167.58888959885
20181016124400,332250.0,332281.87346458435
20181016124500,332000.00000000006,332214.71548080444
20181016124600,331875.0,332023.3355164528
20181016124700,332125.0,331842.0649766922
20181016124800,332250.0,331919.1316962242
20181016124900,332125.0,332100.4573702812
20181016125000,332500.0,332090.4538035393
20181016125100,332250.0,332234.73584651947
20181016125200,332000.00000000006,332271.85225486755
20181016125300,332125.0,332023.3355164528
20181016125400,332750.0,331976.2331843376
20181016125500,332750.0,332369.071662426
20181016125600,332750.0,332655.0069451332
20181016125700,332750.0,332655.0069451332
20181016125800,332750.0,332655.0069451332
20181016125900,332750.0,332655.0069451332
20181016130000,332750.0,332655.0069451332
20181016130100,332625.0,332655.0069451332
20181016130200,332625.0,332587.7717733383
20181016130300,332500.0,332530.5886864662
20181016130400,332375.0,332463.37336301804
20181016130500,332375.0,332339.02126550674
20181016130600,332375.0,332281.87346458435
20181016130700,332500.0,332281.87346458435
20181016130800,331500.0,332349.04247522354
20181016130900,331625.00000000006,331869.1403269768
20181016131000,331249.99999999994,331479.7951579094
20181016131100,330375.0,331335.8946442604
20181016131200,330375.0,330696.9102025032
20181016131300,330250.0,330298.9089488983
20181016131400,330000.0,330232.20747709274
20181016131500,330250.0,330042.0647263527
20181016131600,330750.0,330061.7851614952
20181016131700,330500.0,330442.2404766083
20181016131800,330250.0,330536.1981391907
20181016131900,330750.0,330289.0310883522
20181016132000,330500.0,330442.2404766083
20181016132100,330250.0,330536.1981391907
20181016132200,330250.0,330289.0310883522
20181016132300,330500.0,330175.39489269257
20181016132400,330250.0,330308.78460407257
20181016132500,330250.0,330289.0310883522
20181016132600,330625.0,330175.39489269257
20181016132700,330750.0,330375.503718853
20181016132800,330874.99999999994,330612.8723025322
20181016132900,330874.99999999994,330736.5716099739
20181016133000,330375.0,330793.4856414795
20181016133100,330250.0,330526.298224926
20181016133200,330375.0,330232.20747709274
20181016133300,330500.0,330242.083132267
20181016133400,330375.0,330365.62806367874
20181016133500,330375.0,330355.7457923889
20181016133600,330625.0,330298.9089488983
20181016133700,330874.99999999994,330432.36261606216
20181016133800,330750.0,330679.6686053276
20181016133900,330874.99999999994,330726.66507959366
20181016134000,331125.0,330736.5716099739
20181016134100,331249.99999999994,330927.17307806015
20181016134200,331249.99999999994,331107.962846756
20181016134300,331249.99999999994,331164.9364233017
20181016134400,331125.0,331164.9364233017
20181016134500,331000.0,331098.0276465416
20181016134600,331000.0,330974.19160604477
20181016134700,331375.0,330917.25331544876
20181016134800,331750.0,331117.8958415985
20181016134900,331750.0,331489.7502064705
20181016135000,331500.0,331660.88485717773
20181016135100,331249.99999999994,331526.859998703
20181016135200,331750.0,331278.901219368
20181016135300,331125.0,331432.7192902565
20181016135400,330750.0,331325.93297958374
20181016135500,331000.0,330840.4799103737
20181016135600,331625.00000000006,330803.39217185974
20181016135700,331875.0,331251.7332434654
20181016135800,331625.00000000006,331670.8553433418
20181016135900,331500.0,331650.9077548981
20181016140000,331625.00000000006,331469.8356986046
20181016140100,331875.0,331479.7951579094
20181016140200,331875.0,331670.8553433418
20181016140300,331625.00000000006,331784.9899530411
20181016140400,331125.0,331650.9077548981
20181016140500,331375.0,331268.9461708069
20181016140600,331625.00000000006,331174.87382888794
20181016140700,331875.0,331422.7686524391
20181016140800,331500.0,331670.8553433418
20181016140900,331875.0,331583.88870954514
20181016141000,331875.0,331613.79796266556
20181016141100,331750.0,331784.9899530411
20181016141200,331750.0,331717.942237854
20181016141300,331750.0,331660.88485717773
20181016141400,331625.00000000006,331660.88485717773
20181016141500,331500.0,331593.8614010811
20181016141600,331500.0,331469.8356986046
20181016141700,331875.0,331412.813603878
20181016141800,331625.00000000006,331613.79796266556
20181016141900,331625.00000000006,331650.9077548981
20181016142000,332125.0,331536.8260741234
20181016142100,331750.0,331804.94636297226
20181016142200,332250.0,331832.07243680954
20181016142300,332125.0,331929.1132092476
20181016142400,332000.00000000006,332090.4538035393
20181016142500,332125.0,331966.2384390831
20181016142600,332375.0,331976.2331843376
20181016142700,332375.0,332167.58888959885
20181016142800,332375.0,332281.87346458435
20181016142900,332375.0,332281.87346458435
20181016143000,332000.00000000006,332281.87346458435
20181016143100,332000.00000000006,332080.4458260536
20181016143200,332125.0,331909.1457724571
20181016143300,331500.0,331976.2331843376
20181016143400,331625.00000000006,331697.9725956917
20181016143500,331875.0,331479.7951579094
20181016143600,331875.0,331670.8553433418
20181016143700,332000.00000000006,331784.9899530411
20181016143800,331750.0,331852.05310583115
20181016143900,331625.00000000006,331775.00623464584
20181016144000,331500.0,331593.8614010811
20181016144100,331625.00000000006,331469.8356986046
20181016144200,331500.0,331479.7951579094
20181016144300,332125.0,331469.8356986046
20181016144400,332125.0,331747.86472320557
20181016144500,331625.00000000006,332033.33908319473
20181016144600,332125.0,331765.0136947632
20181016144700,332000.00000000006,331804.94636297226
20181016144800,331875.0,331966.2384390831
20181016144900,331875.0,331842.0649766922
20181016145000,332000.00000000006,331784.9899530411
20181016145100,332250.0,331852.05310583115
20181016145200,332000.00000000006,332043.33823919296
20181016145300,332125.0,332023.3355164528
20181016145400,332000.00000000006,331976.2331843376
20181016145500,332250.0,331966.2384390831
20181016145600,332125.0,332043.33823919296
20181016145700,331875.0,332090.4538035393
20181016145800,331750.0,331899.1510272026
20181016145900,331875.0,331717.942237854
20181016150000,331625.00000000006,331727.91934013367
20181016150100,331249.99999999994,331650.9077548981
20181016150200,331750.0,331335.8946442604
20181016150300,332125.0,331432.7192902565
20181016150400,332375.0,331862.0346188545
20181016150500,332375.0,332167.58888959885
20181016150600,332125.0,332281.87346458435
20181016150700,331875.0,332147.5751399994
20181016150800,331750.0,331899.1510272026
20181016150900,331625.00000000006,331717.942237854
20181016151000,331500.0,331593.8614010811
20181016151100,331500.0,331469.8356986046
20181016151200,331750.0,331412.813603878
20181016151300,331500.0,331546.7899441719
20181016151400,332125.0,331526.859998703
20181016151500,332000.00000000006,331747.86472320557
20181016151600,331875.0,331966.2384390831
20181016151700,332250.0,331842.0649766922
20181016151800,332250.0,331986.2235188484
20181016151900,332125.0,332157.5853228569
20181016153000,331500.0,332090.4538035393
20181016153500,331500.0,331697.9725956917
20181017090000,332500.0,331412.813603878
20181017090100,330375.0,331949.0674138069
20181017090200,330000.0,331266.07036590576
20181017090300,331000.0,330098.85305166245
20181017090400,331750.0,330461.98958158493
20181017090500,332125.0,331318.6751008034
20181017090600,333000.0,331862.0346188545
20181017090700,332750.0,332503.4648180008
20181017090800,333000.0,332769.42163705826
20181017090900,332500.0,332789.523601532
20181017091000,332250.0,332634.91600751877
20181017091100,332250.0,332271.85225486755
20181017091200,332250.0,332157.5853228569
20181017091300,332500.0,332157.5853228569
20181017091400,333000.0,332291.8880581856
20181017091500,333000.0,332675.0802397728
20181017091700,333000.0,332903.984606266
20181017091800,332500.0,332903.984606266
20181017091900,332250.0,332634.91600751877
20181017092000,332625.0,332271.85225486755
20181017092100,333000.0,332359.0614795685
20181017092200,332125.0,332732.30081796646
20181017092300,332000.00000000006,332433.2568049431
20181017092400,331750.0,331966.2384390831
20181017092500,331500.0,331775.00623464584
20181017092600,331750.0,331526.859998703
20181017092700,331750.0,331546.7899441719
20181017092800,331375.0,331660.88485717773
20181017092900,331500.0,331459.86741781235
20181017093000,331500.0,331355.8047413826
20181017093100,331500.0,331412.813603878
20181017093200,331375.0,331412.813603878
20181017093300,331375.0,331345.8541035652
20181017093400,331249.99999999994,331288.8496518135
20181017093500,331000.0,331221.916615963
20181017093600,331000.0,331031.1387181282
20181017093700,331500.0,330917.25331544876
20181017093900,331375.0,331184.80682373047
20181017094000,331000.0,331345.8541035652
20181017094200,331249.99999999994,331088.09024095535
20181017094500,331000.0,331051.00029706955
20181017094600,331000.0,331031.1387181282
20181017094800,330750.0,330917.25331544876
20181017094900,331000.0,330783.56808423996
20181017095000,330625.0,330803.39217185974
20181017095100,330750.0,330716.749727726
20181017095200,330750.0,330612.8723025322
20181017095300,330750.0,330669.76648569107
20181017095400,330625.0,330669.76648569107
20181017095500,330750.0,330602.9745936394
20181017095600,330874.99999999994,330612.8723025322
20181017095700,331249.99999999994,330736.5716099739
20181017095800,331500.0,330994.039952755
20181017095900,331249.99999999994,331298.79808425903
20181017100000,331500.0,331278.901219368
20181017100200,331500.0,331298.79808425903
20181017100300,331249.99999999994,331412.813603878
20181017100400,331375.0,331278.901219368
20181017100500,331249.99999999994,331231.85843229294
20181017100600,331249.99999999994,331221.916615963
20181017100700,331249.99999999994,331164.9364233017
20181017100800,331500.0,331164.9364233017
20181017100900,331500.0,331298.79808425903
20181017101000,331500.0,331412.813603878
20181017101100,331500.0,331412.813603878
20181017101200,331125.0,331412.813603878
20181017101300,331375.0,331211.9659781456
20181017101400,331500.0,331174.87382888794
20181017101500,331249.99999999994,331355.8047413826
20181017101600,331000.0,331278.901219368
20181017101700,331125.0,331031.1387181282
20181017101800,331249.99999999994,330984.1179847717
20181017101900,331249.99999999994,331107.962846756
20181017102000,331125.0,331164.9364233017
20181017102100,331249.99999999994,331098.0276465416
20181017102200,331249.99999999994,331107.962846756
20181017102300,331249.99999999994,331164.9364233017
20181017102400,331375.0,331164.9364233017
20181017102500,331125.0,331231.85843229294
20181017102600,331750.0,331154.99460697174
20181017102700,333125.0,331375.6927847862
20181017102800,333375.0,332399.0779519081
20181017102900,333500.0,333163.2040143013
20181017103000,332875.0,333345.14939785004
20181017103100,332750.0,333065.6317472458
20181017103200,333000.0,332712.209880352
20181017103300,332875.0,332789.523601532
20181017103400,333000.0,332836.6943001747
20181017103500,332875.0,332846.74859046936
20181017103600,332750.0,332836.6943001747
20181017103700,332875.0,332712.209880352
20181017103800,332625.0,332722.25534915924
20181017103900,332750.0,332644.95927095413
20181017104000,332875.0,332597.8084206581
20181017104100,332750.0,332722.25534915924
20181017104200,332875.0,332712.209880352
20181017104300,332625.0,332722.25534915924
20181017104400,332875.0,332644.95927095413
20181017104500,332875.0,332665.04579782486
20181017104600,332750.0,332779.47372198105
20181017104700,332750.0,332712.209880352
20181017104800,332750.0,332655.0069451332
20181017104900,332875.0,332655.0069451332
20181017105000,332875.0,332722.25534915924
20181017105100,332750.0,332779.47372198105
20181017105200,332750.0,332712.209880352
20181017105300,332750.0,332655.0069451332
20181017105400,332750.0,332655.0069451332
20181017105500,332875.0,332655.0069451332
20181017105600,332750.0,332722.25534915924
20181017105700,332500.0,332712.209880352
20181017105800,332750.0,332520.5476284027
20181017105900,332500.0,332540.61871767044
20181017110000,332125.0,332520.5476284027
20181017110100,332125.0,332204.7008872032
20181017110200,332250.0,332033.33908319473
20181017110300,332250.0,332100.4573702812
20181017110400,332250.0,332157.5853228569
20181017110500,332375.0,332157.5853228569
20181017110600,332125.0,332224.72566366196
20181017110700,332375.0,332147.5751399994
20181017110800,332375.0,332167.58888959885
20181017110900,332375.0,332281.87346458435
20181017111000,332125.0,332281.87346458435
20181017111100,332250.0,332147.5751399994
20181017111200,332125.0,332100.4573702812
20181017111300,332000.00000000006,332090.4538035393
20181017111400,331000.0,331966.2384390831
20181017111500,331375.0,331372.95150756836
20181017111600,331249.99999999994,331117.8958415985
20181017111700,331375.0,331221.916615963
20181017111800,331375.0,331231.85843229294
20181017111900,331249.99999999994,331288.8496518135
20181017112000,331249.99999999994,331221.916615963
20181017112100,331249.99999999994,331164.9364233017
20181017112200,331500.0,331164.9364233017
20181017112300,331750.0,331298.79808425903
20181017112400,332250.0,331546.7899441719
20181017112500,332250.0,331929.1132092476
20181017112600,332500.0,332157.5853228569
20181017112700,332250.0,332291.8880581856
20181017112800,332375.0,332271.85225486755
20181017112900,332500.0,332224.72566366196
20181017113000,332375.0,332349.04247522354
20181017113100,332500.0,332339.02126550674
20181017113200,332750.0,332349.04247522354
20181017113300,332875.0,332540.61871767044
20181017113400,332750.0,332722.25534915924
20181017113500,332875.0,332712.209880352
20181017113600,333000.0,332722.25534915924
20181017113700,332875.0,332846.74859046936
20181017113800,332875.0,332836.6943001747
20181017113900,333000.0,332779.47372198105
20181017114000,332875.0,332846.74859046936
20181017114100,333000.0,332836.6943001747
20181017114200,332875.0,332846.74859046936
20181017114300,332750.0,332836.6943001747
20181017114400,332750.0,332712.209880352
20181017114500,332875.0,332655.0069451332
20181017114600,332750.0,332722.25534915924
20181017114700,332875.0,332712.209880352
20181017114800,332875.0,332722.25534915924
20181017114900,333000.0,332779.47372198105
20181017115000,333375.0,332846.74859046936
20181017115100,333500.0,333105.9349179268
20181017115200,333375.0,333345.14939785004
20181017115300,333250.0,333335.0598216057
20181017115400,333500.0,333210.4077935219
20181017115500,333375.0,333287.8516316414
20181017115600,333500.0,333335.0598216057
20181017115700,333375.0,333345.14939785004
20181017115800,333250.0,333335.0598216057
20181017115900,333250.0,333210.4077935219
20181017120000,333500.0,333153.13428640366
20181017120100,333250.0,333287.8516316414
20181017120200,333250.0,333267.6857113838
20181017120300,333500.0,333153.13428640366
20181017120400,333375.0,333287.8516316414
20181017120500,333500.0,333335.0598216057
20181017120600,333375.0,333345.14939785004
20181017120700,333500.0,333335.0598216057
20181017120800,333375.0,333345.14939785004
20181017120900,333500.0,333335.0598216057
20181017121000,333500.0,333345.14939785004
20181017121100,333375.0,333402.4515748024
20181017121200,333500.0,333335.0598216057
20181017121300,333500.0,333345.14939785004
20181017121400,333375.0,333402.4515748024
20181017121500,333500.0,333335.0598216057
20181017121600,333500.0,333345.14939785004
20181017121700,333375.0,333402.4515748024
20181017121800,333500.0,333335.0598216057
20181017121900,333375.0,333345.14939785004
20181017122000,333375.0,333335.0598216057
20181017122100,333000.0,333277.7686715126
20181017122200,333000.0,333075.7147073746
20181017122300,333000.0,332903.984606266
20181017122400,332750.0,332903.984606266
20181017122500,333000.0,332769.42163705826
20181017122600,332375.0,332789.523601532
20181017122700,332000.00000000006,332567.6808357239
20181017122800,332250.0,332080.4458260536
20181017122900,332375.0,332043.33823919296
20181017123000,332250.0,332224.72566366196
20181017123100,332500.0,332214.71548080444
20181017123200,332375.0,332291.8880581856
20181017123300,332500.0,332339.02126550674
20181017123400,332500.0,332349.04247522354
20181017123500,332250.0,332406.2079191208
20181017123600,332375.0,332271.85225486755
20181017123700,332500.0,332224.72566366196
20181017123800,332500.0,332349.04247522354
20181017123900,332375.0,332406.2079191208
20181017124000,332375.0,332339.02126550674
20181017124100,332500.0,332281.87346458435
20181017124200,332250.0,332349.04247522354
20181017124300,332500.0,332271.85225486755
20181017124400,332500.0,332291.8880581856
20181017124500,332375.0,332406.2079191208
20181017124600,332500.0,332339.02126550674
20181017124700,332500.0,332349.04247522354
20181017124800,332250.0,332406.2079191208
20181017124900,332500.0,332271.85225486755
20181017125000,332500.0,332291.8880581856
20181017125100,332375.0,332406.2079191208
20181017125200,332500.0,332339.02126550674
20181017125300,332500.0,332349.04247522354
20181017125400,332625.0,332406.2079191208
20181017125500,333000.0,332473.40339422226
20181017125600,333000.0,332732.30081796646
20181017125700,333000.0,332903.984606266
20181017125800,333000.0,332903.984606266
20181017125900,332875.0,332903.984606266
20181017130000,332875.0,332836.6943001747
20181017130100,333000.0,332779.47372198105
20181017130200,333000.0,332846.74859046936
20181017130300,332875.0,332903.984606266
20181017130400,333000.0,332836.6943001747
20181017130500,332750.0,332846.74859046936
20181017130600,333000.0,332769.42163705826
20181017130700,333000.0,332789.523601532
20181017130800,332750.0,332903.984606266
20181017130900,332375.0,332769.42163705826
20181017131000,332500.0,332453.3389210701
20181017131100,332500.0,332349.04247522354
20181017131200,332500.0,332406.2079191208
20181017131300,332375.0,332406.2079191208
20181017131400,332500.0,332339.02126550674
20181017131500,332375.0,332349.04247522354
20181017131600,332500.0,332339.02126550674
20181017131700,332500.0,332349.04247522354
20181017131800,332375.0,332406.2079191208
20181017131900,332375.0,332339.02126550674
20181017132000,332375.0,332281.87346458435
20181017132100,332750.0,332281.87346458435
20181017132200,332625.0,332483.42901468277
20181017132300,332750.0,332587.7717733383
20181017132400,332875.0,332597.8084206581
20181017132500,332750.0,332722.25534915924
20181017132600,332875.0,332712.209880352
20181017132700,332875.0,332722.25534915924
20181017132800,332875.0,332779.47372198105
20181017132900,332750.0,332779.47372198105
20181017133000,332250.0,332712.209880352
20181017133100,332250.0,332386.1434459686
20181017133200,332250.0,332157.5853228569
20181017133300,332500.0,332157.5853228569
20181017133400,332250.0,332291.8880581856
20181017133500,332375.0,332271.85225486755
20181017133600,332500.0,332224.72566366196
20181017133700,332375.0,332349.04247522354
20181017133800,332375.0,332339.02126550674
20181017133900,332500.0,332281.87346458435
20181017134000,332375.0,332349.04247522354
20181017134100,332375.0,332339.02126550674
20181017134200,332375.0,332281.87346458435
20181017134300,332375.0,332281.87346458435
20181017134400,332375.0,332281.87346458435
20181017134500,332250.0,332281.87346458435
20181017134600,331875.0,332214.71548080444
20181017134700,331249.99999999994,331956.23487234116
20181017134800,331375.0,331449.8991370201
20181017134900,331625.00000000006,331231.85843229294
20181017135000,331875.0,331422.7686524391
20181017135100,331875.0,331670.8553433418
20181017135200,331625.00000000006,331784.9899530411
20181017135300,331625.00000000006,331650.9077548981
20181017135400,332000.00000000006,331536.8260741234
20181017135500,331875.0,331737.8942370415
20181017135600,331750.0,331842.0649766922
20181017135700,331875.0,331717.942237854
20181017135800,331875.0,331727.91934013367
20181017135900,331750.0,331784.9899530411
20181017140000,331750.0,331717.942237854
20181017140100,331750.0,331660.88485717773
20181017140200,331875.0,331660.88485717773
20181017140300,331875.0,331727.91934013367
20181017140400,331750.0,331784.9899530411
20181017140500,331750.0,331717.942237854
20181017140600,331875.0,331660.88485717773
20181017140700,331750.0,331727.91934013367
20181017140800,331750.0,331717.942237854
20181017140900,331875.0,331660.88485717773
20181017141000,331875.0,331727.91934013367
20181017141100,331875.0,331784.9899530411
20181017141200,331750.0,331784.9899530411
20181017141300,331875.0,331717.942237854
20181017141400,331750.0,331727.91934013367
20181017141500,331750.0,331717.942237854
20181017141600,331875.0,331660.88485717773
20181017141700,331875.0,331727.91934013367
20181017141800,331375.0,331784.9899530411
20181017141900,331375.0,331516.88730716705
20181017142000,331249.99999999994,331288.8496518135
20181017142100,331375.0,331221.916615963
20181017142200,331249.99999999994,331231.85843229294
20181017142300,331249.99999999994,331221.916615963
20181017142400,331375.0,331164.9364233017
20181017142500,331875.0,331231.85843229294
20181017142600,331750.0,331556.74719810486
20181017142700,331750.0,331717.942237854
20181017142800,331875.0,331660.88485717773
20181017142900,331750.0,331727.91934013367
20181017143000,331625.00000000006,331717.942237854
20181017143100,331750.0,331593.8614010811
20181017143200,331750.0,331603.83409261703
20181017143300,332125.0,331660.88485717773
20181017143400,332375.0,331862.0346188545
20181017143500,332000.00000000006,332167.58888959885
20181017143600,332250.0,332080.4458260536
20181017143700,332250.0,332043.33823919296
20181017143800,332625.0,332157.5853228569
20181017143900,332875.0,332359.0614795685
20181017144000,332750.0,332665.04579782486
20181017144100,332875.0,332712.209880352
20181017144200,333250.0,332722.25534915924
20181017144300,333250.0,332981.344640255
20181017144400,333375.0,333153.13428640366
20181017144500,333250.0,333220.48634290695
20181017144600,333375.0,333210.4077935219
20181017144700,333375.0,333220.48634290695
20181017144800,333375.0,333277.7686715126
20181017144900,333375.0,333277.7686715126
20181017145000,333500.0,333277.7686715126
20181017145100,333750.0,333345.14939785004
20181017145200,333875.0,333537.27036714554
20181017145300,333875.0,333719.38556432724
20181017145400,333875.0,333776.7384648323
20181017145500,333625.0,333776.7384648323
20181017145600,333875.0,333641.8204307556
20181017145700,333875.0,333662.0414853096
20181017145800,333875.0,333776.7384648323
20181017145900,333875.0,333776.7384648323
20181017150000,333750.0,333776.7384648323
20181017150100,333750.0,333709.27172899246
20181017150200,333750.0,333651.9342660904
20181017150300,333750.0,333651.9342660904
20181017150400,333875.0,333651.9342660904
20181017150500,333750.0,333719.38556432724
20181017150600,334000.0,333709.27172899246
20181017150700,333875.0,333786.8523001671
20181017150800,333750.0,333834.0913653374
20181017150900,333875.0,333709.27172899246
20181017151000,333875.0,333719.38556432724
20181017151100,333875.0,333776.7384648323
20181017151200,333750.0,333776.7384648323
20181017151300,333875.0,333709.27172899246
20181017151400,333750.0,333719.38556432724
20181017151500,333875.0,333709.27172899246
20181017151600,333875.0,333719.38556432724
20181017151700,333750.0,333776.7384648323
20181017151800,333875.0,333709.27172899246
20181017151900,333625.0,333719.38556432724
20181017153000,333000.0,333641.8204307556
20181018090000,330874.99999999994,333190.23084640503
20181018090100,330625.0,331762.00556755066
20181018090300,331249.99999999994,330659.85774993896
20181018090400,332000.00000000006,330880.1413178444
20181018090500,332000.00000000006,331566.70224666595
20181018090600,332000.00000000006,331909.1457724571
20181018090700,333000.0,331909.1457724571
20181018090800,334000.0,332446.26849889755
20181018090900,333500.0,333442.7790045738
20181018091000,334000.0,333631.704390049
20181018091100,334000.0,333672.14208841324
20181018091200,334000.0,333901.57574415207
20181018091300,333500.0,333901.57574415207
20181018091400,333750.0,333631.704390049
20181018091500,333500.0,333537.27036714554
20181018091600,333500.0,333517.06916093826
20181018091700,333750.0,333402.4515748024
20181018091800,333250.0,333537.27036714554
20181018091900,333500.0,333382.25477933884
20181018092000,333250.0,333287.8516316414
20181018092100,333500.0,333267.6857113838
20181018092200,333500.0,333287.8516316414
20181018092300,333250.0,333402.4515748024
20181018092400,333500.0,333267.6857113838
20181018092500,333750.0,333287.8516316414
20181018092600,334000.0,333537.27036714554
20181018092700,334250.0,333786.8523001671
20181018092800,334500.0,334036.59522533417
20181018092900,334250.0,334286.4947319031
20181018093000,334250.0,334266.19428396225
20181018093100,333750.0,334151.38483047485
20181018093200,333750.0,333881.32160902023
20181018093300,333875.0,333651.9342660904
20181018093400,334250.0,333719.38556432724
20181018093500,334375.0,333979.20483350754
20181018093600,334500.0,334218.9375758171
20181018093700,334750.0,334343.9204096794
20181018093800,335250.0,334536.5508198738
20181018093900,335375.0,334922.1027493477
20181018094000,335375.0,335219.8720574379
20181018094100,335250.0,335277.4013876915
20181018094200,335000.0,335209.6611857414
20181018094300,334750.0,335016.71320199966
20181018094400,334750.0,334766.3902640343
20181018094500,334750.0,334651.46392583847
20181018094600,334625.0,334651.46392583847
20181018094700,334875.0,334583.83399248123
20181018094800,334625.0,334661.6373062134
20181018094900,334750.0,334641.28613471985
20181018095000,334875.0,334594.0051674843
20181018095100,334625.0,334719.10268068314
20181018095200,334750.0,334641.28613471985
20181018095300,334250.0,334594.0051674843
20181018095400,334375.0,334381.01917505264
20181018095500,333500.0,334218.9375758171
20181018095600,333250.0,333803.69913578033
20181018095700,333375.0,333267.6857113838
20181018095800,333250.0,333220.48634290695
20181018095900,333125.0,333210.4077935219
20181018100000,333500.0,333085.7910513878
20181018100100,333250.0,333230.5604815483
20181018100200,332500.0,333267.6857113838
20181018100300,331750.0,332749.2998242378
20181018100400,331375.0,332003.3195614815
20181018100500,331500.0,331459.86741781235
20181018100600,331750.0,331355.8047413826
20181018100700,332250.0,331546.7899441719
20181018100800,332500.0,331929.1132092476
20181018100900,332000.00000000006,332291.8880581856
20181018101000,332000.00000000006,332137.56054639816
20181018101100,332750.0,331909.1457724571
20181018101200,333000.0,332311.9040131569
20181018101300,333000.0,332789.523601532
20181018101400,333000.0,332903.984606266
20181018101500,333000.0,332903.984606266
20181018101600,332750.0,332903.984606266
20181018101700,333000.0,332769.42163705826
20181018101800,332875.0,332789.523601532
20181018101900,333000.0,332836.6943001747
20181018102000,333500.0,332846.74859046936
20181018102100,334000.0,333173.27374219894
20181018102200,334000.0,333672.14208841324
20181018102300,334000.0,333901.57574415207
20181018102400,334000.0,333901.57574415207
20181018102500,333875.0,333901.57574415207
20181018102600,333625.0,333834.0913653374
20181018102700,333625.0,333641.8204307556
20181018102800,333750.0,333527.17196941376
20181018102900,333750.0,333594.60121393204
20181018103000,333625.0,333651.9342660904
20181018103100,333250.0,333584.4962000847
20181018103200,333500.0,333324.9680399895
20181018103300,333375.0,333287.8516316414
20181018103400,333375.0,333335.0598216057
20181018103500,333250.0,333277.7686715126
20181018103600,333500.0,333210.4077935219
20181018103700,333500.0,333287.8516316414
20181018103800,333500.0,333402.4515748024
20181018103900,333500.0,333402.4515748024
20181018104000,333500.0,333402.4515748024
20181018104100,333750.0,333402.4515748024
20181018104200,333875.0,333537.27036714554
20181018104300,333750.0,333719.38556432724
20181018104400,333500.0,333709.27172899246
20181018104500,333375.0,333517.06916093826
20181018104600,333500.0,333335.0598216057
20181018104700,333500.0,333345.14939785004
20181018104800,333500.0,333402.4515748024
20181018104900,333250.0,333402.4515748024
20181018105000,333500.0,333267.6857113838
20181018105100,333500.0,333287.8516316414
20181018105200,333500.0,333402.4515748024
20181018105300,333500.0,333402.4515748024
20181018105400,333500.0,333402.4515748024
20181018105500,333375.0,333402.4515748024
20181018105600,332875.0,333335.0598216057
20181018105700,332250.0,333008.3913207054
20181018105800,332375.0,332443.3022737503
20181018105900,332250.0,332224.72566366196
20181018110000,332500.0,332214.71548080444
20181018110100,332125.0,332291.8880581856
20181018110200,332250.0,332204.7008872032
20181018110300,332250.0,332100.4573702812
20181018110400,332125.0,332157.5853228569
20181018110500,331875.0,332090.4538035393
20181018110600,331500.0,331899.1510272026
20181018110700,331750.0,331583.88870954514
20181018110800,332000.00000000006,331546.7899441719
20181018110900,331249.99999999994,331794.9692606926
20181018111000,331000.0,331506.9102048874
20181018111100,330874.99999999994,331031.1387181282
20181018111200,331249.99999999994,330850.40628910065
20181018111300,331500.0,330994.039952755
20181018111400,331750.0,331298.79808425903
20181018111500,332250.0,331546.7899441719
20181018111600,332250.0,331929.1132092476
20181018111700,332500.0,332157.5853228569
20181018111800,332250.0,332291.8880581856
20181018111900,332125.0,332271.85225486755
20181018112000,332500.0,332090.4538035393
20181018112100,332250.0,332234.73584651947
20181018112200,331875.0,332271.85225486755
20181018112300,331875.0,331956.23487234116
20181018112400,332000.00000000006,331784.9899530411
20181018112500,332000.00000000006,331852.05310583115
20181018112600,331750.0,331909.1457724571
20181018112700,331875.0,331775.00623464584
20181018112800,331750.0,331727.91934013367
20181018112900,331750.0,331717.942237854
20181018113000,332000.00000000006,331660.88485717773
20181018113100,331750.0,331794.9692606926
20181018113200,332250.0,331775.00623464584
20181018113300,332000.00000000006,331929.1132092476
20181018113400,332250.0,332023.3355164528
20181018113500,332875.0,332043.33823919296
20181018113600,332750.0,332493.45022439957
20181018113700,332750.0,332712.209880352
20181018113800,332750.0,332655.0069451332
20181018113900,332750.0,332655.0069451332
20181018114000,333000.0,332655.0069451332
20181018114100,332625.0,332789.523601532
20181018114200,332750.0,332702.1600008011
20181018114300,332625.0,332597.8084206581
20181018114400,333000.0,332587.7717733383
20181018114500,333000.0,332732.30081796646
20181018114600,332500.0,332903.984606266
20181018114700,332875.0,332634.91600751877
20181018114800,332750.0,332607.84286260605
20181018115000,332750.0,332712.209880352
20181018115100,332750.0,332655.0069451332
20181018115200,332875.0,332655.0069451332
20181018115300,332750.0,332722.25534915924
20181018115400,333000.0,332712.209880352
20181018115500,333000.0,332789.523601532
20181018115600,332750.0,332903.984606266
20181018115700,333000.0,332769.42163705826
20181018115800,332875.0,332789.523601532
20181018115900,332750.0,332836.6943001747
20181018120000,332750.0,332712.209880352
20181018120100,332625.0,332655.0069451332
20181018120200,333000.0,332587.7717733383
20181018120300,332750.0,332732.30081796646
20181018120400,332750.0,332769.42163705826
20181018120500,333000.0,332655.0069451332
20181018120600,332875.0,332789.523601532
20181018120700,332750.0,332836.6943001747
20181018120800,332750.0,332712.209880352
20181018121000,333000.0,332655.0069451332
20181018121100,332750.0,332789.523601532
20181018121200,333000.0,332769.42163705826
20181018121300,332875.0,332789.523601532
20181018121400,333000.0,332836.6943001747
20181018121500,333000.0,332846.74859046936
20181018121600,332375.0,332903.984606266
20181018121700,332250.0,332567.6808357239
20181018121800,332000.00000000006,332214.71548080444
20181018121900,332250.0,332023.3355164528
20181018122000,332375.0,332043.33823919296
20181018122100,332000.00000000006,332224.72566366196
20181018122200,332000.00000000006,332080.4458260536
20181018122300,331750.0,331909.1457724571
20181018122500,332000.00000000006,331775.00623464584
20181018122600,331625.00000000006,331794.9692606926
20181018122700,332000.00000000006,331707.95851945877
20181018122800,331500.0,331737.8942370415
20181018123000,332000.00000000006,331640.92844724655
20181018123100,331500.0,331680.82362413406
20181018123200,331750.0,331640.92844724655
20181018123300,331625.00000000006,331546.7899441719
20181018123400,331875.0,331593.8614010811
20181018123500,331750.0,331670.8553433418
20181018123700,331750.0,331717.942237854
20181018123800,331500.0,331660.88485717773
20181018123900,332000.00000000006,331526.859998703
20181018124000,331750.0,331680.82362413406
20181018124100,332000.00000000006,331775.00623464584
20181018124200,331750.0,331794.9692606926
20181018124300,331750.0,331775.00623464584
20181018124400,332000.00000000006,331660.88485717773
20181018124500,331750.0,331794.9692606926
20181018124600,332000.00000000006,331775.00623464584
20181018124700,332000.00000000006,331794.9692606926
20181018124800,331750.0,331909.1457724571
20181018124900,331500.0,331775.00623464584
20181018125000,331249.99999999994,331526.859998703
20181018125100,331500.0,331278.901219368
20181018125200,331500.0,331298.79808425903
20181018125300,331249.99999999994,331412.813603878
20181018125400,331249.99999999994,331278.901219368
20181018125500,331249.99999999994,331164.9364233017
20181018125600,331000.0,331164.9364233017
20181018125700,331500.0,331031.1387181282
20181018125800,331375.0,331184.80682373047
20181018125900,331500.0,331345.8541035652
20181018130000,331625.00000000006,331355.8047413826
20181018130100,331500.0,331479.7951579094
20181018130200,331500.0,331469.8356986046
20181018130300,331875.0,331412.813603878
20181018130400,332000.00000000006,331613.79796266556
20181018130500,331750.0,331852.05310583115
20181018130600,332000.00000000006,331775.00623464584
20181018130700,332000.00000000006,331794.9692606926
20181018130800,331500.0,331909.1457724571
20181018130900,331750.0,331640.92844724655
20181018131000,331875.0,331546.7899441719
20181018131200,331875.0,331727.91934013367
20181018131300,331750.0,331784.9899530411
20181018131400,331750.0,331717.942237854
20181018131500,331500.0,331660.88485717773
20181018131600,332000.00000000006,331526.859998703
20181018131700,332000.00000000006,331680.82362413406
20181018131800,331875.0,331909.1457724571
20181018131900,332000.00000000006,331842.0649766922
20181018132000,331750.0,331852.05310583115
20181018132100,332000.00000000006,331775.00623464584
20181018132200,332000.00000000006,331794.9692606926
20181018132300,331750.0,331909.1457724571
20181018132400,332000.00000000006,331775.00623464584
20181018132500,331500.0,331794.9692606926
20181018132600,332000.00000000006,331640.92844724655
20181018132700,332000.00000000006,331680.82362413406
20181018132800,331625.00000000006,331909.1457724571
20181018132900,331875.0,331707.95851945877
20181018133000,331875.0,331670.8553433418
20181018133100,332000.00000000006,331784.9899530411
20181018133200,332500.0,331852.05310583115
20181018133300,332250.0,332177.5880455971
20181018133400,332500.0,332271.85225486755
20181018133500,332250.0,332291.8880581856
20181018133600,332500.0,332271.85225486755
20181018133700,332375.0,332291.8880581856
20181018133800,332250.0,332339.02126550674
20181018133900,332250.0,332214.71548080444
20181018134000,332375.0,332157.5853228569
20181018134100,332750.0,332224.72566366196
20181018134200,333000.0,332483.42901468277
20181018134300,332250.0,332789.523601532
20181018134400,332500.0,332500.46330690384
20181018134500,332500.0,332291.8880581856
20181018134600,332750.0,332406.2079191208
20181018134700,332750.0,332540.61871767044
20181018134800,333000.0,332655.0069451332
20181018134900,332625.0,332789.523601532
20181018135000,332750.0,332702.1600008011
20181018135100,333000.0,332597.8084206581
20181018135200,332750.0,332789.523601532
20181018135300,332875.0,332769.42163705826
20181018135400,333000.0,332722.25534915924
20181018135500,332750.0,332846.74859046936
20181018135600,332875.0,332769.42163705826
20181018135700,332875.0,332722.25534915924
20181018135800,333000.0,332779.47372198105
20181018135900,332750.0,332846.74859046936
20181018140000,332750.0,332769.42163705826
20181018140100,332750.0,332655.0069451332
20181018140200,332750.0,332655.0069451332
20181018140300,332875.0,332655.0069451332
20181018140400,333000.0,332722.25534915924
20181018140500,332875.0,332846.74859046936
20181018140600,332750.0,332836.6943001747
20181018140700,332625.0,332712.209880352
20181018140800,333000.0,332587.7717733383
20181018140900,333000.0,332732.30081796646
20181018141000,332750.0,332903.984606266
20181018141100,333000.0,332769.42163705826
20181018141200,332875.0,332789.523601532
20181018141300,333000.0,332836.6943001747
20181018141400,333000.0,332846.74859046936
20181018141500,332875.0,332903.984606266
20181018141600,333000.0,332836.6943001747
20181018141700,332750.0,332846.74859046936
20181018141800,332875.0,332769.42163705826
20181018141900,333000.0,332722.25534915924
20181018142000,332750.0,332846.74859046936
20181018142100,333000.0,332769.42163705826
20181018142200,333250.0,332789.523601532
20181018142300,333250.0,333038.60050439835
20181018142400,333750.0,333153.13428640366
20181018142500,333625.0,333422.6263165474
20181018142600,333750.0,333584.4962000847
20181018142700,333375.0,333594.60121393204
20181018142800,333375.0,333449.655354023
20181018142900,333375.0,333277.7686715126
20181018143000,333250.0,333277.7686715126
20181018143100,333375.0,333210.4077935219
20181018143200,333375.0,333220.48634290695
20181018143300,333375.0,333277.7686715126
20181018143400,333375.0,333277.7686715126
20181018143500,333250.0,333277.7686715126
20181018143600,333250.0,333210.4077935219
20181018143700,333375.0,333153.13428640366
20181018143800,333250.0,333220.48634290695
20181018143900,333250.0,333210.4077935219
20181018144000,333125.0,333153.13428640366
20181018144100,333250.0,333085.7910513878
20181018144200,333250.0,333095.86519002914
20181018144300,333250.0,333153.13428640366
20181018144400,333375.0,333153.13428640366
20181018144500,333250.0,333220.48634290695
20181018144600,333375.0,333210.4077935219
20181018144700,333250.0,333220.48634290695
20181018144800,333250.0,333210.4077935219
20181018144900,333250.0,333153.13428640366
20181018145000,333250.0,333153.13428640366
20181018145100,333250.0,333153.13428640366
20181018145200,333250.0,333153.13428640366
20181018145300,333375.0,333153.13428640366
20181018145400,333500.0,333220.48634290695
20181018145500,333875.0,333345.14939785004
20181018145600,333875.0,333604.7018170357
20181018145700,333875.0,333776.7384648323
20181018145800,333875.0,333776.7384648323
20181018145900,333750.0,333776.7384648323
20181018150000,333750.0,333709.27172899246
20181018150100,333750.0,333651.9342660904
20181018150200,333750.0,333651.9342660904
20181018150300,333625.0,333651.9342660904
20181018150400,333375.0,333584.4962000847
20181018150500,333375.0,333392.3553824425
20181018150600,333375.0,333277.7686715126
20181018150700,333250.0,333277.7686715126
20181018150800,333375.0,333210.4077935219
20181018150900,333250.0,333220.48634290695
20181018151000,333375.0,333210.4077935219
20181018151100,333250.0,333220.48634290695
20181018151200,333125.0,333210.4077935219
20181018151300,333250.0,333085.7910513878
20181018151400,333250.0,333095.86519002914
20181018151500,333375.0,333153.13428640366
20181018151600,333250.0,333220.48634290695
20181018151700,333375.0,333210.4077935219
20181018151800,333500.0,333220.48634290695
20181018151900,333500.0,333345.14939785004
20181018153000,333000.0,333402.4515748024
20181019090000,328875.0,333132.9727768898
20181019090100,329250.0,330691.12771749496
20181019090200,329500.0,329019.28824186325
20181019090300,329500.0,329322.050511837
20181019090400,330000.0,329435.39118766785
20181019090500,330250.0,329701.5023827553
20181019090600,330250.0,330061.7851614952
20181019090700,330625.0,330175.39489269257
20181019090800,331000.0,330375.503718853
20181019090900,330874.99999999994,330746.47814035416
20181019091000,331125.0,330850.40628910065
20181019091100,331125.0,330927.17307806015
20181019091200,331249.99999999994,331041.0695075989
20181019091300,331000.0,331107.962846756
20181019091400,331875.0,331031.1387181282
20181019091500,332375.0,331385.63019037247
20181019091600,332875.0,332053.32857370377
20181019091700,333125.0,332550.6421327591
20181019091800,332875.0,332914.0411019325
20181019091900,332875.0,332893.9236998558
20181019092000,332625.0,332779.47372198105
20181019092100,332750.0,332644.95927095413
20181019092200,332625.0,332597.8084206581
20181019092300,332750.0,332587.7717733383
20181019092400,332125.0,332597.8084206581
20181019092500,331375.0,332318.965613842
20181019092600,331625.00000000006,331630.94252347946
20181019092700,331625.00000000006,331422.7686524391
20181019092800,332000.00000000006,331536.8260741234
20181019092900,331500.0,331737.8942370415
20181019093000,331625.00000000006,331640.92844724655
20181019093100,331750.0,331479.7951579094
20181019093200,331500.0,331603.83409261703
20181019093300,331750.0,331526.859998703
20181019093400,332125.0,331546.7899441719
20181019093500,331375.0,331862.0346188545
20181019093600,330250.0,331630.94252347946
20181019093700,330250.0,330686.9816184044
20181019093800,330125.0,330175.39489269257
20181019093900,329375.0,330108.724296093
20181019094000,329375.0,329652.3292064667
20181019094100,330000.0,329312.24542856216
20181019094200,329875.0,329644.7713971138
20181019094300,330500.0,329861.903488636
20181019094400,330000.0,330138.30053806305
20181019094500,329125.0,330155.6457877159
20181019094600,329875.0,329462.5900387764
20181019094700,329875.0,329464.81746435165
20181019094800,329375.0,329805.1548600197
20181019094900,330250.0,329538.9356017113
20181019095000,330250.0,329777.9008746147
20181019095100,330000.0,330175.39489269257
20181019095200,329625.0,330042.0647263527
20181019095300,330000.0,329728.7343144417
20181019095400,329875.0,329758.2466006279
20181019095500,329625.0,329861.903488636
20181019095600,329750.0,329672.0121502876
20181019095700,329875.0,329625.1259446144
20181019095800,330000.0,329748.4150528908
20181019095900,329750.0,329871.752679348
20181019100000,330000.0,329795.3122854233
20181019100100,330125.0,329814.9974346161
20181019100200,330874.99999999994,329995.1410293579
20181019100300,330625.0,330452.1183371544
20181019100400,330500.0,330659.85774993896
20181019100500,329875.0,330479.3348312378
20181019100600,329625.0,330088.9773964882
20181019100700,329750.0,329672.0121502876
20181019100800,330000.0,329625.1259446144
20181019100900,330125.0,329814.9974346161
20181019101000,329625.0,329995.1410293579
20181019101100,329125.0,329785.46088933945
20181019101200,329000.0,329292.62644052505
20181019101300,328625.0,328999.7221827507
20181019101400,328625.0,328744.1085577011
20181019101500,328875.0,328574.51766729355
20181019101600,329125.0,328707.0913910866
20181019101700,329250.0,328952.90875434875
20181019101800,329000.0,329132.52305984497
20181019101900,329125.0,329056.3252568245
20181019102000,329750.0,329009.505212307
20181019102100,329875.0,329398.3232975006
20181019102200,329125.0,329748.4150528908
20181019102300,329750.0,329405.92962503433
20181019102400,329625.0,329398.3232975006
20181019102500,329625.0,329615.30101299286
20181019102600,329875.0,329558.5942864418
20181019102700,329500.0,329691.6774511337
20181019102800,329875.0,329605.4672598839
20181019102900,329750.0,329634.9530816078
20181019103000,329625.0,329738.57468366623
20181019103100,329625.0,329615.30101299286
20181019103200,329750.0,329558.5942864418
20181019103300,329750.0,329625.1259446144
20181019103400,330250.0,329681.84810876846
20181019103500,330125.0,329948.2085108757
20181019103600,330375.0,330108.724296093
20181019103700,330500.0,330185.2617263794
20181019103800,330750.0,330365.62806367874
20181019103900,330625.0,330555.9891462326
20181019104000,330750.0,330602.9745936394
20181019104100,330750.0,330612.8723025322
20181019104200,330625.0,330669.76648569107
20181019104300,330874.99999999994,330602.9745936394
20181019104400,330874.99999999994,330679.6686053276
20181019104500,330750.0,330793.4856414795
20181019104600,331000.0,330726.66507959366
20181019104700,331000.0,330803.39217185974
20181019104800,330625.0,330917.25331544876
20181019104900,330750.0,330716.749727726
20181019105000,330874.99999999994,330612.8723025322
20181019105100,330750.0,330736.5716099739
20181019105200,330750.0,330726.66507959366
20181019105300,330750.0,330669.76648569107
20181019105400,331000.0,330669.76648569107
20181019105500,331249.99999999994,330803.39217185974
20181019105600,331249.99999999994,331051.00029706955
20181019105700,331249.99999999994,331164.9364233017
20181019105800,331249.99999999994,331164.9364233017
20181019105900,331000.0,331164.9364233017
20181019110000,330375.0,331031.1387181282
20181019110100,330750.0,330583.1615328789
20181019110200,330874.99999999994,330499.11481142044
20181019110300,331000.0,330736.5716099739
20181019110400,331375.0,330860.31943559647
20181019110500,331750.0,331117.8958415985
20181019110600,331125.0,331489.7502064705
20181019110700,331249.99999999994,331325.93297958374
20181019110800,331000.0,331107.962846756
20181019110900,331000.0,331031.1387181282
20181019111000,330750.0,330917.25331544876
20181019111100,331249.99999999994,330783.56808423996
20181019111200,331249.99999999994,330937.0884299278
20181019111300,331750.0,331164.9364233017
20181019111400,331750.0,331432.7192902565
20181019111500,332250.0,331660.88485717773
20181019111600,332625.0,331929.1132092476
20181019111700,332625.0,332359.0614795685
20181019111800,332625.0,332530.5886864662
20181019111900,332625.0,332530.5886864662
20181019112000,332750.0,332530.5886864662
20181019112100,332625.0,332597.8084206581
20181019112200,332875.0,332587.7717733383
20181019112300,332750.0,332665.04579782486
20181019112400,332750.0,332712.209880352
20181019112500,333125.0,332655.0069451332
20181019112600,333125.0,332856.80067539215
20181019112700,333250.0,333028.5351872444
20181019112800,333500.0,333095.86519002914
20181019112900,333750.0,333287.8516316414
20181019113000,333750.0,333537.27036714554
20181019113100,333750.0,333651.9342660904
20181019113200,333750.0,333651.9342660904
20181019113300,333750.0,333651.9342660904
20181019113400,333750.0,333651.9342660904
20181019113500,333750.0,333651.9342660904
20181019113600,333625.0,333651.9342660904
20181019113700,333750.0,333584.4962000847
20181019113800,333750.0,333594.60121393204
20181019113900,333625.0,333651.9342660904
20181019114000,333750.0,333584.4962000847
20181019114100,333625.0,333594.60121393204
20181019114200,333750.0,333584.4962000847
20181019114300,333750.0,333594.60121393204
20181019114400,333750.0,333651.9342660904
20181019114500,333875.0,333651.9342660904
20181019114600,333875.0,333719.38556432724
20181019114700,334125.0,333776.7384648323
20181019114800,333875.0,333911.702811718
20181019114900,333750.0,333891.45308732986
20181019115000,333625.0,333709.27172899246
20181019115100,334125.0,333584.4962000847
20181019115200,334375.0,333796.96172475815
20181019115300,334375.0,334161.52292490005
20181019115400,334250.0,334276.34781599045
20181019115500,334250.0,334208.7884545326
20181019115600,334125.0,334151.38483047485
20181019115700,334125.0,334083.84972810745
20181019115800,334125.0,334026.4615416527
20181019115900,333500.0,334026.4615416527
20181019120000,333000.0,333689.03082609177
20181019120100,333875.0,333132.9727768898
20181019120200,333625.0,333375.3872513771
20181019120300,333625.0,333641.8204307556
20181019120400,334250.0,333527.17196941376
20181019120500,333875.0,333864.44169282913
20181019120600,334000.0,333948.8170146942
20181019120700,334250.0,333844.20961141586
20181019120800,334000.0,334036.59522533417
20181019120900,334125.0,334016.3278579712
20181019121000,334375.0,333969.0799713135
20181019121100,334250.0,334161.52292490005
20181019121200,334250.0,334208.7884545326
20181019121300,334375.0,334151.38483047485
20181019121400,334375.0,334218.9375758171
20181019121500,334125.0,334276.34781599045
20181019121600,334125.0,334141.24232530594
20181019121700,334375.0,334026.4615416527
20181019121800,334250.0,334161.52292490005
20181019121900,334125.0,334208.7884545326
20181019122000,334125.0,334083.84972810745
20181019122100,334375.0,334026.4615416527
20181019122200,334250.0,334161.52292490005
20181019122300,334250.0,334208.7884545326
20181019122400,334125.0,334151.38483047485
20181019122500,334250.0,334083.84972810745
20181019122600,334250.0,334093.9900279045
20181019122700,334375.0,334151.38483047485
20181019122800,334250.0,334218.9375758171
20181019122900,334500.0,334208.7884545326
20181019123000,334750.0,334286.4947319031
20181019123100,334625.0,334536.5508198738
20181019123200,334750.0,334583.83399248123
20181019123300,334750.0,334594.0051674843
20181019123400,334625.0,334651.46392583847
20181019123500,334625.0,334583.83399248123
20181019123600,334750.0,334526.3862609863
20181019123700,334750.0,334594.0051674843
20181019123800,334875.0,334651.46392583847
20181019123900,334625.0,334719.10268068314
20181019124000,334625.0,334641.28613471985
20181019124100,334750.0,334526.3862609863
20181019124200,335000.0,334594.0051674843
20181019124300,335375.0,334786.75907850266
20181019124400,335250.0,335104.8222184181
20181019124500,335250.0,335209.6611857414
20181019124600,335375.0,335152.1428823471
20181019124700,335250.0,335219.8720574379
20181019124800,335125.0,335209.6611857414
20181019124900,334875.0,335084.42252874374
20181019125000,334750.0,334891.53188467026
20181019125100,334875.0,334708.9248895645
20181019125200,334375.0,334719.10268068314
20181019125300,334500.0,334506.04170560837
20181019125400,334750.0,334343.9204096794
20181019125500,334750.0,334536.5508198738
20181019125600,334875.0,334651.46392583847
20181019125700,334750.0,334719.10268068314
20181019125800,334750.0,334708.9248895645
20181019125900,334625.0,334651.46392583847
20181019130000,334625.0,334583.83399248123
20181019130100,334750.0,334526.3862609863
20181019130200,334875.0,334594.0051674843
20181019130300,335000.0,334719.10268068314
20181019130400,335375.0,334844.2443013191
20181019130500,335375.0,335104.8222184181
20181019130600,335250.0,335277.4013876915
20181019130700,335125.0,335209.6611857414
20181019130800,335250.0,335084.42252874374
20181019130900,335250.0,335094.62237358093
20181019131000,335375.0,335152.1428823471
20181019131100,335125.0,335219.8720574379
20181019131200,335250.0,335141.93201065063
20181019131300,335250.0,335094.62237358093
20181019131400,335125.0,335152.1428823471
20181019131500,335375.0,335084.42252874374
20181019131600,335125.0,335162.347137928
20181019131700,335250.0,335141.93201065063
20181019131800,335125.0,335094.62237358093
20181019131900,335250.0,335084.42252874374
20181019132000,335125.0,335094.62237358093
20181019132100,335000.0,335084.42252874374
20181019132200,335250.0,334959.21915769577
20181019132300,335000.0,335037.11730241776
20181019132400,335250.0,335016.71320199966
20181019132500,335375.0,335037.11730241776
20181019132600,335499.99999999994,335219.8720574379
20181019132700,335874.99999999994,335345.1548218727
20181019132800,335874.99999999994,335606.0547232628
20181019132900,335625.0,335778.7948846817
20181019133000,335750.0,335643.153488636
20181019133100,335375.0,335595.82620859146
20181019133200,335250.0,335450.01143217087
20181019133300,335499.99999999994,335209.6611857414
20181019133400,335874.99999999994,335287.6144647598
20181019133500,336125.0,335606.0547232628
20181019133600,336250.00000000006,335914.4825935364
20181019133700,336125.0,336097.5791811943
20181019133800,336375.0,336087.31096982956
20181019133900,336375.0,336165.46934843063
20181019134000,336625.00000000006,336280.73531389236
20181019134100,336875.0,336416.5884256363
20181019134200,336750.0,336667.8310036659
20181019134300,336875.0,336715.20459651947
20181019134400,336875.0,336725.5102992058
20181019134500,336750.0,336783.19400548935
20181019134600,336875.0,336715.20459651947
20181019134700,336750.0,336725.5102992058
20181019134800,336750.0,336715.20459651947
20181019134900,336625.00000000006,336657.5319170952
20181019135000,336250.00000000006,336589.562356472
20181019135100,336375.0,336328.0846476555
20181019135200,336125.0,336223.10012578964
20181019135300,336375.0,336144.9241042137
20181019135400,336250.00000000006,336165.46934843063
20181019135500,336375.0,336212.82309293747
20181019135600,336250.00000000006,336223.10012578964
20181019135700,336250.00000000006,336212.82309293747
20181019135800,336125.0,336155.20334243774
20181019135900,336250.00000000006,336087.31096982956
20181019140000,336500.0,336097.5791811943
20181019140100,336875.0,336291.0145521164
20181019140200,336625.00000000006,336610.15170812607
20181019140300,336250.00000000006,336647.2262144089
20181019140400,336500.0,336328.0846476555
20181019140500,336875.0,336291.0145521164
20181019140600,336625.00000000006,336610.15170812607
20181019140700,336875.0,336647.2262144089
20181019140800,336750.0,336667.8310036659
20181019140900,336750.0,336715.20459651947
20181019141000,336750.0,336657.5319170952
20181019141100,336750.0,336657.5319170952
20181019141200,336625.00000000006,336657.5319170952
20181019141300,336625.00000000006,336589.562356472
20181019141400,336750.0,336531.900703907
20181019141500,336750.0,336599.86144304276
20181019141600,336875.0,336657.5319170952
20181019141700,337125.0,336725.5102992058
20181019141800,337125.0,336919.1992878914
20181019141900,337125.0,337034.60639715195
20181019142000,337250.0,337034.60639715195
20181019142100,337375.0,337102.64652967453
20181019142200,337375.0,337228.41888666153
20181019142300,337125.0,337286.1422896385
20181019142400,337250.0,337150.02673864365
20181019142500,337250.0,337102.64652967453
20181019142600,337375.0,337160.3611111641
20181019142700,337375.0,337228.41888666153
20181019142800,337250.0,337286.1422896385
20181019142900,337125.0,337218.08010339737
20181019143000,337125.0,337092.3165678978
20181019143100,337250.0,337034.60639715195
20181019143200,337250.0,337102.64652967453
20181019143300,337375.0,337160.3611111641
20181019143400,337125.0,337228.41888666153
20181019143500,336625.00000000006,337150.02673864365
20181019143600,336750.0,336762.56054639816
20181019143700,336750.0,336599.86144304276
20181019143800,336875.0,336657.5319170952
20181019143900,336625.00000000006,336725.5102992058
20181019144000,336750.0,336647.2262144089
20181019144100,336875.0,336599.86144304276
20181019144200,336750.0,336725.5102992058
20181019144300,336875.0,336715.20459651947
20181019144400,336750.0,336725.5102992058
20181019144500,337125.0,336715.20459651947
20181019144600,337125.0,336861.5001440048
20181019144700,336875.0,337034.60639715195
20181019144800,336625.00000000006,336898.56362342834
20181019144900,336750.0,336647.2262144089
20181019145000,337125.0,336599.86144304276
20181019145100,337250.0,336861.5001440048
20181019145200,337000.0,337102.64652967453
20181019145300,336750.0,337024.2830514908
20181019145400,336625.00000000006,336772.8794813156
20181019145500,336750.0,336589.562356472
20181019145600,337125.0,336599.86144304276
20181019145700,337125.0,336861.5001440048
20181019145800,337125.0,337034.60639715195
20181019145900,336875.0,337034.60639715195
20181019150000,336750.0,336898.56362342834
20181019150100,336750.0,336715.20459651947
20181019150200,336750.0,336657.5319170952
20181019150300,336250.00000000006,336657.5319170952
20181019150400,336375.0,336385.7154250145
20181019150500,336250.00000000006,336223.10012578964
20181019150600,336250.00000000006,336212.82309293747
20181019150700,336375.0,336155.20334243774
20181019150800,336250.00000000006,336223.10012578964
20181019150900,336375.0,336212.82309293747
20181019151000,336375.0,336223.10012578964
20181019151100,336125.0,336280.73531389236
20181019151200,336375.0,336144.9241042137
20181019151300,336250.00000000006,336165.46934843063
20181019151400,336125.0,336212.82309293747
20181019151500,336250.00000000006,336087.31096982956
20181019151600,336625.00000000006,336097.5791811943
20181019151700,337250.0,336358.931183815
20181019151800,337125.0,336871.80584669113
20181019151900,336375.0,337092.3165678978
20181019153000,335499.99999999994,336626.59937143326
20181019153500,335499.99999999994,335805.5945634842
20181022090000,334000.0,335402.70179510117
20181022090100,335499.99999999994,334590.3177857399
20181022090200,334375.0,334712.42040395737
20181022090300,334000.0,334793.25169324875
20181022090400,334500.0,334073.7050175667
20181022090500,335000.0,334171.66101932526
20181022090600,334625.0,334671.80186510086
20181022090700,334500.0,334698.7426877022
20181022090800,333875.0,334458.7805867195
20181022090900,333750.0,334063.5603070259
20181022091000,334000.0,333709.27172899246
20181022091100,334875.0,333786.8523001671
20181022091200,335000.0,334374.3545413017
20181022091300,334750.0,334844.2443013191
20181022091400,334875.0,334766.3902640343
20181022091500,334875.0,334719.10268068314
20181022091600,334875.0,334776.5790820122
20181022091700,335250.0,334776.5790820122
20181022091800,335250.0,334979.605615139
20181022091900,334750.0,335152.1428823471
20181022092000,334000.0,334881.3342452049
20181022092100,334500.0,334245.87178230286
20181022092200,334250.0,334171.66101932526
20181022092300,334750.0,334266.19428396225
20181022092400,334750.0,334421.65315151215
20181022092500,335375.0,334651.46392583847
20181022092600,335125.0,334989.7900223732
20181022092700,335000.0,335141.93201065063
20181022092800,334750.0,334959.21915769577
20181022092900,335250.0,334766.3902640343
20181022093000,335499.99999999994,334922.1027493477
20181022093100,335375.0,335287.6144647598
20181022093200,335375.0,335334.9351286888
20181022093300,335750.0,335277.4013876915
20181022093400,336000.0,335480.69256544113
20181022093500,336000.0,335789.0410423279
20181022093600,336000.0,335904.2320251465
20181022093700,336000.0,335904.2320251465
20181022093800,336750.0,335904.2320251465
20181022093900,337750.0,336311.5465641022
20181022094000,338000.0,337201.65008306503
20181022094100,337875.0,337799.93438720703
20181022094200,338000.0,337847.3410606384
20181022094300,337875.0,337857.71733522415
20181022094400,338000.0,337847.3410606384
20181022094500,338000.0,337857.71733522415
20181022094600,338000.0,337915.4936671257
20181022094700,338125.0,337915.4936671257
20181022094800,338500.0,337983.661711216
20181022094900,338500.0,338246.0215687752
20181022095000,338375.0,338419.4696545601
20181022095100,338375.0,338351.2508869171
20181022095200,338125.0,338293.437063694
20181022095300,338500.0,338157.03040361404
20181022095400,338250.0,338246.0215687752
20181022095500,338375.0,338283.03653001785
20181022095600,338375.0,338235.6276512146
20181022095700,338250.0,338293.437063694
20181022095800,338375.0,338225.2293229103
20181022095900,338500.0,338235.6276512146
20181022100000,338500.0,338361.6536259651
20181022100100,338375.0,338419.4696545601
20181022100200,338500.0,338351.2508869171
20181022100300,338375.0,338361.6536259651
20181022100400,338375.0,338351.2508869171
20181022100500,338500.0,338293.437063694
20181022100600,338500.0,338361.6536259651
20181022100700,338375.0,338419.4696545601
20181022100800,338750.0,338351.2508869171
20181022100900,339125.0,338498.1110095978
20181022101000,339375.0,338876.4359354973
20181022101100,339250.0,339186.6545677185
20181022101200,339500.0,339234.0766787529
20181022101300,339375.0,339312.8702044487
20181022101400,339500.0,339360.2879047394
20181022101500,339250.0,339370.7568049431
20181022101600,339375.0,339291.95004701614
20181022101700,339375.0,339244.5345520973
20181022101800,339375.0,339302.40792036057
20181022101900,339375.0,339302.40792036057
20181022102000,339375.0,339302.40792036057
20181022102100,339375.0,339302.40792036057
20181022102200,339375.0,339302.40792036057
20181022102300,339375.0,339302.40792036057
20181022102400,339375.0,339302.40792036057
20181022102500,339375.0,339302.40792036057
20181022102600,339250.0,339302.40792036057
20181022102700,338875.0,339234.0766787529
20181022102800,339000.0,338971.27133607864
20181022102900,339125.0,338866.00893735886
20181022103000,339500.0,338992.1562075615
20181022103100,339375.0,339254.9836039543
20181022103200,339375.0,339360.2879047394
20181022103300,339375.0,339302.40792036057
20181022103400,339375.0,339302.40792036057
20181022103500,339500.0,339302.40792036057
20181022103600,339375.0,339370.7568049431
20181022103700,339125.0,339360.2879047394
20181022103800,338750.0,339165.74543714523
20181022103900,338500.0,338845.13288736343
20181022104000,339125.0,338535.11494398117
20181022104100,339375.0,338760.71786880493
20181022104200,339375.0,339186.6545677185
20181022104300,339375.0,339302.40792036057
20181022104400,339250.0,339302.40792036057
20181022104500,339500.0,339234.0766787529
20181022104600,339375.0,339312.8702044487
20181022104700,339375.0,339360.2879047394
20181022104800,340000.0,339302.40792036057
20181022104900,339750.0,339644.2052721977
20181022105000,339875.0,339796.9757914543
20181022105100,339875.0,339749.5558857918
20181022105200,339750.0,339807.46454000473
20181022105300,339875.0,339739.07375335693
20181022105400,339875.0,339749.5558857918
20181022105500,339750.0,339807.46454000473
20181022105600,340000.0,339739.07375335693
20181022105700,339875.0,339817.95328855515
20181022105800,340000.0,339865.3776049614
20181022105900,339875.0,339875.8707642555
20181022110000,339875.0,339865.3776049614
20181022110100,339750.0,339807.46454000473
20181022110200,339750.0,339739.07375335693
20181022110300,339875.0,339681.17171525955
20181022110400,339875.0,339749.5558857918
20181022110500,339750.0,339807.46454000473
20181022110600,340000.0,339739.07375335693
20181022110700,339875.0,339817.95328855515
20181022110800,339875.0,339865.3776049614
20181022110900,339875.0,339807.46454000473
20181022111000,340000.0,339807.46454000473
20181022111100,339875.0,339875.8707642555
20181022111200,340124.99999999994,339865.3776049614
20181022111300,340250.0,339944.2769885063
20181022111400,340375.0,340128.56006622314
20181022111500,340375.0,340254.9300789833
20181022111600,340250.0,340312.8718137741
20181022111700,340250.0,340244.4192767143
20181022111800,340375.0,340186.4885687828
20181022111900,340375.0,340254.9300789833
20181022112000,340250.0,340312.8718137741
20181022112100,340375.0,340244.4192767143
20181022112200,340375.0,340254.9300789833
20181022112300,340375.0,340312.8718137741
20181022112400,340250.0,340312.8718137741
20181022112500,340375.0,340244.4192767143
20181022112600,340250.0,340254.9300789833
20181022112700,340375.0,340244.4192767143
20181022112800,340375.0,340254.9300789833
20181022112900,340250.0,340312.8718137741
20181022113000,340250.0,340244.4192767143
20181022113100,340375.0,340186.4885687828
20181022113200,340375.0,340254.9300789833
20181022113300,340250.0,340312.8718137741
20181022113400,340375.0,340244.4192767143
20181022113500,340250.0,340254.9300789833
20181022113600,340625.0,340244.4192767143
20181022113700,340875.00000000006,340391.848385334
20181022113800,340875.00000000006,340702.6734948158
20181022113900,340875.00000000006,340818.59666109085
20181022114000,340875.00000000006,340818.59666109085
20181022114100,340875.00000000006,340818.59666109085
20181022114200,340875.00000000006,340818.59666109085
20181022114300,340875.00000000006,340818.59666109085
20181022114400,340875.00000000006,340818.59666109085
20181022114500,340750.0,340818.59666109085
20181022114600,340750.0,340750.0911951065
20181022114700,340875.00000000006,340692.13622808456
20181022114800,340750.0,340760.6328725815
20181022114900,340875.00000000006,340750.0911951065
20181022115000,340875.00000000006,340760.6328725815
20181022115100,340875.00000000006,340818.59666109085
20181022115200,340875.00000000006,340818.59666109085
20181022115300,340625.0,340818.59666109085
20181022115400,340875.00000000006,340681.5901398659
20181022115500,341125.0,340702.6734948158
20181022115600,341375.0,340955.62303066254
20181022115700,341250.00000000006,341208.6563706398
20181022115800,341375.0,341256.0674548149
20181022115900,341250.00000000006,341266.63559675217
20181022120000,341375.0,341256.0674548149
20181022120100,341375.0,341266.63559675217
20181022120200,341375.0,341324.61923360825
20181022120300,341375.0,341324.61923360825
20181022120400,341500.0,341324.61923360825
20181022120500,341375.0,341393.179833889
20181022120600,341250.00000000006,341382.6028704643
20181022120700,341375.0,341256.0674548149
20181022120800,341375.0,341266.63559675217
20181022120900,341125.0,341324.61923360825
20181022121000,341375.0,341187.5156760216
20181022121100,341250.00000000006,341208.6563706398
20181022121200,341375.0,341256.0674548149
20181022121300,341250.00000000006,341266.63559675217
20181022121400,341375.0,341256.0674548149
20181022121500,341250.00000000006,341266.63559675217
20181022121600,341375.0,341256.0674548149
20181022121700,341375.0,341266.63559675217
20181022121800,341375.0,341324.61923360825
20181022121900,341250.00000000006,341324.61923360825
20181022122000,341125.0,341256.0674548149
20181022122100,341500.0,341129.5474767685
20181022122200,341750.0,341277.1993279457
20181022122300,341750.0,341588.3199572563
20181022122400,341875.0,341704.3203115463
20181022122500,341750.0,341772.91399240494
20181022122600,341750.0,341762.3149752617
20181022122700,341750.0,341704.3203115463
20181022122800,341875.0,341704.3203115463
20181022122900,341875.0,341772.91399240494
20181022123000,341750.0,341830.9174776077
20181022123100,341750.0,341762.3149752617
20181022123200,341750.0,341704.3203115463
20181022123300,341750.0,341704.3203115463
20181022123400,341875.0,341704.3203115463
20181022123500,341875.0,341772.91399240494
20181022123600,341875.0,341830.9174776077
20181022123700,341750.0,341830.9174776077
20181022123800,342125.0,341762.3149752617
20181022123900,342250.0,341910.1234078407
20181022124000,342250.0,342152.7892947197
20181022124100,342375.0,342210.80380678177
20181022124200,342375.0,342279.4438004494
20181022124300,342375.0,342337.46713399887
20181022124400,342250.0,342337.46713399887
20181022124500,342375.0,342268.82272958755
20181022124600,342000.0,342279.4438004494
20181022124700,341750.0,342131.54715299606
20181022124800,341750.0,341820.3118443489
20181022124900,341875.0,341704.3203115463
20181022125000,341875.0,341772.91399240494
20181022125100,341875.0,341830.9174776077
20181022125200,341750.0,341830.9174776077
20181022125300,341750.0,341762.3149752617
20181022125400,341750.0,341704.3203115463
20181022125500,341750.0,341704.3203115463
20181022125600,341750.0,341704.3203115463
20181022125700,341875.0,341704.3203115463
20181022125800,341750.0,341772.91399240494
20181022125900,341875.0,341762.3149752617
20181022130000,341750.0,341772.91399240494
20181022130100,341625.0,341762.3149752617
20181022130200,341875.0,341635.7310414314
20181022130300,341875.0,341714.912712574
20181022130400,341875.0,341830.9174776077
20181022130500,341750.0,341830.9174776077
20181022130600,341750.0,341762.3149752617
20181022130700,341625.0,341704.3203115463
20181022130800,341250.00000000006,341635.7310414314
20181022130900,341375.0,341372.0170855522
20181022131000,341375.0,341266.63559675217
20181022131100,341375.0,341324.61923360825
20181022131200,341250.00000000006,341324.61923360825
20181022131300,341375.0,341256.0674548149
20181022131400,341375.0,341266.63559675217
20181022131500,341250.00000000006,341324.61923360825
20181022131600,341375.0,341256.0674548149
20181022131700,341250.00000000006,341266.63559675217
20181022131800,341250.00000000006,341256.0674548149
20181022131900,341500.0,341198.08822870255
20181022132000,341750.0,341335.1873755455
20181022132100,341875.0,341588.3199572563
20181022132200,341875.0,341772.91399240494
20181022132300,341875.0,341830.9174776077
20181022132400,341875.0,341830.9174776077
20181022132500,341875.0,341830.9174776077
20181022132600,341750.0,341830.9174776077
20181022132700,342125.0,341762.3149752617
20181022132800,342375.0,341910.1234078407
20181022132900,342250.0,342221.42708301544
20181022133000,342250.0,342268.82272958755
20181022133100,342375.0,342210.80380678177
20181022133200,341875.0,342279.4438004494
20181022133300,341875.0,342062.9159808159
20181022133400,341875.0,341830.9174776077
20181022133500,342125.0,341830.9174776077
20181022133600,342125.0,341968.1379199028
20181022133700,342250.0,342084.16253328323
20181022133800,342250.0,342152.7892947197
20181022133900,342375.0,342210.80380678177
20181022134000,342375.0,342279.4438004494
20181022134100,342375.0,342337.46713399887
20181022134200,342250.0,342337.46713399887
20181022134300,342250.0,342268.82272958755
20181022134400,342375.0,342210.80380678177
20181022134500,342125.0,342279.4438004494
20181022134600,341750.0,342200.18273591995
20181022134700,341875.0,341878.3087134361
20181022134800,341750.0,341772.91399240494
20181022134900,341625.0,341762.3149752617
20181022135000,341750.0,341635.7310414314
20181022135100,341625.0,341646.32123708725
20181022135200,341500.0,341635.7310414314
20181022135300,341750.0,341509.15813446045
20181022135400,341875.0,341588.3199572563
20181022135500,341500.0,341772.91399240494
20181022135600,341375.0,341625.1320242882
20181022135700,342000.0,341382.6028704643
20181022135800,342125.0,341667.48398542404
20181022135900,342250.0,342026.1524319649
20181022140000,342375.0,342152.7892947197
20181022140100,342375.0,342279.4438004494
20181022140200,342125.0,342337.46713399887
20181022140300,342375.0,342200.18273591995
20181022140400,341625.0,342221.42708301544
20181022140500,341250.00000000006,341925.6756901741
20181022140600,342000.0,341372.0170855522
20181022140700,342000.0,341609.46947336197
20181022140800,341875.0,341957.532286644
20181022140900,341750.0,341888.9165520668
20181022141000,342250.0,341762.3149752617
20181022141100,342250.0,341978.73693704605
20181022141200,342250.0,342210.80380678177
20181022141300,341375.0,342210.80380678177
20181022141400,341125.0,341730.48263788223
20181022141500,340750.0,341187.5156760216
20181022141600,340499.99999999994,340866.00333452225
20181022141700,340750.0,340555.16278743744
20181022141800,340375.0,340576.2240886688
20181022141900,341125.0,340486.67937517166
20181022142000,341375.0,340723.7237691879
20181022142100,341000.0,341208.6563706398
20181022142200,340750.0,341118.97271871567
20181022142300,341125.0,340808.04616212845
20181022142400,341375.0,340897.6526260376
20181022142500,341125.0,341208.6563706398
20181022142600,341000.0,341187.5156760216
20181022142700,340875.00000000006,341003.0407309532
20181022142800,341000.0,340876.55383348465
20181022142900,340750.0,340887.10874319077
20181022143000,340625.0,340808.04616212845
20181022143100,340750.0,340623.6461997032
20181022143200,340875.00000000006,340634.1812610626
20181022143300,341375.0,340760.6328725815
20181022143400,341250.00000000006,341092.68468618393
20181022143500,341250.00000000006,341256.0674548149
20181022143600,340875.00000000006,341198.08822870255
20181022143700,340875.00000000006,340992.4769997597
20181022143800,340625.0,340818.59666109085
20181022143900,340750.0,340681.5901398659
20181022144000,340750.0,340634.1812610626
20181022144100,340875.00000000006,340692.13622808456
20181022144200,340875.00000000006,340760.6328725815
20181022144300,340875.00000000006,340818.59666109085
20181022144400,341250.00000000006,340818.59666109085
20181022144500,340875.00000000006,341024.15055036545
20181022144600,340625.0,340992.4769997597
20181022144700,341250.00000000006,340681.5901398659
20181022144800,341250.00000000006,340908.1920981407
20181022144900,341125.0,341198.08822870255
20181022145000,341125.0,341129.5474767685
20181022145100,341250.00000000006,341071.570456028
20181022145200,341250.00000000006,341140.1090025902
20181022145300,341500.0,341198.08822870255
20181022145400,341625.0,341335.1873755455
20181022145500,341125.0,341519.74391937256
20181022145600,340750.0,341303.45648527145
20181022145700,340750.0,340866.00333452225
20181022145800,340625.0,340692.13622808456
20181022145900,341000.0,340623.6461997032
20181022150000,341250.00000000006,340771.1723446846
20181022150100,341125.0,341082.13198184967
20181022150200,341125.0,341129.5474767685
20181022150300,341125.0,341071.570456028
20181022150400,341000.0,341071.570456028
20181022150500,341375.0,341003.0407309532
20181022150600,341375.0,341150.66832304
20181022150700,341125.0,341324.61923360825
20181022150800,341250.00000000006,341187.5156760216
20181022150900,341125.0,341140.1090025902
20181022151000,341125.0,341129.5474767685
20181022151100,341250.00000000006,341071.570456028
20181022151200,341375.0,341140.1090025902
20181022151300,341125.0,341266.63559675217
20181022151400,341250.00000000006,341187.5156760216
20181022151500,341250.00000000006,341140.1090025902
20181022151600,341375.0,341198.08822870255
20181022151700,341375.0,341266.63559675217
20181022151800,341250.00000000006,341324.61923360825
20181022151900,341250.00000000006,341256.0674548149
20181022153000,341500.0,341198.08822870255
20181022153500,341500.0,341335.1873755455
20181023090000,337875.0,341451.1678814888
20181023090100,338125.0,339465.42900800705
20181023090200,339000.0,337925.8721470833
20181023090300,338375.0,338518.90766620636
20181023090400,338750.0,338582.499563694
20181023090500,340250.0,338498.1110095978
20181023090600,340750.0,339491.33771657944
20181023090700,341000.0,340460.3119492531
20181023090800,340750.0,340829.1405439377
20181023090900,340625.0,340808.04616212845
20181023091000,340499.99999999994,340623.6461997032
20181023091100,340750.0,340497.2166419029
20181023091200,340750.0,340576.2240886688
20181023091300,340000.0,340692.13622808456
20181023091400,339125.0,340281.2908887863
20181023091500,338000.0,339455.0747871399
20181023091600,337250.0,338435.57769060135
20181023091700,337500.0,337506.7037343979
20181023091800,337750.0,337296.4854836464
20181023091900,337500.0,337548.15369844437
20181023092000,337500.0,337527.4430513382
20181023092100,337625.0,337411.9565486908
20181023092200,338000.0,337480.0474047661
20181023092300,337750.0,337742.16026067734
20181023092400,337250.0,337779.19286489487
20181023092500,337500.0,337391.25031232834
20181023092600,337750.0,337296.4854836464
20181023092700,338500.0,337548.15369844437
20181023092800,339250.0,338072.5823044777
20181023092900,339250.0,338828.9939761162
20181023093000,338750.0,339176.20331048965
20181023093100,338625.0,338902.970969677
20181023093200,338375.0,338603.35797071457
20181023093300,338125.0,338409.0602993965
20181023093400,338250.0,338157.03040361404
20181023093500,337625.0,338109.62814092636
20181023093600,337625.0,337826.57527923584
20181023093700,337875.0,337537.7994775772
20181023093800,337500.0,337674.02970790863
20181023093900,337375.0,337585.1863026619
20181023094000,337375.0,337343.87451410294
20181023094100,337250.0,337286.1422896385
20181023094200,337250.0,337218.08010339737
20181023094300,337000.0,337160.3611111641
20181023094400,336875.0,337024.2830514908
20181023094500,336625.00000000006,336840.8777117729
20181023094600,337375.0,336647.2262144089
20181023094700,337500.0,336939.8151040077
20181023094800,337250.0,337354.2177081108
20181023094900,337250.0,337275.80350637436
20181023095000,338375.0,337160.3611111641
20181023095100,338375.0,337773.2118964195
20181023095200,338250.0,338293.437063694
20181023095300,338500.0,338225.2293229103
20181023095400,338750.0,338303.83759737015
20181023095500,339250.0,338555.94688653946
20181023095600,339375.0,338944.72748041153
20181023095700,339125.0,339244.5345520973
20181023095800,338125.0,339165.74543714523
20181023095900,337375.0,338503.81630659103
20181023100000,337250.0,337632.551074028
20181023100100,337375.0,337218.08010339737
20181023100200,337375.0,337228.41888666153
20181023100300,337250.0,337286.1422896385
20181023100400,337375.0,337218.08010339737
20181023100500,337750.0,337228.41888666153
20181023100600,339000.0,337490.3972148895
20181023100700,339375.0,338345.3691601753
20181023100800,339250.0,339128.7789940834
20181023100900,339375.0,339234.0766787529
20181023101000,339250.0,339244.5345520973
20181023101100,339375.0,339234.0766787529
20181023101200,339500.0,339244.5345520973
20181023101300,339500.0,339370.7568049431
20181023101400,339750.0,339428.6412000656
20181023101500,339875.0,339565.3676390648
20181023101600,339875.0,339749.5558857918
20181023101700,339500.0,339807.46454000473
20181023101800,338750.0,339602.3032069206
20181023101900,338125.0,339018.6559557915
20181023102000,338375.0,338330.41673898697
20181023102100,338250.0,338177.8182387352
20181023102200,338250.0,338225.2293229103
20181023102300,339000.0,338167.4309372902
20181023102400,339250.0,338576.7545700073
20181023102500,338625.0,339060.4609847069
20181023102600,338125.0,338834.6816301346
20181023102700,338000.0,338272.62276411057
20181023102800,337375.0,337973.2766151428
20181023102900,337625.0,337574.812233448
20181023103000,338250.0,337422.3019480705
20181023103100,337750.0,337878.44783067703
20181023103200,337375.0,337894.72568035126
20181023103300,337750.0,337459.3411684036
20181023103400,338500.0,337490.3972148895
20181023103500,338250.0,338072.5823044777
20181023103600,338250.0,338283.03653001785
20181023103700,338250.0,338167.4309372902
20181023103800,337500.0,338167.4309372902
20181023103900,337500.0,337758.42928886414
20181023104000,337375.0,337411.9565486908
20181023104100,337750.0,337343.87451410294
20181023104200,337875.0,337490.3972148895
20181023104300,337750.0,337731.80162906647
20181023104400,337500.0,337721.43417596817
20181023104500,337250.0,337527.4430513382
20181023104600,337750.0,337275.80350637436
20181023104700,337625.0,337432.64293670654
20181023104800,337375.0,337595.55155038834
20181023104900,337125.0,337401.60673856735
20181023105000,336875.0,337150.02673864365
20181023105100,336875.0,336898.56362342834
20181023105200,336750.0,336783.19400548935
20181023105300,336500.0,336715.20459651947
20181023105400,336375.0,336521.6016173363
20181023105500,336250.00000000006,336338.3705019951
20181023105600,336250.00000000006,336212.82309293747
20181023105700,336375.0,336155.20334243774
20181023105800,336625.00000000006,336223.10012578964
20181023105900,336250.00000000006,336416.5884256363
20181023110000,336500.0,336328.0846476555
20181023110100,336375.0,336291.0145521164
20181023110200,336250.00000000006,336338.3705019951
20181023110300,336250.00000000006,336212.82309293747
20181023110400,336750.0,336155.20334243774
20181023110500,336875.0,336426.86545848846
20181023110600,336500.0,336725.5102992058
20181023110700,336500.0,336579.2566537857
20181023110800,336375.0,336406.30036592484
20181023110900,336250.00000000006,336338.3705019951
20181023111000,336500.0,336212.82309293747
20181023111100,336500.0,336291.0145521164
20181023111200,336250.00000000006,336406.30036592484
20181023111300,336750.0,336270.4516649246
20181023111400,337000.0,336426.86545848846
20181023111500,336875.0,336793.49970817566
20181023111600,337000.0,336840.8777117729
20181023111700,336875.0,336851.1900305748
20181023111800,336750.0,336840.8777117729
20181023111900,336750.0,336715.20459651947
20181023112000,336875.0,336657.5319170952
20181023112100,336750.0,336725.5102992058
20181023112200,336750.0,336715.20459651947
20181023112300,336750.0,336657.5319170952
20181023112400,336875.0,336657.5319170952
20181023112500,336750.0,336725.5102992058
20181023112600,336875.0,336715.20459651947
20181023112700,336875.0,336725.5102992058
20181023112800,336750.0,336783.19400548935
20181023112900,336875.0,336715.20459651947
20181023113000,336625.00000000006,336725.5102992058
20181023113100,337000.0,336647.2262144089
20181023113200,336875.0,336735.8115911484
20181023113300,337000.0,336840.8777117729
20181023113400,337250.0,336851.1900305748
20181023113500,336875.0,337044.93194818497
20181023113600,336875.0,336956.2539458275
20181023113700,336750.0,336783.19400548935
20181023113800,336750.0,336715.20459651947
20181023113900,336875.0,336657.5319170952
20181023114000,337250.0,336725.5102992058
20181023114100,336750.0,336987.2173666954
20181023114200,336875.0,336888.23586702347
20181023114300,337125.0,336725.5102992058
20181023114400,337250.0,336919.1992878914
20181023114500,337500.0,337102.64652967453
20181023114600,337250.0,337296.4854836464
20181023114700,337500.0,337275.80350637436
20181023114800,337375.0,337296.4854836464
20181023114900,337375.0,337343.87451410294
20181023115000,337375.0,337286.1422896385
20181023115100,337250.0,337286.1422896385
20181023115200,337250.0,337218.08010339737
20181023115300,337000.0,337160.3611111641
20181023115400,337375.0,337024.2830514908
20181023115500,337500.0,337112.96766996384
20181023115600,337375.0,337354.2177081108
20181023115700,337250.0,337343.87451410294
20181023115800,336750.0,337218.08010339737
20181023115900,336750.0,336888.23586702347
20181023120000,337125.0,336657.5319170952
20181023120100,336625.00000000006,336861.5001440048
20181023120200,336625.00000000006,336762.56054639816
20181023120300,336875.0,336531.900703907
20181023120400,336875.0,336667.8310036659
20181023120500,336875.0,336783.19400548935
20181023120600,337125.0,336783.19400548935
20181023120700,337375.0,336919.1992878914
20181023120800,337375.0,337170.6910729408
20181023120900,337375.0,337286.1422896385
20181023121000,337000.0,337286.1422896385
20181023121100,336625.00000000006,337081.98219537735
20181023121200,336375.0,336704.89448308945
20181023121300,336250.00000000006,336396.0123062134
20181023121400,336375.0,336212.82309293747
20181023121500,336250.00000000006,336223.10012578964
20181023121600,336375.0,336212.82309293747
20181023121700,336375.0,336223.10012578964
20181023121800,336000.0,336280.73531389236
20181023121900,336250.00000000006,336077.0383477211
20181023122000,336250.00000000006,336039.9594306946
20181023122100,336500.0,336155.20334243774
20181023122200,336375.0,336291.0145521164
20181023122300,336125.0,336338.3705019951
20181023122400,336250.00000000006,336144.9241042137
20181023122500,336375.0,336097.5791811943
20181023122600,336375.0,336223.10012578964
20181023122700,336375.0,336280.73531389236
20181023122800,336000.0,336280.73531389236
20181023122900,335750.0,336077.0383477211
20181023123000,335750.0,335768.54652166367
20181023123100,334750.0,335653.3952355385
20181023123200,334625.0,335111.26631498337
20181023123300,335125.0,334583.83399248123
20181023123400,335375.0,334796.93245887756
20181023123500,335250.0,335162.347137928
20181023123600,335375.0,335209.6611857414
20181023123700,335499.99999999994,335219.8720574379
20181023123800,335125.0,335345.1548218727
20181023123900,335375.0,335199.4414925575
20181023124000,335625.0,335162.347137928
20181023124100,335499.99999999994,335412.9192829132
20181023124200,335250.0,335460.24656295776
20181023124300,335625.0,335267.1816945076
20181023124400,335874.99999999994,335355.3701043129
20181023124500,335750.0,335663.6303663254
20181023124600,335874.99999999994,335710.9686732292
20181023124700,335625.0,335721.2148308754
20181023124800,335250.0,335643.153488636
20181023124900,335250.0,335324.7110247612
20181023125000,335375.0,335152.1428823471
20181023125100,335499.99999999994,335219.8720574379
20181023125200,335874.99999999994,335345.1548218727
20181023125300,335750.0,335606.0547232628
20181023125400,335750.0,335710.9686732292
20181023125500,336125.0,335653.3952355385
20181023125600,335625.0,335856.8804860115
20181023125700,335874.99999999994,335758.29154253006
20181023125800,335625.0,335663.6303663254
20181023125900,336000.0,335643.153488636
20181023130000,335750.0,335731.4499616623
20181023130100,335874.99999999994,335768.54652166367
20181023130200,335750.0,335721.2148308754
20181023130300,335625.0,335710.9686732292
20181023130400,335874.99999999994,335585.59107780457
20181023130500,335874.99999999994,335663.6303663254
20181023130600,335874.99999999994,335778.7948846817
20181023130700,335874.99999999994,335778.7948846817
20181023130800,335874.99999999994,335778.7948846817
20181023130900,335750.0,335778.7948846817
20181023131000,335874.99999999994,335710.9686732292
20181023131100,336000.0,335721.2148308754
20181023131200,335874.99999999994,335846.6343283653
20181023131300,335750.0,335836.38375997543
20181023131400,335874.99999999994,335710.9686732292
20181023131500,335874.99999999994,335721.2148308754
20181023131600,335874.99999999994,335778.7948846817
20181023131700,335750.0,335778.7948846817
20181023131800,335750.0,335710.9686732292
20181023131900,335874.99999999994,335653.3952355385
20181023132000,335874.99999999994,335721.2148308754
20181023132100,335874.99999999994,335778.7948846817
20181023132200,335874.99999999994,335778.7948846817
20181023132300,335874.99999999994,335778.7948846817
20181023132400,335874.99999999994,335778.7948846817
20181023132500,336000.0,335778.7948846817
20181023132600,336375.0,335846.6343283653
20181023132700,336375.0,336107.8385710716
20181023132800,336250.00000000006,336280.73531389236
20181023132900,336500.0,336212.82309293747
20181023133000,336875.0,336291.0145521164
20181023133100,337375.0,336610.15170812607
20181023133200,337500.0,337055.24867773056
20181023133300,337250.0,337354.2177081108
20181023133400,337375.0,337275.80350637436
20181023133500,337500.0,337228.41888666153
20181023133600,336375.0,337354.2177081108
20181023133700,335625.0,336799.5622754097
20181023133800,335750.0,335873.43841791153
20181023133900,335499.99999999994,335595.82620859146
20181023134000,336000.0,335517.7957415581
20181023134100,336625.00000000006,335673.8654971123
20181023134200,336750.0,336243.6343431473
20181023134300,336625.00000000006,336599.86144304276
20181023134400,337000.0,336589.562356472
20181023134500,336750.0,336735.8115911484
20181023134600,336875.0,336772.8794813156
20181023134700,336875.0,336725.5102992058
20181023134800,336625.00000000006,336783.19400548935
20181023134900,336875.0,336647.2262144089
20181023135000,336875.0,336667.8310036659
20181023135100,336750.0,336783.19400548935
20181023135200,336875.0,336715.20459651947
20181023135300,336750.0,336725.5102992058
20181023135400,336875.0,336715.20459651947
20181023135500,336750.0,336725.5102992058
20181023135600,337000.0,336715.20459651947
20181023135700,336875.0,336793.49970817566
20181023135800,336625.00000000006,336840.8777117729
20181023135900,336750.0,336647.2262144089
20181023140000,336625.00000000006,336599.86144304276
20181023140100,336875.0,336589.562356472
20181023140200,336875.0,336667.8310036659
20181023140300,336750.0,336783.19400548935
20181023140400,336625.00000000006,336715.20459651947
20181023140500,337000.0,336589.562356472
20181023140600,337250.0,336735.8115911484
20181023140700,337250.0,337044.93194818497
20181023140800,337125.0,337160.3611111641
20181023140900,337625.0,337092.3165678978
20181023141000,337875.0,337306.8154454231
20181023141100,337875.0,337674.02970790863
20181023141200,337875.0,337789.57134485245
20181023141300,337625.0,337789.57134485245
20181023141400,337875.0,337653.3058285713
20181023141500,337875.0,337674.02970790863
20181023141600,337875.0,337789.57134485245
20181023141700,337875.0,337789.57134485245
20181023141800,337750.0,337789.57134485245
20181023141900,337875.0,337721.43417596817
20181023142000,337875.0,337731.80162906647
20181023142100,337875.0,337789.57134485245
20181023142200,337875.0,337789.57134485245
20181023142300,337750.0,337789.57134485245
20181023142400,337750.0,337721.43417596817
20181023142500,337875.0,337663.67107629776
20181023142600,337875.0,337731.80162906647
20181023142700,336750.0,337789.57134485245
20181023142800,335375.0,337176.6764521599
20181023142900,335250.0,335910.4533791542
20181023143000,335750.0,335209.6611857414
20181023143100,335874.99999999994,335423.13235998154
20181023143200,335874.99999999994,335721.2148308754
20181023143300,335874.99999999994,335778.7948846817
20181023143400,335750.0,335778.7948846817
20181023143500,336250.00000000006,335710.9686732292
20181023143600,336500.0,335924.7265458107
20181023143700,336500.0,336291.0145521164
20181023143800,336250.00000000006,336406.30036592484
20181023143900,336250.00000000006,336270.4516649246
20181023144000,336375.0,336155.20334243774
20181023144100,335874.99999999994,336223.10012578964
20181023144200,335375.0,336009.1614127159
20181023144300,335874.99999999994,335507.5539946556
20181023144400,335874.99999999994,335548.48128557205
20181023144500,336750.0,335778.7948846817
20181023144600,336875.0,336253.89152765274
20181023144700,336875.0,336725.5102992058
20181023144800,336750.0,336783.19400548935
20181023144900,336750.0,336715.20459651947
20181023145000,336125.0,336657.5319170952
20181023145100,335375.0,336317.7921772003
20181023145200,335375.0,335622.6501464844
20181023145300,335750.0,335277.4013876915
20181023145400,335750.0,335480.69256544113
20181023145500,335874.99999999994,335653.3952355385
20181023145600,335499.99999999994,335721.2148308754
20181023145700,335375.0,335575.3493309021
20181023145800,335375.0,335334.9351286888
20181023145900,335375.0,335277.4013876915
20181023150000,335000.0,335277.4013876915
20181023150100,334875.0,335074.2116570473
20181023150200,334750.0,334834.05327796936
20181023150300,334875.0,334708.9248895645
20181023150400,335250.0,334719.10268068314
20181023150500,335499.99999999994,334979.605615139
20181023150600,335125.0,335287.6144647598
20181023150700,335125.0,335199.4414925575
20181023150800,334750.0,335026.91745758057
20181023150900,334750.0,334823.8622546196
20181023151000,334875.0,334651.46392583847
20181023151100,335125.0,334719.10268068314
20181023151200,334625.0,334911.9183421135
20181023151300,334250.0,334756.1992406845
20181023151400,334250.0,334323.60231876373
20181023151500,334250.0,334151.38483047485
20181023151600,334250.0,334151.38483047485
20181023151700,334375.0,334151.38483047485
20181023151800,334625.0,334218.9375758171
20181023151900,334250.0,334411.50403022766
20181023153000,335499.99999999994,334323.60231876373
20181023153500,335499.99999999994,334827.4305462837
20181024090000,338750.0,335402.70179510117
20181024090100,336750.0,337168.3555841446
20181024090200,335750.0,337580.5726647377
20181024090300,335750.0,336114.0731573105
20181024090400,336250.00000000006,335653.3952355385
20181024090500,336500.0,335924.7265458107
20181024090600,336500.0,336291.0145521164
20181024090700,336500.0,336406.30036592484
20181024090800,336375.0,336406.30036592484
20181024090900,336000.0,336338.3705019951
20181024091000,336125.0,336077.0383477211
20181024091100,336125.0,335972.08911180496
20181024091200,336875.0,336029.70004081726
20181024091300,337250.0,336437.13587522507
20181024091400,337000.0,336987.2173666954
20181024091500,337000.0,337024.2830514908
20181024091600,337250.0,336908.8869690895
20181024091700,336750.0,337044.93194818497
20181024091800,337000.0,336888.23586702347
20181024091900,338250.0,336793.49970817566
20181024092000,338500.0,337589.508831501
20181024092100,339000.0,338303.83759737015
20181024092200,338625.0,338692.4549937248
20181024092300,338750.0,338719.01869773865
20181024092400,338500.0,338613.7805581093
20181024092500,338625.0,338535.11494398117
20181024092600,338500.0,338487.70385980606
20181024092700,339750.0,338477.29229927063
20181024092800,340375.0,339102.17559337616
20181024092900,340625.0,340023.18519353867
20181024093000,340250.0,340449.7967362404
20181024093100,340000.0,340360.28069257736
20181024093200,340124.99999999994,340049.61878061295
20181024093300,340124.99999999994,340002.2032856941
20181024093400,340000.0,340060.1251721382
20181024093500,340499.99999999994,339991.7035102844
20181024093600,340250.0,340207.4991464615
20181024093700,340250.0,340302.3521900177
20181024093800,340375.0,340186.4885687828
20181024093900,340875.00000000006,340254.9300789833
20181024094000,340625.0,340586.7415070534
20181024094100,340625.0,340681.5901398659
20181024094200,340750.0,340565.695643425
20181024094300,340625.0,340634.1812610626
20181024094400,340875.00000000006,340623.6461997032
20181024094500,341250.00000000006,340702.6734948158
20181024094600,341125.0,341024.15055036545
20181024094700,341125.0,341129.5474767685
20181024094800,340750.0,341071.570456028
20181024094900,340750.0,340866.00333452225
20181024095000,340750.0,340692.13622808456
20181024095100,340000.0,340692.13622808456
20181024095200,339625.0,340281.2908887863
20181024095300,339750.0,339728.58279943466
20181024095400,339625.0,339623.26967716217
20181024095500,339500.0,339612.79195547104
20181024095600,340000.0,339486.53000593185
20181024095700,340000.0,339702.1227478981
20181024095800,340124.99999999994,339933.7838292122
20181024095900,340375.0,340002.2032856941
20181024100000,340750.0,340196.99716567993
20181024100100,340875.00000000006,340518.266916275
20181024100200,340875.00000000006,340760.6328725815
20181024100300,340875.00000000006,340818.59666109085
20181024100400,340750.0,340818.59666109085
20181024100500,341000.0,340750.0911951065
20181024100600,340625.0,340829.1405439377
20181024100700,340750.0,340739.5406961441
20181024100800,340750.0,340634.1812610626
20181024100900,340875.00000000006,340692.13622808456
20181024101000,341000.0,340760.6328725815
20181024101100,341750.0,340887.10874319077
20181024101200,341125.0,341356.31263256073
20181024101300,341250.00000000006,341361.4268898964
20181024101400,341125.0,341140.1090025902
20181024101500,340875.00000000006,341129.5474767685
20181024101600,340250.0,340934.51541662216
20181024101700,339750.0,340476.1376976967
20181024101800,339500.0,339912.7842783928
20181024101900,339250.0,339544.4188117981
20181024102000,339000.0,339291.95004701614
20181024102100,338750.0,339039.5717024803
20181024102200,338625.0,338787.2948050499
20181024102300,337500.0,338603.35797071457
20181024102400,336875.0,337931.6855072975
20181024102500,336250.00000000006,337071.6390013695
20181024102600,336500.0,336443.35502386093
20181024102700,336625.00000000006,336291.0145521164
20181024102800,336375.0,336474.24125671387
20181024102900,335750.0,336396.0123062134
20181024103000,335874.99999999994,335941.29329919815
20181024103100,335499.99999999994,335721.2148308754
20181024103200,335499.99999999994,335575.3493309021
20181024103300,336625.00000000006,335402.70179510117
20181024103400,337000.0,336013.0737423897
20181024103500,337125.0,336735.8115911484
20181024103600,337375.0,336976.9050478935
20181024103700,337875.0,337170.6910729408
20181024103800,338625.0,337558.5035085678
20181024103900,339250.0,338198.5840201378
20181024104000,339500.0,338886.858522892
20181024104100,339250.0,339312.8702044487
20181024104200,339250.0,339291.95004701614
20181024104300,339500.0,339176.20331048965
20181024104400,339750.0,339312.8702044487
20181024104500,340000.0,339565.3676390648
20181024104600,338750.0,339817.95328855515
20181024104700,338000.0,339250.0303387642
20181024104800,337750.0,338262.20458745956
20181024104900,337750.0,337779.19286489487
20181024105000,337750.0,337663.67107629776
20181024105100,337750.0,337663.67107629776
20181024105200,338625.0,337663.67107629776
20181024105300,339375.0,338140.7679915428
20181024105400,339375.0,338955.1478624344
20181024105500,339250.0,339302.40792036057
20181024105600,338625.0,339234.0766787529
20181024105700,338125.0,338834.6816301346
20181024105800,337750.0,338272.62276411057
20181024105900,338000.0,337836.960375309
20181024110000,338250.0,337799.93438720703
20181024110100,338000.0,338051.83416604996
20181024110200,337875.0,338031.05956315994
20181024110300,337750.0,337847.3410606384
20181024110400,337875.0,337721.43417596817
20181024110500,337750.0,337731.80162906647
20181024110600,338000.0,337721.43417596817
20181024110700,338250.0,337799.93438720703
20181024110800,338375.0,338051.83416604996
20181024110900,338375.0,338235.6276512146
20181024111000,338375.0,338293.437063694
20181024111100,338500.0,338293.437063694
20181024111200,338500.0,338361.6536259651
20181024111300,338875.0,338419.4696545601
20181024111400,338750.0,338624.1943240166
20181024111500,338875.0,338729.45231199265
20181024111600,338750.0,338739.88151550293
20181024111700,338875.0,338729.45231199265
20181024111800,338875.0,338739.88151550293
20181024111900,338875.0,338797.73062467575
20181024112000,338875.0,338797.73062467575
20181024112100,338875.0,338797.73062467575
20181024112200,338625.0,338797.73062467575
20181024112300,339250.0,338661.1872315407
20181024112400,339250.0,338886.858522892
20181024112500,339375.0,339176.20331048965
20181024112600,339375.0,339244.5345520973
20181024112700,339250.0,339302.40792036057
20181024112800,339375.0,339234.0766787529
20181024112900,339250.0,339244.5345520973
20181024113000,339375.0,339234.0766787529
20181024113100,339125.0,339244.5345520973
20181024113200,339375.0,339165.74543714523
20181024113300,339250.0,339186.6545677185
20181024113400,339250.0,339234.0766787529
20181024113500,339250.0,339176.20331048965
20181024113600,338500.0,339176.20331048965
20181024113700,337875.0,338766.40552282333
20181024113800,337750.0,338078.4441828728
20181024113900,337750.0,337721.43417596817
20181024114000,337875.0,337663.67107629776
20181024114100,337875.0,337731.80162906647
20181024114200,337250.0,337789.57134485245
20181024114300,337000.0,337448.97812604904
20181024114400,336125.0,337024.2830514908
20181024114500,336000.0,336433.04270505905
20181024114600,335625.0,335961.83413267136
20181024114700,335250.0,335700.72251558304
20181024114800,335250.0,335324.7110247612
20181024114900,335000.0,335152.1428823471
20181024115000,335000.0,335016.71320199966
20181024115100,335874.99999999994,334901.7295241356
20181024115200,335874.99999999994,335375.7830262184
20181024115300,335874.99999999994,335778.7948846817
20181024115400,336250.00000000006,335778.7948846817
20181024115500,336250.00000000006,335982.33968019485
20181024115600,336250.00000000006,336155.20334243774
20181024115700,336250.00000000006,336155.20334243774
20181024115800,336250.00000000006,336155.20334243774
20181024115900,336250.00000000006,336155.20334243774
20181024120000,336625.00000000006,336155.20334243774
20181024120100,337500.0,336358.931183815
20181024120200,337750.0,337007.83318281174
20181024120300,338000.0,337548.15369844437
20181024120400,337000.0,337799.93438720703
20181024120500,337375.0,337370.51540613174
20181024120600,338000.0,337112.96766996384
20181024120700,337625.0,337626.61200761795
20181024120800,338125.0,337711.05790138245
20181024120900,338750.0,337810.3018403053
20181024121000,338750.0,338382.44587183
20181024121100,338875.0,338671.6142296791
20181024121200,338625.0,338739.88151550293
20181024121300,338875.0,338661.1872315407
20181024121400,338875.0,338682.03461170197
20181024121500,338625.0,338797.73062467575
20181024121600,338875.0,338661.1872315407
20181024121700,339000.0,338682.03461170197
20181024121800,338750.0,338866.00893735886
20181024121900,339000.0,338787.2948050499
20181024122000,338750.0,338808.1576228142
20181024122100,339000.0,338787.2948050499
20181024122200,338875.0,338808.1576228142
20181024122300,338875.0,338855.573117733
20181024122400,338875.0,338797.73062467575
20181024122500,338750.0,338797.73062467575
20181024122600,338750.0,338729.45231199265
20181024122700,338875.0,338671.6142296791
20181024122800,338875.0,338739.88151550293
20181024122900,338875.0,338797.73062467575
20181024123000,338750.0,338797.73062467575
20181024123100,338875.0,338729.45231199265
20181024123200,338875.0,338739.88151550293
20181024123300,339125.0,338797.73062467575
20181024123400,339250.0,338934.2960715294
20181024123500,339250.0,339118.3343529701
20181024123600,339250.0,339176.20331048965
20181024123700,339125.0,339176.20331048965
20181024123800,339250.0,339107.8853011131
20181024123900,339375.0,339118.3343529701
20181024124000,339250.0,339244.5345520973
20181024124100,339250.0,339234.0766787529
20181024124200,339250.0,339176.20331048965
20181024124300,338750.0,339176.20331048965
20181024124400,338875.0,338902.970969677
20181024124500,338875.0,338739.88151550293
20181024124600,338625.0,338797.73062467575
20181024124700,338750.0,338661.1872315407
20181024124800,338875.0,338613.7805581093
20181024124900,338750.0,338739.88151550293
20181024125000,338750.0,338729.45231199265
20181024125100,338750.0,338671.6142296791
20181024125200,338875.0,338671.6142296791
20181024125300,338750.0,338739.88151550293
20181024125400,338875.0,338729.45231199265
20181024125500,338875.0,338739.88151550293
20181024125600,338875.0,338797.73062467575
20181024125700,338875.0,338797.73062467575
20181024125800,338750.0,338797.73062467575
20181024125900,338875.0,338729.45231199265
20181024130000,338750.0,338739.88151550293
20181024130100,338750.0,338729.45231199265
20181024130200,338875.0,338671.6142296791
20181024130300,338875.0,338739.88151550293
20181024130400,338750.0,338797.73062467575
20181024130500,338875.0,338729.45231199265
20181024130600,338875.0,338739.88151550293
20181024130700,338625.0,338797.73062467575
20181024130800,338750.0,338661.1872315407
20181024130900,338750.0,338613.7805581093
20181024131000,338875.0,338671.6142296791
20181024131100,338875.0,338739.88151550293
20181024131200,338875.0,338797.73062467575
20181024131300,339000.0,338797.73062467575
20181024131400,339500.0,338866.00893735886
20181024131500,339375.0,339197.10141420364
20181024131600,339375.0,339360.2879047394
20181024131700,339375.0,339302.40792036057
20181024131800,339750.0,339302.40792036057
20181024131900,339875.0,339507.46339559555
20181024132000,339875.0,339749.5558857918
20181024132100,339750.0,339807.46454000473
20181024132200,340000.0,339739.07375335693
20181024132300,339875.0,339817.95328855515
20181024132400,339750.0,339865.3776049614
20181024132500,339750.0,339739.07375335693
20181024132600,339750.0,339681.17171525955
20181024132700,339875.0,339681.17171525955
20181024132800,339750.0,339749.5558857918
20181024132900,339875.0,339739.07375335693
20181024133000,339375.0,339749.5558857918
20181024133100,339500.0,339533.93226861954
20181024133200,339750.0,339370.7568049431
20181024133300,339875.0,339565.3676390648
20181024133400,339875.0,339749.5558857918
20181024133500,339750.0,339807.46454000473
20181024133600,339750.0,339739.07375335693
20181024133700,339875.0,339681.17171525955
20181024133800,339750.0,339749.5558857918
20181024133900,339875.0,339739.07375335693
20181024134000,339750.0,339749.5558857918
20181024134100,339750.0,339739.07375335693
20181024134200,339875.0,339681.17171525955
20181024134300,340250.0,339749.5558857918
20181024134400,340124.99999999994,340012.6986503601
20181024134500,340375.0,340118.051469326
20181024134600,340625.0,340196.99716567993
20181024134700,340750.0,340449.7967362404
20181024134800,340875.00000000006,340634.1812610626
20181024134900,340875.00000000006,340760.6328725815
20181024135000,340875.00000000006,340818.59666109085
20181024135100,340875.00000000006,340818.59666109085
20181024135200,341375.0,340818.59666109085
20181024135300,341250.00000000006,341092.68468618393
20181024135400,341625.0,341256.0674548149
20181024135500,342125.0,341403.75238657
20181024135600,342375.0,341852.1111011505
20181024135700,342375.0,342221.42708301544
20181024135800,342375.0,342337.46713399887
20181024135900,342375.0,342337.46713399887
20181024140000,342500.0,342337.46713399887
20181024140100,342875.0,342406.1159491539
20181024140200,342500.0,342670.13424634933
20181024140300,341125.0,342638.1938457489
20181024140400,341125.0,341709.22285318375
20181024140500,341000.0,341071.570456028
20181024140600,340875.00000000006,341003.0407309532
20181024140700,341500.0,340876.55383348465
20181024140800,342125.0,341161.2188220024
20181024140900,342000.0,341794.0921783447
20181024141000,342250.0,342015.5357718468
20181024141100,342750.0,342094.77257728577
20181024141200,342375.0,342485.39686203003
20181024141300,342375.0,342511.5150809288
20181024141400,342750.0,342337.46713399887
20181024141500,342625.0,342543.4268116951
20181024141600,342875.0,342648.84799718857
20181024141700,342750.0,342728.17301750183
20181024141800,342750.0,342775.55322647095
20181024141900,342750.0,342717.52548217773
20181024142000,342625.0,342717.52548217773
20181024142100,342875.0,342648.84799718857
20181024142200,342750.0,342728.17301750183
20181024142300,342625.0,342775.55322647095
20181024142400,342375.0,342648.84799718857
20181024142500,342750.0,342453.50056886673
20181024142600,342875.0,342543.4268116951
20181024142700,342875.0,342786.2073779106
20181024142800,342875.0,342844.23953294754
20181024142900,342875.0,342844.23953294754
20181024143000,342750.0,342844.23953294754
20181024143100,342875.0,342775.55322647095
20181024143200,342875.0,342786.2073779106
20181024143300,342875.0,342844.23953294754
20181024143400,342875.0,342844.23953294754
20181024143500,342875.0,342844.23953294754
20181024143600,341375.0,342844.23953294754
20181024143700,340375.0,342020.34789323807
20181024143800,341500.0,340776.3571739197
20181024143900,341750.0,340929.24016714096
20181024144000,342250.0,341588.3199572563
20181024144100,342250.0,341978.73693704605
20181024144200,341750.0,342210.80380678177
20181024144300,341875.0,341936.30117177963
20181024144400,342250.0,341772.91399240494
20181024144500,342375.0,342036.75585985184
20181024144600,342250.0,342279.4438004494
20181024144700,342375.0,342268.82272958755
20181024144800,342125.0,342279.4438004494
20181024144900,342125.0,342200.18273591995
20181024145000,342250.0,342084.16253328323
20181024145100,342375.0,342152.7892947197
20181024145200,342875.0,342279.4438004494
20181024145300,342875.0,342612.0976805687
20181024145400,342875.0,342844.23953294754
20181024145500,342875.0,342844.23953294754
20181024145600,342875.0,342844.23953294754
20181024145700,342875.0,342844.23953294754
20181024145800,342875.0,342844.23953294754
20181024145900,342250.0,342844.23953294754
20181024150000,342250.0,342500.8587241173
20181024150100,342375.0,342210.80380678177
20181024150200,342125.0,342279.4438004494
20181024150300,342125.0,342200.18273591995
20181024150400,342375.0,342084.16253328323
20181024150500,342375.0,342221.42708301544
20181024150600,342125.0,342337.46713399887
20181024150700,342375.0,342200.18273591995
20181024150800,342375.0,342221.42708301544
20181024150900,342375.0,342337.46713399887
20181024151000,342250.0,342337.46713399887
20181024151100,342250.0,342268.82272958755
20181024151200,342375.0,342210.80380678177
20181024151300,342625.0,342279.4438004494
20181024151400,342250.0,342474.76917505264
20181024151500,342250.0,342384.8429322243
20181024151600,342250.0,342210.80380678177
20181024151700,342375.0,342210.80380678177
20181024151800,342375.0,342279.4438004494
20181024151900,342250.0,342337.46713399887
20181024153000,343000.0,342268.82272958755
20181024153500,343000.0,342622.7253675461
20181025090000,339250.0,342970.9624052048
20181025090100,337250.0,340912.4242067337
20181025090200,337250.0,338084.08111333847
20181025090300,338375.0,337160.3611111641
20181025090400,338000.0,337773.2118964195
20181025090500,339000.0,338088.8469219208
20181025090600,339000.0,338461.06296777725
20181025090700,339000.0,338923.86025190353
20181025090800,338875.0,338923.86025190353
20181025090900,338750.0,338855.573117733
20181025091000,338500.0,338729.45231199265
20181025091100,338250.0,338535.11494398117
20181025091200,338250.0,338283.03653001785
20181025091300,338375.0,338167.4309372902
20181025091400,338625.0,338235.6276512146
20181025091500,338750.0,338429.87900972366
20181025091600,338750.0,338613.7805581093
20181025091700,338875.0,338671.6142296791
20181025091800,338875.0,338739.88151550293
20181025091900,338875.0,338797.73062467575
20181025092000,338875.0,338797.73062467575
20181025092100,339500.0,338797.73062467575
20181025092200,339875.0,339139.219224453
20181025092300,340000.0,339633.74078273773
20181025092400,340000.0,339875.8707642555
20181025092500,339875.0,339933.7838292122
20181025092600,339750.0,339865.3776049614
20181025092700,339250.0,339739.07375335693
20181025092800,338625.0,339407.6923727989
20181025092900,338875.0,338834.6816301346
20181025093000,338750.0,338682.03461170197
20181025093100,338625.0,338729.45231199265
20181025093200,338375.0,338603.35797071457
20181025093300,338125.0,338409.0602993965
20181025093400,337750.0,338157.03040361404
20181025093500,337875.0,337836.960375309
20181025093600,338250.0,337731.80162906647
20181025093700,338375.0,337994.04019117355
20181025093800,338500.0,338235.6276512146
20181025093900,338375.0,338361.6536259651
20181025094000,338250.0,338351.2508869171
20181025094100,339000.0,338225.2293229103
20181025094200,339000.0,338576.7545700073
20181025094300,338750.0,338923.86025190353
20181025094400,338750.0,338787.2948050499
20181025094500,338625.0,338671.6142296791
20181025094600,338250.0,338603.35797071457
20181025094700,338125.0,338340.8371210098
20181025094800,337875.0,338099.24083948135
20181025094900,337750.0,337905.1151871681
20181025095000,337875.0,337721.43417596817
20181025095100,338000.0,337731.80162906647
20181025095200,337375.0,337857.71733522415
20181025095300,337375.0,337574.812233448
20181025095400,336875.0,337286.1422896385
20181025095500,336875.0,337013.9442682266
20181025095600,336250.00000000006,336783.19400548935
20181025095700,335375.0,336443.35502386093
20181025095800,335375.0,335680.2037358284
20181025095900,335375.0,335277.4013876915
20181025100000,335250.0,335277.4013876915
20181025100100,335250.0,335209.6611857414
20181025100200,335874.99999999994,335152.1428823471
20181025100300,335375.0,335490.91225862503
20181025100400,335000.0,335507.5539946556
20181025100500,334500.0,335074.2116570473
20181025100600,334750.0,334631.0995221138
20181025100700,334750.0,334536.5508198738
20181025100800,334750.0,334651.46392583847
20181025100900,334125.0,334651.46392583847
20181025101000,334000.0,334313.4399652481
20181025101100,333750.0,333958.946287632
20181025101200,333375.0,333766.6158080101
20181025101300,333750.0,333449.655354023
20181025101400,334000.0,333479.94834184647
20181025101500,333875.0,333786.8523001671
20181025101600,333750.0,333834.0913653374
20181025101700,334000.0,333709.27172899246
20181025101800,333750.0,333786.8523001671
20181025101900,333875.0,333766.6158080101
20181025102000,333375.0,333719.38556432724
20181025102100,333125.0,333506.9597363472
20181025102200,333000.0,333143.0557370186
20181025102300,332875.0,332961.22282743454
20181025102400,332750.0,332836.6943001747
20181025102500,332750.0,332712.209880352
20181025102600,332750.0,332655.0069451332
20181025102700,333000.0,332655.0069451332
20181025102800,332750.0,332789.523601532
20181025102900,333250.0,332769.42163705826
20181025103000,333750.0,332924.0931868553
20181025103100,333500.0,333422.6263165474
20181025103200,333750.0,333517.06916093826
20181025103300,333750.0,333537.27036714554
20181025103400,333500.0,333651.9342660904
20181025103500,333625.0,333517.06916093826
20181025103600,333750.0,333469.8543548584
20181025103700,333750.0,333594.60121393204
20181025103800,333750.0,333651.9342660904
20181025103900,334000.0,333651.9342660904
20181025104000,334000.0,333786.8523001671
20181025104100,333750.0,333901.57574415207
20181025104200,333500.0,333766.6158080101
20181025104300,333500.0,333517.06916093826
20181025104400,333250.0,333402.4515748024
20181025104500,333125.0,333267.6857113838
20181025104600,333500.0,333085.7910513878
20181025104700,333375.0,333230.5604815483
20181025104800,333250.0,333335.0598216057
20181025104900,333375.0,333210.4077935219
20181025105000,333375.0,333220.48634290695
20181025105100,333500.0,333277.7686715126
20181025105200,333250.0,333345.14939785004
20181025105300,333375.0,333267.6857113838
20181025105400,333250.0,333220.48634290695
20181025105500,333375.0,333210.4077935219
20181025105600,333375.0,333220.48634290695
20181025105700,333000.0,333277.7686715126
20181025105800,332500.0,333075.7147073746
20181025105900,332750.0,332634.91600751877
20181025110000,332625.0,332540.61871767044
20181025110100,332375.0,332587.7717733383
20181025110200,332375.0,332396.17788791656
20181025110300,332250.0,332281.87346458435
20181025110400,332375.0,332214.71548080444
20181025110500,332375.0,332224.72566366196
20181025110600,332500.0,332281.87346458435
20181025110700,332375.0,332349.04247522354
20181025110800,332000.00000000006,332339.02126550674
20181025110900,331375.0,332080.4458260536
20181025111000,331375.0,331573.9116072655
20181025111100,331500.0,331288.8496518135
20181025111200,331875.0,331355.8047413826
20181025111300,331875.0,331613.79796266556
20181025111400,331875.0,331784.9899530411
20181025111500,331875.0,331784.9899530411
20181025111600,331875.0,331784.9899530411
20181025111700,331875.0,331784.9899530411
20181025111800,331750.0,331784.9899530411
20181025111900,331750.0,331717.942237854
20181025112000,331750.0,331660.88485717773
20181025112100,331875.0,331660.88485717773
20181025112200,331875.0,331727.91934013367
20181025112300,331875.0,331784.9899530411
20181025112400,331750.0,331784.9899530411
20181025112500,331875.0,331717.942237854
20181025112600,331875.0,331727.91934013367
20181025112700,332375.0,331784.9899530411
20181025112800,332750.0,332053.32857370377
20181025112900,332625.0,332483.42901468277
20181025113000,332875.0,332587.7717733383
20181025113100,332875.0,332665.04579782486
20181025113200,332750.0,332779.47372198105
20181025113300,332750.0,332712.209880352
20181025113400,332750.0,332655.0069451332
20181025113500,332750.0,332655.0069451332
20181025113600,332625.0,332655.0069451332
20181025113700,332750.0,332587.7717733383
20181025113800,332875.0,332597.8084206581
20181025113900,332500.0,332722.25534915924
20181025114000,332500.0,332577.7263045311
20181025114100,332125.0,332406.2079191208
20181025114200,331625.00000000006,332204.7008872032
20181025114300,332000.00000000006,331765.0136947632
20181025114400,331750.0,331737.8942370415
20181025114500,331875.0,331775.00623464584
20181025114600,332000.00000000006,331727.91934013367
20181025114700,331875.0,331852.05310583115
20181025114800,331875.0,331842.0649766922
20181025114900,331875.0,331784.9899530411
20181025115000,331750.0,331784.9899530411
20181025115100,331875.0,331717.942237854
20181025115200,332000.00000000006,331727.91934013367
20181025115300,332125.0,331852.05310583115
20181025115400,332625.0,331976.2331843376
20181025115500,332750.0,332301.8982410431
20181025115600,332750.0,332597.8084206581
20181025115700,332750.0,332655.0069451332
20181025115800,332500.0,332655.0069451332
20181025115900,332250.0,332520.5476284027
20181025120000,332250.0,332271.85225486755
20181025120100,332375.0,332157.5853228569
20181025120200,332250.0,332224.72566366196
20181025120300,332250.0,332214.71548080444
20181025120400,332500.0,332157.5853228569
20181025120500,332375.0,332291.8880581856
20181025120600,332375.0,332339.02126550674
20181025120700,332375.0,332281.87346458435
20181025120800,332750.0,332281.87346458435
20181025120900,332750.0,332483.42901468277
20181025121000,333000.0,332655.0069451332
20181025121100,332750.0,332789.523601532
20181025121200,332875.0,332769.42163705826
20181025121300,332750.0,332722.25534915924
20181025121400,332875.0,332712.209880352
20181025121500,332750.0,332722.25534915924
20181025121600,332875.0,332712.209880352
20181025121700,332750.0,332722.25534915924
20181025121800,333000.0,332712.209880352
20181025121900,332875.0,332789.523601532
20181025122000,332750.0,332836.6943001747
20181025122100,332875.0,332712.209880352
20181025122200,333000.0,332722.25534915924
20181025122300,332750.0,332846.74859046936
20181025122400,332750.0,332769.42163705826
20181025122500,332750.0,332655.0069451332
20181025122600,332750.0,332655.0069451332
20181025122700,333000.0,332655.0069451332
20181025122800,332875.0,332789.523601532
20181025122900,332875.0,332836.6943001747
20181025123000,332875.0,332779.47372198105
20181025123100,332875.0,332779.47372198105
20181025123200,332750.0,332779.47372198105
20181025123300,332625.0,332712.209880352
20181025123400,332750.0,332587.7717733383
20181025123500,332875.0,332597.8084206581
20181025123600,332750.0,332722.25534915924
20181025123700,332875.0,332712.209880352
20181025123800,332875.0,332722.25534915924
20181025123900,333000.0,332779.47372198105
20181025124000,332750.0,332846.74859046936
20181025124100,332875.0,332769.42163705826
20181025124200,332750.0,332722.25534915924
20181025124300,332875.0,332712.209880352
20181025124400,332875.0,332722.25534915924
20181025124500,332875.0,332779.47372198105
20181025124600,332875.0,332779.47372198105
20181025124700,332750.0,332779.47372198105
20181025124800,332875.0,332712.209880352
20181025124900,332875.0,332722.25534915924
20181025125000,332875.0,332779.47372198105
20181025125100,333000.0,332779.47372198105
20181025125200,332750.0,332846.74859046936
20181025125300,332750.0,332769.42163705826
20181025125400,332750.0,332655.0069451332
20181025125500,333000.0,332655.0069451332
20181025125600,332875.0,332789.523601532
20181025125700,332750.0,332836.6943001747
20181025125800,333000.0,332712.209880352
20181025125900,332750.0,332789.523601532
20181025130000,332625.0,332769.42163705826
20181025130100,332625.0,332587.7717733383
20181025130200,332625.0,332530.5886864662
20181025130300,332750.0,332530.5886864662
20181025130400,332875.0,332597.8084206581
20181025130500,332625.0,332722.25534915924
20181025130600,332625.0,332644.95927095413
20181025130700,332750.0,332530.5886864662
20181025130800,332875.0,332597.8084206581
20181025130900,332750.0,332722.25534915924
20181025131000,333000.0,332712.209880352
20181025131100,332875.0,332789.523601532
20181025131200,332750.0,332836.6943001747
20181025131300,332875.0,332712.209880352
20181025131400,332875.0,332722.25534915924
20181025131500,332750.0,332779.47372198105
20181025131600,332875.0,332712.209880352
20181025131700,332750.0,332722.25534915924
20181025131800,332750.0,332712.209880352
20181025131900,332875.0,332655.0069451332
20181025132000,332875.0,332722.25534915924
20181025132100,332750.0,332779.47372198105
20181025132200,332750.0,332712.209880352
20181025132300,332750.0,332655.0069451332
20181025132400,332750.0,332655.0069451332
20181025132500,332875.0,332655.0069451332
20181025132600,332750.0,332722.25534915924
20181025132700,333000.0,332712.209880352
20181025132800,332875.0,332789.523601532
20181025132900,332875.0,332836.6943001747
20181025133000,332750.0,332779.47372198105
20181025133100,332625.0,332712.209880352
20181025133200,332875.0,332587.7717733383
20181025133300,332875.0,332665.04579782486
20181025133400,332875.0,332779.47372198105
20181025133500,333125.0,332779.47372198105
20181025133600,333250.0,332914.0411019325
20181025133700,333625.0,333095.86519002914
20181025133800,333875.0,333355.2345633507
20181025133900,333875.0,333662.0414853096
20181025134000,334250.0,333776.7384648323
20181025134100,334250.0,333979.20483350754
20181025134200,334500.0,334151.38483047485
20181025134300,334375.0,334286.4947319031
20181025134400,334250.0,334333.76467227936
20181025134500,334375.0,334208.7884545326
20181025134600,335375.0,334218.9375758171
20181025134700,336375.0,334817.2681927681
20181025134800,336500.0,335819.73761320114
20181025134900,336375.0,336348.65415096283
20181025135000,336125.0,336338.3705019951
20181025135100,335750.0,336144.9241042137
20181025135200,335125.0,335826.12657546997
20181025135300,335125.0,335314.47809934616
20181025135400,335375.0,335026.91745758057
20181025135500,335125.0,335162.347137928
20181025135600,334750.0,335141.93201065063
20181025135700,335250.0,334823.8622546196
20181025135800,335375.0,334922.1027493477
20181025135900,335125.0,335219.8720574379
20181025140000,334875.0,335141.93201065063
20181025140100,334250.0,334891.53188467026
20181025140200,334250.0,334438.4382367134
20181025140300,334750.0,334151.38483047485
20181025140400,335125.0,334421.65315151215
20181025140500,335375.0,334854.4242978096
20181025140600,335375.0,335162.347137928
20181025140700,335375.0,335277.4013876915
20181025140800,335125.0,335277.4013876915
20181025140900,335375.0,335141.93201065063
20181025141000,335250.0,335162.347137928
20181025141100,335250.0,335209.6611857414
20181025141200,335375.0,335152.1428823471
20181025141300,335250.0,335219.8720574379
20181025141400,334000.0,335209.6611857414
20181025141500,333500.0,334475.4840731621
20181025141600,333875.0,333631.704390049
20181025141700,333875.0,333604.7018170357
20181025141800,333875.0,333776.7384648323
20181025141900,333750.0,333776.7384648323
20181025142000,334000.0,333709.27172899246
20181025142100,334875.0,333786.8523001671
20181025142200,335250.0,334374.3545413017
20181025142300,335499.99999999994,334979.605615139
20181025142400,336125.0,335287.6144647598
20181025142500,336250.00000000006,335741.6850924492
20181025142600,335499.99999999994,336097.5791811943
20181025142700,335625.0,335748.0299472809
20181025142800,335874.99999999994,335470.47287225723
20181025142900,335750.0,335663.6303663254
20181025143000,335750.0,335710.9686732292
20181025143100,335874.99999999994,335653.3952355385
20181025143200,335750.0,335721.2148308754
20181025143300,335874.99999999994,335710.9686732292
20181025143400,335874.99999999994,335721.2148308754
20181025143500,335874.99999999994,335778.7948846817
20181025143600,335750.0,335778.7948846817
20181025143700,335874.99999999994,335710.9686732292
20181025143800,335874.99999999994,335721.2148308754
20181025143900,335874.99999999994,335778.7948846817
20181025144000,335750.0,335778.7948846817
20181025144100,335250.0,335710.9686732292
20181025144200,335000.0,335382.2359442711
20181025144300,335375.0,335016.71320199966
20181025144400,335750.0,335104.8222184181
20181025144500,335750.0,335480.69256544113
20181025144600,335874.99999999994,335653.3952355385
20181025144700,335750.0,335721.2148308754
20181025144800,335625.0,335710.9686732292
20181025144900,335874.99999999994,335585.59107780457
20181025145000,335625.0,335663.6303663254
20181025145100,335625.0,335643.153488636
20181025145200,335874.99999999994,335528.0286669731
20181025145300,335499.99999999994,335663.6303663254
20181025145400,334750.0,335575.3493309021
20181025145500,334875.0,334996.29586935043
20181025145600,334750.0,334719.10268068314
20181025145700,334750.0,334708.9248895645
20181025145800,334750.0,334651.46392583847
20181025145900,335250.0,334651.46392583847
20181025150000,336125.0,334922.1027493477
20181025150100,336250.00000000006,335626.502931118
20181025150200,336375.0,336097.5791811943
20181025150300,336375.0,336223.10012578964
20181025150400,336875.0,336280.73531389236
20181025150500,336625.00000000006,336552.4768233299
20181025150600,336750.0,336647.2262144089
20181025150700,336750.0,336599.86144304276
20181025150800,336875.0,336657.5319170952
20181025150900,336875.0,336725.5102992058
20181025151000,336875.0,336783.19400548935
20181025151100,336750.0,336783.19400548935
20181025151200,336875.0,336715.20459651947
20181025151300,336875.0,336725.5102992058
20181025151400,336875.0,336783.19400548935
20181025151500,336875.0,336783.19400548935
20181025151600,337125.0,336783.19400548935
20181025151700,337500.0,336919.1992878914
20181025151800,337875.0,337238.74884843826
20181025151900,337375.0,337616.26440286636
20181025153000,338500.0,337517.0755982399
20181025153500,338500.0,337899.15627241135
20181026090000,334500.0,338419.4696545601
20181026090100,333375.0,336240.9967184067
20181026090200,334750.0,333793.5522198677
20181026090300,333750.0,334019.6535587311
20181026090400,333000.0,334110.7729077339
20181026090500,333250.0,333247.4977374077
20181026090600,333000.0,333038.60050439835
20181026090700,333250.0,333018.4654593468
20181026090800,334500.0,333038.60050439835
20181026090900,334000.0,333827.26353406906
20181026091000,334375.0,334131.0909986496
20181026091100,333750.0,334104.1193008423
20181026091200,333125.0,333938.6745095253
20181026091300,332875.0,333314.8696422577
20181026091400,333000.0,332893.9236998558
20181026091500,333625.0,332846.74859046936
20181026091600,333250.0,333240.63020944595
20181026091700,333125.0,333324.9680399895
20181026091800,332750.0,333085.7910513878
20181026091900,332500.0,332826.6333937645
20181026092000,332500.0,332520.5476284027
20181026092100,332375.0,332406.2079191208
20181026092200,332125.0,332339.02126550674
20181026092300,332250.0,332147.5751399994
20181026092400,332125.0,332100.4573702812
20181026092500,332125.0,332090.4538035393
20181026092600,332000.00000000006,332033.33908319473
20181026092700,332000.00000000006,331966.2384390831
20181026092800,332000.00000000006,331909.1457724571
20181026092900,332000.00000000006,331909.1457724571
20181026093000,332250.0,331909.1457724571
20181026093100,332000.00000000006,332043.33823919296
20181026093200,332000.00000000006,332023.3355164528
20181026093300,331750.0,331909.1457724571
20181026093400,331875.0,331775.00623464584
20181026093500,332000.00000000006,331727.91934013367
20181026093600,333000.0,331852.05310583115
20181026093700,334750.0,332446.26849889755
20181026093800,334250.0,333847.43827581406
20181026093900,334500.0,334381.01917505264
20181026094000,334750.0,334286.4947319031
20181026094100,335000.0,334536.5508198738
20181026094200,335499.99999999994,334786.75907850266
20181026094300,335000.0,335172.54477739334
20181026094400,335000.0,335131.7145228386
20181026094500,335000.0,334901.7295241356
20181026094600,335499.99999999994,334901.7295241356
20181026094700,335000.0,335172.54477739334
20181026094800,335250.0,335131.7145228386
20181026094900,335375.0,335037.11730241776
20181026095000,335250.0,335219.8720574379
20181026095100,336375.0,335209.6611857414
20181026095200,336500.0,335762.1333003044
20181026095300,335750.0,336348.65415096283
20181026095400,335250.0,335998.88437986374
20181026095500,335000.0,335382.2359442711
20181026095600,335000.0,335016.71320199966
20181026095700,335250.0,334901.7295241356
20181026095800,335125.0,335037.11730241776
20181026095900,334750.0,335084.42252874374
20181026100000,334750.0,334823.8622546196
20181026100100,334875.0,334651.46392583847
20181026100200,334750.0,334719.10268068314
20181026100300,334625.0,334708.9248895645
20181026100400,334625.0,334583.83399248123
20181026100500,334625.0,334526.3862609863
20181026100600,334250.0,334526.3862609863
20181026100700,333875.0,334323.60231876373
20181026100800,334500.0,333948.8170146942
20181026100900,334500.0,334114.2507791519
20181026101000,335000.0,334401.34608745575
20181026101100,335375.0,334671.80186510086
20181026101200,336000.0,335104.8222184181
20181026101300,336875.0,335616.2832379341
20181026101400,336750.0,336379.46981191635
20181026101500,336125.0,336715.20459651947
20181026101600,336750.0,336317.7921772003
20181026101700,337625.0,336369.2060112953
20181026101800,337750.0,337133.601129055
20181026101900,337750.0,337605.91238737106
20181026102000,338000.0,337663.67107629776
20181026102100,337750.0,337799.93438720703
20181026102200,337750.0,337779.19286489487
20181026102300,337750.0,337663.67107629776
20181026102400,337750.0,337663.67107629776
20181026102500,337625.0,337663.67107629776
20181026102600,337875.0,337595.55155038834
20181026102700,337375.0,337674.02970790863
20181026102800,337250.0,337517.0755982399
20181026102900,337375.0,337218.08010339737
20181026103000,337250.0,337228.41888666153
20181026103100,337125.0,337218.08010339737
20181026103200,337375.0,337092.3165678978
20181026103300,337375.0,337170.6910729408
20181026103400,337375.0,337286.1422896385
20181026103500,337625.0,337286.1422896385
20181026103600,337625.0,337422.3019480705
20181026103700,337750.0,337537.7994775772
20181026103800,337875.0,337605.91238737106
20181026103900,338000.0,337731.80162906647
20181026104000,337875.0,337857.71733522415
20181026104100,337125.0,337847.3410606384
20181026104200,336750.0,337380.88726997375
20181026104300,336750.0,336830.55877685547
20181026104400,337250.0,336657.5319170952
20181026104500,337500.0,336929.5138120651
20181026104600,337000.0,337296.4854836464
20181026104700,337875.0,337139.6835446358
20181026104800,338125.0,337385.22523641586
20181026104900,337625.0,337925.8721470833
20181026105000,337500.0,337768.8143849373
20181026105100,338000.0,337469.69759464264
20181026105200,337875.0,337684.38613414764
20181026105300,337750.0,337847.3410606384
20181026105400,337625.0,337721.43417596817
20181026105500,337250.0,337595.55155038834
20181026105600,337375.0,337333.52249860764
20181026105700,337625.0,337228.41888666153
20181026105800,338375.0,337422.3019480705
20181026105900,338375.0,337946.6070532799
20181026110000,339000.0,338293.437063694
20181026110100,339250.0,338634.60367918015
20181026110200,339375.0,339060.4609847069
20181026110300,339125.0,339244.5345520973
20181026110400,339125.0,339165.74543714523
20181026110500,339125.0,339050.02295970917
20181026110600,338750.0,339050.02295970917
20181026110700,338375.0,338845.13288736343
20181026110800,338250.0,338466.8719172478
20181026110900,337500.0,338225.2293229103
20181026111000,337500.0,337758.42928886414
20181026111100,337750.0,337411.9565486908
20181026111200,337750.0,337548.15369844437
20181026111300,337375.0,337663.67107629776
20181026111400,337250.0,337459.3411684036
20181026111500,337250.0,337218.08010339737
20181026111600,337625.0,337160.3611111641
20181026111700,337625.0,337364.5609021187
20181026111800,338125.0,337537.7994775772
20181026111900,338250.0,337810.3018403053
20181026112000,338000.0,338109.62814092636
20181026112100,336875.0,338031.05956315994
20181026112200,337125.0,337302.43557691574
20181026112300,337625.0,336919.1992878914
20181026112400,337125.0,337306.8154454231
20181026112500,337250.0,337265.45149087906
20181026112600,336625.00000000006,337102.64652967453
20181026112700,336875.0,336820.2354311943
20181026112800,337000.0,336667.8310036659
20181026112900,336625.00000000006,336851.1900305748
20181026113000,335499.99999999994,336704.89448308945
20181026113100,336000.0,335920.7392334938
20181026113200,336000.0,335673.8654971123
20181026113300,335625.0,335904.2320251465
20181026113400,335750.0,335700.72251558304
20181026113500,336250.00000000006,335595.82620859146
20181026113600,335125.0,335924.7265458107
20181026113700,335250.0,335544.59100961685
20181026113800,336250.00000000006,335094.62237358093
20181026113900,336875.0,335694.3092942238
20181026114000,336625.00000000006,336494.80414390564
20181026114100,336000.0,336647.2262144089
20181026114200,335499.99999999994,336192.2602057457
20181026114300,335625.0,335632.905125618
20181026114400,335499.99999999994,335470.47287225723
20181026114500,335375.0,335460.24656295776
20181026114600,335499.99999999994,335334.9351286888
20181026114700,336250.00000000006,335345.1548218727
20181026114800,336375.0,335809.5135092735
20181026114900,336250.00000000006,336223.10012578964
20181026115000,335750.0,336212.82309293747
20181026115100,335000.0,335883.7066292763
20181026115200,335125.0,335246.7312812805
20181026115300,335250.0,334969.4167971611
20181026115400,335000.0,335094.62237358093
20181026115500,334625.0,335016.71320199966
20181026115600,334500.0,334698.7426877022
20181026115700,334500.0,334458.7805867195
20181026115800,335250.0,334401.34608745575
20181026115900,335125.0,334807.1036338806
20181026120000,334500.0,335084.42252874374
20181026120100,335750.0,334688.54945898056
20181026120200,336125.0,335077.8461098671
20181026120300,335625.0,335856.8804860115
20181026120400,334875.0,335758.29154253006
20181026120500,334750.0,335121.4948296547
20181026120600,335375.0,334708.9248895645
20181026120700,335000.0,334989.7900223732
20181026120800,335375.0,335074.2116570473
20181026120900,335250.0,335104.8222184181
20181026121000,334500.0,335209.6611857414
20181026121100,334000.0,334746.00380659103
20181026121200,334500.0,334131.0909986496
20181026121300,334500.0,334171.66101932526
20181026121400,335000.0,334401.34608745575
20181026121500,334875.0,334671.80186510086
20181026121600,334500.0,334834.05327796936
20181026121700,335250.0,334573.65840673447
20181026121800,335750.0,334807.1036338806
20181026121900,335375.0,335423.13235998154
20181026122000,335000.0,335450.01143217087
20181026122100,334125.0,335074.2116570473
20181026122200,334125.0,334428.26265096664
20181026122300,333875.0,334026.4615416527
20181026122400,334375.0,333891.45308732986
20181026122500,334250.0,334046.7222929001
20181026122600,334000.0,334208.7884545326
20181026122700,335000.0,334016.3278579712
20181026122800,334625.0,334441.9425725937
20181026122900,334750.0,334698.7426877022
20181026123000,334750.0,334594.0051674843
20181026123100,334875.0,334651.46392583847
20181026123200,334750.0,334719.10268068314
20181026123300,334625.0,334708.9248895645
20181026123400,334375.0,334583.83399248123
20181026123500,333875.0,334391.185939312
20181026123600,333500.0,334006.1831474304
20181026123700,333500.0,333574.3823647499
20181026123800,333500.0,333402.4515748024
20181026123900,333250.0,333402.4515748024
20181026124000,333125.0,333267.6857113838
20181026124100,333375.0,333085.7910513878
20181026124200,333875.0,333163.2040143013
20181026124300,333875.0,333547.36655950546
20181026124400,333375.0,333776.7384648323
20181026124500,334250.0,333506.9597363472
20181026124600,334375.0,333749.69840049744
20181026124700,333750.0,334218.9375758171
20181026124800,334000.0,333938.6745095253
20181026124900,334000.0,333786.8523001671
20181026125000,333750.0,333901.57574415207
20181026125100,333750.0,333766.6158080101
20181026125200,333750.0,333651.9342660904
20181026125300,333500.0,333651.9342660904
20181026125400,333250.0,333517.06916093826
20181026125500,333250.0,333267.6857113838
20181026125600,333250.0,333153.13428640366
20181026125700,333125.0,333153.13428640366
20181026125800,333375.0,333085.7910513878
20181026125900,333250.0,333163.2040143013
20181026130000,333500.0,333210.4077935219
20181026130100,333500.0,333287.8516316414
20181026130200,333500.0,333402.4515748024
20181026130300,333750.0,333402.4515748024
20181026130400,333625.0,333537.27036714554
20181026130500,333375.0,333584.4962000847
20181026130600,334000.0,333392.3553824425
20181026130700,333500.0,333614.7935986519
20181026130800,333375.0,333631.704390049
20181026130900,333375.0,333335.0598216057
20181026131000,333500.0,333277.7686715126
20181026131100,333625.0,333345.14939785004
20181026131200,333750.0,333469.8543548584
20181026131300,334625.0,333594.60121393204
20181026131400,335375.0,334124.3734359741
20181026131500,335625.0,334932.2805404663
20181026131600,335874.99999999994,335412.9192829132
20181026131700,336625.00000000006,335663.6303663254
20181026131800,337500.0,336185.9903335571
20181026131900,337500.0,337007.83318281174
20181026132000,336500.0,337411.9565486908
20181026132100,335625.0,336867.5671219826
20181026132200,335250.0,335931.0206770897
20181026132300,334625.0,335324.7110247612
20181026132400,334000.0,334813.66461515427
20181026132500,333500.0,334188.47918510437
20181026132600,333500.0,333631.704390049
20181026132700,332875.0,333402.4515748024
20181026132800,332500.0,333065.6317472458
20181026132900,332125.0,332577.7263045311
20181026133000,332125.0,332204.7008872032
20181026133100,332250.0,332033.33908319473
20181026133200,332125.0,332100.4573702812
20181026133300,332000.00000000006,332090.4538035393
20181026133400,331625.00000000006,331966.2384390831
20181026133500,331750.0,331707.95851945877
20181026133600,331875.0,331603.83409261703
20181026133700,331750.0,331727.91934013367
20181026133800,331750.0,331717.942237854
20181026133900,331875.0,331660.88485717773
20181026134000,331750.0,331727.91934013367
20181026134100,331375.0,331717.942237854
20181026134200,331375.0,331459.86741781235
20181026134300,331500.0,331288.8496518135
20181026134400,331875.0,331355.8047413826
20181026134500,331750.0,331613.79796266556
20181026134600,331625.00000000006,331717.942237854
20181026134700,331625.00000000006,331593.8614010811
20181026134800,331625.00000000006,331536.8260741234
20181026134900,331750.0,331536.8260741234
20181026135000,331750.0,331603.83409261703
20181026135100,331875.0,331660.88485717773
20181026135200,332125.0,331727.91934013367
20181026135300,332500.0,331919.1316962242
20181026135400,332750.0,332234.73584651947
20181026135500,332375.0,332540.61871767044
20181026135600,332250.0,332453.3389210701
20181026135700,332375.0,332214.71548080444
20181026135800,332000.00000000006,332224.72566366196
20181026135900,331500.0,332080.4458260536
20181026140000,331875.0,331640.92844724655
20181026140100,331875.0,331613.79796266556
20181026140200,331750.0,331784.9899530411
20181026140300,331625.00000000006,331717.942237854
20181026140400,331750.0,331593.8614010811
20181026140500,332250.0,331603.83409261703
20181026140600,331750.0,331929.1132092476
20181026140700,331875.0,331889.14746046066
20181026140800,331875.0,331727.91934013367
20181026140900,332250.0,331784.9899530411
20181026141000,331750.0,331986.2235188484
20181026141100,331750.0,331889.14746046066
20181026141200,331750.0,331660.88485717773
20181026141300,331875.0,331660.88485717773
20181026141400,331875.0,331727.91934013367
20181026141500,331625.00000000006,331784.9899530411
20181026141600,331375.0,331650.9077548981
20181026141700,331249.99999999994,331402.85634994507
20181026141800,331125.0,331221.916615963
20181026141900,331125.0,331098.0276465416
20181026142000,331249.99999999994,331041.0695075989
20181026142100,331249.99999999994,331107.962846756
20181026142200,331000.0,331164.9364233017
20181026142300,330750.0,331031.1387181282
20181026142400,330750.0,330783.56808423996
20181026142500,330750.0,330669.76648569107
20181026142600,330750.0,330669.76648569107
20181026142700,330625.0,330669.76648569107
20181026142800,330874.99999999994,330602.9745936394
20181026142900,330625.0,330679.6686053276
20181026143000,329875.0,330659.85774993896
20181026143100,329125.0,330145.7679271698
20181026143200,328750.0,329405.92962503433
20181026143300,328500.0,328866.9940829277
20181026143400,328875.0,328564.76110219955
20181026143500,329125.0,328650.5478620529
20181026143600,329250.0,328952.90875434875
20181026143700,329250.0,329132.52305984497
20181026143800,329125.0,329189.1548037529
20181026143900,329250.0,329122.7290034294
20181026144000,329625.0,329132.52305984497
20181026144100,329875.0,329388.52483034134
20181026144200,329625.0,329691.6774511337
20181026144300,330125.0,329672.0121502876
20181026144400,330375.0,329824.8333930969
20181026144500,330000.0,330185.2617263794
20181026144600,330500.0,330098.85305166245
20181026144700,330625.0,330195.12194395065
20181026144800,330750.0,330489.22592401505
20181026144900,330625.0,330612.8723025322
20181026145000,330125.0,330602.9745936394
20181026145100,329875.0,330279.1466116905
20181026145200,329875.0,329918.6609387398
20181026145300,329500.0,329805.1548600197
20181026145400,329500.0,329605.4672598839
20181026145500,330000.0,329435.39118766785
20181026145600,330125.0,329701.5023827553
20181026145700,330250.0,329995.1410293579
20181026145800,330250.0,330118.58892440796
20181026145900,330125.0,330175.39489269257
20181026150000,330125.0,330108.724296093
20181026150100,331249.99999999994,330051.9315600395
20181026150200,332375.0,330652.4278521538
20181026150300,332750.0,331767.78584718704
20181026150400,331875.0,332483.42901468277
20181026150500,330874.99999999994,332184.6496462822
20181026150600,331249.99999999994,331249.0250468254
20181026150700,332125.0,330994.039952755
20181026150800,332625.0,331633.7168812752
20181026150900,332875.0,332301.8982410431
20181026151000,332500.0,332665.04579782486
20181026151100,332250.0,332577.7263045311
20181026151200,332250.0,332271.85225486755
20181026151300,332625.0,332157.5853228569
20181026151400,333125.0,332359.0614795685
20181026151500,333375.0,332799.5690703392
20181026151600,333375.0,333163.2040143013
20181026151700,333375.0,333277.7686715126
20181026151800,333375.0,333277.7686715126
20181026151900,333000.0,333277.7686715126
20181026153000,333000.0,333075.7147073746
20181026153500,333000.0,332903.984606266
20181029090000,331249.99999999994,332903.984606266
20181029090100,333750.0,331963.2281064987
20181029090200,334000.0,332506.2193274498
20181029090300,334125.0,333786.8523001671
20181029090400,334500.0,333969.0799713135
20181029090500,334250.0,334229.07346487045
20181029090600,335250.0,334266.19428396225
20181029090700,335750.0,334692.1221613884
20181029090800,335874.99999999994,335423.13235998154
20181029090900,336000.0,335721.2148308754
20181029091000,335750.0,335846.6343283653
20181029091100,335625.0,335768.54652166367
20181029091200,335375.0,335585.59107780457
20181029091300,335250.0,335392.471075058
20181029091400,334625.0,335209.6611857414
20181029091500,334625.0,334813.66461515427
20181029091600,334750.0,334526.3862609863
20181029091700,334250.0,334594.0051674843
20181029091800,334125.0,334381.01917505264
20181029091900,333625.0,334083.84972810745
20181029092000,333750.0,333756.4931511879
20181029092100,333625.0,333594.60121393204
20181029092200,333375.0,333584.4962000847
20181029092300,333750.0,333392.3553824425
20181029092400,334375.0,333479.94834184647
20181029092500,334250.0,333989.32749032974
20181029092600,334375.0,334208.7884545326
20181029092700,334125.0,334218.9375758171
20181029092800,333875.0,334141.24232530594
20181029092900,333750.0,333891.45308732986
20181029093000,334000.0,333709.27172899246
20181029093100,333625.0,333786.8523001671
20181029093200,333000.0,333699.153482914
20181029093300,333250.0,333190.23084640503
20181029093400,334125.0,333038.60050439835
20181029093500,334375.0,333624.8853802681
20181029093600,334250.0,334161.52292490005
20181029093700,334125.0,334208.7884545326
20181029093800,334375.0,334083.84972810745
20181029093900,334375.0,334161.52292490005
20181029094000,334125.0,334276.34781599045
20181029094100,334125.0,334141.24232530594
20181029094200,334375.0,334026.4615416527
20181029094300,334250.0,334161.52292490005
20181029094400,334125.0,334208.7884545326
20181029094500,334750.0,334083.84972810745
20181029094600,334625.0,334364.2120361328
20181029094700,335000.0,334583.83399248123
20181029094800,335375.0,334729.2782664299
20181029094900,335375.0,335104.8222184181
20181029095000,335250.0,335277.4013876915
20181029095100,335250.0,335209.6611857414
20181029095200,335375.0,335152.1428823471
20181029095300,335000.0,335219.8720574379
20181029095400,335750.0,335074.2116570473
20181029095500,335499.99999999994,335308.0207705498
20181029095600,335250.0,335517.7957415581
20181029095700,335125.0,335267.1816945076
20181029095800,335499.99999999994,335084.42252874374
20181029095900,335750.0,335230.07851839066
20181029100000,335499.99999999994,335538.2593870163
20181029100100,334750.0,335517.7957415581
20181029100200,334875.0,334996.29586935043
20181029100300,334750.0,334719.10268068314
20181029100400,334750.0,334708.9248895645
20181029100500,334625.0,334651.46392583847
20181029100600,334750.0,334583.83399248123
20181029100700,334375.0,334594.0051674843
20181029100800,333500.0,334448.6116170883
20181029100900,333250.0,333803.69913578033
20181029101000,333125.0,333267.6857113838
20181029101100,332625.0,333085.7910513878
20181029101200,333375.0,332759.36514139175
20181029101300,333750.0,332934.1408610344
20181029101400,334375.0,333479.94834184647
20181029101500,333875.0,333989.32749032974
20181029101600,333500.0,334006.1831474304
20181029101700,333625.0,333574.3823647499
20181029101800,333625.0,333469.8543548584
20181029101900,333125.0,333527.17196941376
20181029102000,333250.0,333257.5939297676
20181029102100,333875.0,333095.86519002914
20181029102200,334125.0,333490.0335073471
20181029102300,334250.0,333911.702811718
20181029102400,333875.0,334093.9900279045
20181029102500,333250.0,333948.8170146942
20181029102600,332625.0,333439.5503401756
20181029102700,332750.0,332816.5702819824
20181029102800,333250.0,332597.8084206581
20181029102900,333625.0,332924.0931868553
20181029103000,333375.0,333355.2345633507
20181029103100,332875.0,333392.3553824425
20181029103200,333000.0,333008.3913207054
20181029103300,333750.0,332846.74859046936
20181029103400,333500.0,333308.00211429596
20181029103500,333750.0,333517.06916093826
20181029103600,333750.0,333537.27036714554
20181029103700,332875.0,333651.9342660904
20181029103800,332625.0,333180.1346540451
20181029103900,333250.0,332644.95927095413
20181029104000,333125.0,332866.8483495712
20181029104100,333125.0,333085.7910513878
20181029104200,333375.0,333028.5351872444
20181029104300,333125.0,333163.2040143013
20181029104400,333250.0,333143.0557370186
20181029104500,333125.0,333095.86519002914
20181029104600,333500.0,333085.7910513878
20181029104700,333250.0,333230.5604815483
20181029104800,333125.0,333267.6857113838
20181029104900,333500.0,333085.7910513878
20181029105000,333500.0,333230.5604815483
20181029105100,333750.0,333402.4515748024
20181029105200,333625.0,333537.27036714554
20181029105300,333375.0,333584.4962000847
20181029105400,333625.0,333392.3553824425
20181029105500,334000.0,333412.5433564186
20181029105600,334250.0,333729.4905781746
20181029105700,334125.0,334036.59522533417
20181029105800,333875.0,334083.84972810745
20181029105900,333625.0,333891.45308732986
20181029110000,333250.0,333641.8204307556
20181029110100,333750.0,333324.9680399895
20181029110200,333750.0,333422.6263165474
20181029110300,333625.0,333651.9342660904
20181029110400,333750.0,333584.4962000847
20181029110500,334000.0,333594.60121393204
20181029110600,334625.0,333786.8523001671
20181029110700,334750.0,334239.20714855194
20181029110800,334875.0,334594.0051674843
20181029110900,334750.0,334719.10268068314
20181029111000,334750.0,334708.9248895645
20181029111100,334875.0,334651.46392583847
20181029111200,334625.0,334719.10268068314
20181029111300,334875.0,334641.28613471985
20181029111400,334875.0,334661.6373062134
20181029111500,335375.0,334776.5790820122
20181029111600,335375.0,335047.30612039566
20181029111700,335250.0,335277.4013876915
20181029111800,335250.0,335209.6611857414
20181029111900,335375.0,335152.1428823471
20181029112000,335250.0,335219.8720574379
20181029112100,335125.0,335209.6611857414
20181029112200,334750.0,335084.42252874374
20181029112300,334875.0,334823.8622546196
20181029112400,334625.0,334719.10268068314
20181029112500,334500.0,334641.28613471985
20181029112600,334500.0,334458.7805867195
20181029112700,334500.0,334401.34608745575
20181029112800,334500.0,334401.34608745575
20181029112900,334250.0,334401.34608745575
20181029113000,334375.0,334266.19428396225
20181029113100,334750.0,334218.9375758171
20181029113200,334750.0,334479.10088300705
20181029113300,334750.0,334651.46392583847
20181029113400,334750.0,334651.46392583847
20181029113500,334875.0,334651.46392583847
20181029113600,334875.0,334719.10268068314
20181029113700,334625.0,334776.5790820122
20181029113800,334625.0,334641.28613471985
20181029113900,335125.0,334526.3862609863
20181029114000,334500.0,334796.93245887756
20181029114100,334500.0,334688.54945898056
20181029114200,334625.0,334401.34608745575
20181029114300,334500.0,334468.94294023514
20181029114400,334125.0,334458.7805867195
20181029114500,334375.0,334198.6349225044
20181029114600,334000.0,334161.52292490005
20181029114700,333375.0,334073.7050175667
20181029114800,332875.0,333564.26852941513
20181029114900,333000.0,333008.3913207054
20181029115000,333125.0,332846.74859046936
20181029115100,333250.0,332971.2859392166
20181029115200,333375.0,333095.86519002914
20181029115300,333250.0,333220.48634290695
20181029115400,333625.0,333210.4077935219
20181029115500,333625.0,333355.2345633507
20181029115600,333875.0,333527.17196941376
20181029115700,333875.0,333662.0414853096
20181029115800,334125.0,333776.7384648323
20181029115900,334375.0,333911.702811718
20181029120000,333875.0,334161.52292490005
20181029120100,333875.0,334006.1831474304
20181029120200,334000.0,333776.7384648323
20181029120300,333750.0,333844.20961141586
20181029120400,333875.0,333766.6158080101
20181029120500,334125.0,333719.38556432724
20181029120600,334250.0,333911.702811718
20181029120700,334375.0,334093.9900279045
20181029120800,334750.0,334218.9375758171
20181029120900,334750.0,334479.10088300705
20181029121000,334875.0,334651.46392583847
20181029121100,335375.0,334719.10268068314
20181029121200,335125.0,335047.30612039566
20181029121300,335125.0,335141.93201065063
20181029121400,335250.0,335026.91745758057
20181029121500,335250.0,335094.62237358093
20181029121600,335750.0,335152.1428823471
20181029121700,335375.0,335423.13235998154
20181029121800,335499.99999999994,335450.01143217087
20181029121900,335499.99999999994,335345.1548218727
20181029122000,335499.99999999994,335402.70179510117
20181029122100,335499.99999999994,335402.70179510117
20181029122200,335499.99999999994,335402.70179510117
20181029122300,335375.0,335402.70179510117
20181029122400,335000.0,335334.9351286888
20181029122500,334625.0,335074.2116570473
20181029122600,335000.0,334698.7426877022
20181029122700,335000.0,334729.2782664299
20181029122800,335250.0,334901.7295241356
20181029122900,335000.0,335037.11730241776
20181029123000,335125.0,335016.71320199966
20181029123100,335625.0,334969.4167971611
20181029123200,335750.0,335297.82313108444
20181029123300,335750.0,335595.82620859146
20181029123400,335625.0,335653.3952355385
20181029123500,335874.99999999994,335585.59107780457
20181029123600,336125.0,335663.6303663254
20181029123700,334875.0,335914.4825935364
20181029123800,334375.0,335351.51290893555
20181029123900,335125.0,334506.04170560837
20181029124000,335625.0,334681.96642398834
20181029124100,335375.0,335297.82313108444
20181029124200,335625.0,335392.471075058
20181029124300,335375.0,335412.9192829132
20181029124400,335625.0,335392.471075058
20181029124500,335750.0,335412.9192829132
20181029124600,335625.0,335595.82620859146
20181029124700,336000.0,335585.59107780457
20181029124800,335874.99999999994,335731.4499616623
20181029124900,336000.0,335836.38375997543
20181029125000,336250.00000000006,335846.6343283653
20181029125100,335625.0,336039.9594306946
20181029125200,335874.99999999994,335815.86277484894
20181029125300,336125.0,335663.6303663254
20181029125400,336125.0,335914.4825935364
20181029125500,336125.0,336029.70004081726
20181029125600,336000.0,336029.70004081726
20181029125700,335750.0,335961.83413267136
20181029125800,335874.99999999994,335768.54652166367
20181029125900,335750.0,335721.2148308754
20181029130000,335874.99999999994,335710.9686732292
20181029130100,336125.0,335721.2148308754
20181029130200,336125.0,335914.4825935364
20181029130300,336250.00000000006,336029.70004081726
20181029130400,336125.0,336097.5791811943
20181029130500,336375.0,336087.31096982956
20181029130600,336625.00000000006,336165.46934843063
20181029130700,336500.0,336416.5884256363
20181029130800,336500.0,336463.95099163055
20181029130900,336750.0,336406.30036592484
20181029131000,337000.0,336542.1931743622
20181029131100,337250.0,336793.49970817566
20181029131200,337125.0,337044.93194818497
20181029131300,337125.0,337092.3165678978
20181029131400,337375.0,337034.60639715195
20181029131500,336875.0,337170.6910729408
20181029131600,336125.0,337013.9442682266
20181029131700,336250.00000000006,336375.41633844376
20181029131800,336875.0,336097.5791811943
20181029131900,336750.0,336494.80414390564
20181029132000,335874.99999999994,336715.20459651947
20181029132100,336250.00000000006,336181.96552991867
20181029132200,336375.0,335982.33968019485
20181029132300,336750.0,336223.10012578964
20181029132400,337125.0,336484.5249056816
20181029132500,336875.0,336861.5001440048
20181029132600,336625.00000000006,336898.56362342834
20181029132700,336500.0,336647.2262144089
20181029132800,336875.0,336463.95099163055
20181029132900,336750.0,336610.15170812607
20181029133000,336625.00000000006,336715.20459651947
20181029133100,336625.00000000006,336589.562356472
20181029133200,336875.0,336531.900703907
20181029133300,337375.0,336667.8310036659
20181029133400,336875.0,337055.24867773056
20181029133500,336625.00000000006,337013.9442682266
20181029133600,336750.0,336647.2262144089
20181029133700,337125.0,336599.86144304276
20181029133800,337625.0,336861.5001440048
20181029133900,337750.0,337306.8154454231
20181029134000,337750.0,337605.91238737106
20181029134100,338125.0,337663.67107629776
20181029134200,338750.0,337868.08478832245
20181029134300,338875.0,338382.44587183
20181029134400,338875.0,338739.88151550293
20181029134500,338750.0,338797.73062467575
20181029134600,339000.0,338729.45231199265
20181029134700,339000.0,338808.1576228142
20181029134800,339000.0,338923.86025190353
20181029134900,338625.0,338923.86025190353
20181029135000,339000.0,338719.01869773865
20181029135100,339000.0,338750.3063082695
20181029135200,338500.0,338923.86025190353
20181029135300,338500.0,338650.75582265854
20181029135400,338250.0,338419.4696545601
20181029135500,338500.0,338283.03653001785
20181029135600,337875.0,338303.83759737015
20181029135700,337750.0,338078.4441828728
20181029135800,338750.0,337721.43417596817
20181029135900,338875.0,338208.9602947235
20181029140000,339375.0,338739.88151550293
20181029140100,339875.0,339070.9034204483
20181029140200,339875.0,339575.8321285248
20181029140300,339250.0,339807.46454000473
20181029140400,339875.0,339465.56574106216
20181029140500,339875.0,339517.9256796837
20181029140600,339750.0,339807.46454000473
20181029140700,340000.0,339739.07375335693
20181029140800,340250.0,339817.95328855515
20181029140900,340250.0,340070.6293582916
20181029141000,340375.0,340186.4885687828
20181029141100,340250.0,340254.9300789833
20181029141200,340375.0,340244.4192767143
20181029141300,340124.99999999994,340254.9300789833
20181029141400,340250.0,340175.97115039825
20181029141500,340375.0,340128.56006622314
20181029141600,340124.99999999994,340254.9300789833
20181029141700,340250.0,340175.97115039825
20181029141800,340375.0,340128.56006622314
20181029141900,340375.0,340254.9300789833
20181029142000,340375.0,340312.8718137741
20181029142100,340250.0,340312.8718137741
20181029142200,340375.0,340244.4192767143
20181029142300,340499.99999999994,340254.9300789833
20181029142400,340750.0,340381.3287615776
20181029142500,340375.0,340576.2240886688
20181029142600,340499.99999999994,340486.67937517166
20181029142700,340000.0,340381.3287615776
20181029142800,339625.0,340165.4537320137
20181029142900,339625.0,339728.58279943466
20181029143000,339500.0,339554.8965334892
20181029143100,339000.0,339486.53000593185
20181029143200,339625.0,339155.2831530571
20181029143300,339375.0,339265.4282450676
20181029143400,339125.0,339418.1722998619
20181029143500,338750.0,339165.74543714523
20181029143600,338375.0,338845.13288736343
20181029143700,338125.0,338466.8719172478
20181029143800,337500.0,338157.03040361404
20181029143900,337125.0,337700.677216053
20181029144000,337000.0,337207.7369093895
20181029144100,336750.0,336966.5794968605
20181029144200,337125.0,336772.8794813156
20181029144300,337375.0,336861.5001440048
20181029144400,337500.0,337170.6910729408
20181029144500,337750.0,337354.2177081108
20181029144600,337625.0,337548.15369844437
20181029144700,337500.0,337595.55155038834
20181029144800,337125.0,337469.69759464264
20181029144900,336500.0,337207.7369093895
20181029145000,336125.0,336694.57775354385
20181029145100,335750.0,336202.5460600853
20181029145200,335750.0,335826.12657546997
20181029145300,336000.0,335653.3952355385
20181029145400,335874.99999999994,335789.0410423279
20181029145500,336500.0,335836.38375997543
20181029145600,336750.0,336118.0957555771
20181029145700,337000.0,336542.1931743622
20181029145800,337250.0,336793.49970817566
20181029145900,337000.0,337044.93194818497
20181029150000,336875.0,337024.2830514908
20181029150100,336750.0,336840.8777117729
20181029150200,336250.00000000006,336715.20459651947
20181029150300,335750.0,336385.7154250145
20181029150400,335750.0,335883.7066292763
20181029150500,336250.00000000006,335653.3952355385
20181029150600,336375.0,335924.7265458107
20181029150700,336625.00000000006,336223.10012578964
20181029150800,336250.00000000006,336416.5884256363
20181029150900,335874.99999999994,336328.0846476555
20181029151000,336125.0,335951.56371593475
20181029151100,336125.0,335914.4825935364
20181029151200,336000.0,336029.70004081726
20181029151300,336125.0,335961.83413267136
20181029151400,336375.0,335972.08911180496
20181029151500,336125.0,336165.46934843063
20181029151600,336250.00000000006,336144.9241042137
20181029151700,336250.00000000006,336097.5791811943
20181029151800,335750.0,336155.20334243774
20181029151900,335625.0,335883.7066292763
20181029153000,335499.99999999994,335585.59107780457
20181029153500,335499.99999999994,335460.24656295776
20181030090000,334750.0,335402.70179510117
20181030090100,336875.0,334996.29586935043
20181030090200,337500.0,335802.9613494873
20181030090300,335750.0,337123.28881025314
20181030090400,336375.0,336459.69903469086
20181030090500,336500.0,335992.59024858475
20181030090600,334500.0,336348.65415096283
20181030090700,334625.0,335320.7347393036
20181030090800,334625.0,334468.94294023514
20181030090900,334750.0,334526.3862609863
20181030091000,334750.0,334594.0051674843
20181030091100,335125.0,334651.46392583847
20181030091200,336625.00000000006,334854.4242978096
20181030091300,336875.0,335840.18141031265
20181030091400,336500.0,336667.8310036659
20181030091500,336000.0,336579.2566537857
20181030091600,336375.0,336134.64707136154
20181030091700,336625.00000000006,336107.8385710716
20181030091800,336750.0,336416.5884256363
20181030091900,335750.0,336599.86144304276
20181030092000,335375.0,336114.0731573105
20181030092100,335250.0,335450.01143217087
20181030092200,335250.0,335209.6611857414
20181030092300,335375.0,335152.1428823471
20181030092400,336000.0,335219.8720574379
20181030092500,335375.0,335616.2832379341
20181030092600,334250.0,335565.10096788406
20181030092700,334375.0,334668.1541800499
20181030092800,334250.0,334218.9375758171
20181030092900,333750.0,334208.7884545326
20181030093000,333625.0,333881.32160902023
20181030093100,333750.0,333584.4962000847
20181030093200,333250.0,333594.60121393204
20181030093300,332000.00000000006,333382.25477933884
20181030093400,331750.0,332480.35913705826
20181030093500,331750.0,331775.00623464584
20181030093600,331875.0,331660.88485717773
20181030093700,332000.00000000006,331727.91934013367
20181030093800,332125.0,331852.05310583115
20181030093900,332125.0,331976.2331843376
20181030094000,332125.0,332033.33908319473
20181030094100,331625.00000000006,332033.33908319473
20181030094200,331500.0,331765.0136947632
20181030094300,330874.99999999994,331469.8356986046
20181030094400,331125.0,331078.1484246254
20181030094500,330125.0,330927.17307806015
20181030094600,330375.0,330506.4807534218
20181030094700,330375.0,330185.2617263794
20181030094800,330250.0,330298.9089488983
20181030094900,330250.0,330232.20747709274
20181030095000,330250.0,330175.39489269257
20181030095100,330375.0,330175.39489269257
20181030095200,330500.0,330242.083132267
20181030095300,330500.0,330365.62806367874
20181030095400,330500.0,330422.4781394005
20181030095500,330375.0,330422.4781394005
20181030095600,330250.0,330355.7457923889
20181030095700,330250.0,330232.20747709274
20181030095800,329875.0,330175.39489269257
20181030095900,329750.0,329975.42721033096
20181030100000,330000.0,329738.57468366623
20181030100100,330000.0,329814.9974346161
20181030100200,329750.0,329928.51454019547
20181030100300,329625.0,329795.3122854233
20181030100400,329875.0,329615.30101299286
20181030100500,329750.0,329691.6774511337
20181030100600,329875.0,329738.57468366623
20181030100700,329875.0,329748.4150528908
20181030100800,329625.0,329805.1548600197
20181030100900,329375.0,329672.0121502876
20181030101000,329250.0,329425.5772829056
20181030101100,329250.0,329245.79095840454
20181030101200,328750.0,329189.1548037529
20181030101300,328750.0,328923.5662817955
20181030101400,329125.0,328697.33041524887
20181030101500,329125.0,328896.32111787796
20181030101600,329125.0,329066.1126971245
20181030101700,329375.0,329066.1126971245
20181030101800,329750.0,329198.94886016846
20181030101900,330500.0,329511.7124915123
20181030102000,330625.0,330081.4901590347
20181030102100,330625.0,330489.22592401505
20181030102200,330625.0,330546.09805345535
20181030102300,330750.0,330546.09805345535
20181030102400,330750.0,330612.8723025322
20181030102500,330750.0,330669.76648569107
20181030102600,330625.0,330669.76648569107
20181030102700,330750.0,330602.9745936394
20181030102800,330874.99999999994,330612.8723025322
20181030102900,331125.0,330736.5716099739
20181030103000,331249.99999999994,330927.17307806015
20181030103100,331125.0,331107.962846756
20181030103200,331125.0,331098.0276465416
20181030103300,330874.99999999994,331041.0695075989
20181030103400,330000.0,330907.3269367218
20181030103500,329625.0,330326.07251405716
20181030103600,329750.0,329728.7343144417
20181030103700,329875.0,329625.1259446144
20181030103800,329750.0,329748.4150528908
20181030103900,329875.0,329738.57468366623
20181030104000,330125.0,329748.4150528908
20181030104100,330250.0,329938.36373090744
20181030104200,329875.0,330118.58892440796
20181030104300,329625.0,329975.42721033096
20181030104400,329625.0,329672.0121502876
20181030104500,329625.0,329558.5942864418
20181030104600,329625.0,329558.5942864418
20181030104700,329125.0,329558.5942864418
20181030104800,329125.0,329292.62644052505
20181030104900,329000.0,329066.1126971245
20181030105000,328875.0,328999.7221827507
20181030105100,329000.0,328876.77270174026
20181030105200,328625.0,328886.5469098091
20181030105300,328625.0,328744.1085577011
20181030105400,328875.0,328574.51766729355
20181030105500,328875.0,328707.0913910866
20181030105600,328875.0,328820.2049136162
20181030105700,328625.0,328820.2049136162
20181030105800,328500.0,328687.56943941116
20181030105900,328375.0,328508.2572698593
20181030110000,327125.0,328385.52832603455
20181030110100,325000.0,327667.9311990738
20181030110200,324500.0,325988.444596529
20181030110300,324875.0,324778.3063352108
20181030110400,324750.0,324750.9961128235
20181030110500,324750.0,324852.93170809746
20181030110600,324125.0,324797.2328364849
20181030110700,323625.0,324471.72766923904
20181030110800,323625.0,323934.2068731785
20181030110900,323375.0,323712.4192416668
20181030111000,323250.0,323582.873493433
20181030111100,323500.0,323407.42844343185
20181030111200,323500.0,323481.4804196358
20181030111300,323750.0,323592.23860502243
20181030111400,323625.0,323721.7909693718
20181030111500,323875.0,323767.84685254097
20181030111600,323875.0,323842.05320477486
20181030111700,323750.0,323952.99553871155
20181030111800,323875.0,323888.13003897667
20181030111900,323875.0,323897.5183069706
20181030112000,324250.0,323952.99553871155
20181030112100,324875.0,324147.7210521698
20181030112200,324750.0,324639.6424770355
20181030112300,324750.0,324852.93170809746
20181030112400,324875.0,324797.2328364849
20181030112500,324750.0,324862.39606142044
20181030112600,325250.0,324852.93170809746
20181030112700,325750.0,325058.01475048065
20181030112800,325875.0,325542.5658226013
20181030112900,325875.0,325831.6437602043
20181030113000,326125.0,325887.58742809296
20181030113100,326500.0,326018.6240077019
20181030113200,326249.99999999994,326327.4179697037
20181030113300,326249.99999999994,326364.31163549423
20181030113400,326750.0,326252.223610878
20181030113500,327125.0,326514.81503248215
20181030113600,327625.0,326936.64532899857
20181030113700,327875.0,327368.85410547256
20181030113800,327875.0,327726.10449790955
20181030113900,327750.0,327838.8276696205
20181030114000,327625.0,327772.76796102524
20181030114100,327625.0,327650.39187669754
20181030114200,327750.0,327594.062268734
20181030114300,327750.0,327660.07566452026
20181030114400,327625.0,327716.4162993431
20181030114500,328000.0,327650.39187669754
20181030114600,327750.0,327792.14656352997
20181030114700,327750.0,327829.1284441948
20181030114800,327750.0,327716.4162993431
20181030114900,327750.0,327716.4162993431
20181030115000,328250.0,327716.4162993431
20181030115100,328250.0,327980.7014465332
20181030115200,328375.0,328206.41243457794
20181030115300,328375.0,328272.5912332535
20181030115400,328250.0,328329.05757427216
20181030115500,328125.0,328262.8633379936
20181030115600,328250.0,328140.2490735054
20181030115700,328250.0,328149.9703526497
20181030115800,328250.0,328206.41243457794
20181030115900,328250.0,328206.41243457794
20181030120000,328125.0,328206.41243457794
20181030120100,328375.0,328140.2490735054
20181030120200,328625.0,328216.1337137222
20181030120300,328250.0,328461.50118112564
20181030120400,328125.0,328375.78719854355
20181030120500,328250.0,328140.2490735054
20181030120600,328375.0,328149.9703526497
20181030120700,329250.0,328272.5912332535
20181030120800,329875.0,328792.9156422615
20181030120900,329750.0,329521.52198553085
20181030121000,329625.0,329738.57468366623
20181030121100,329750.0,329615.30101299286
20181030121200,329750.0,329625.1259446144
20181030121300,329875.0,329681.84810876846
20181030121400,329875.0,329748.4150528908
20181030121500,329750.0,329805.1548600197
20181030121600,329750.0,329738.57468366623
20181030121700,329750.0,329681.84810876846
20181030121800,329750.0,329681.84810876846
20181030121900,329625.0,329681.84810876846
20181030122000,329750.0,329615.30101299286
20181030122100,329625.0,329625.1259446144
20181030122200,329750.0,329615.30101299286
20181030122300,329750.0,329625.1259446144
20181030122400,329875.0,329681.84810876846
20181030122500,329750.0,329748.4150528908
20181030122600,329750.0,329738.57468366623
20181030122700,329875.0,329681.84810876846
20181030122800,329875.0,329748.4150528908
20181030122900,329750.0,329805.1548600197
20181030123000,329750.0,329738.57468366623
20181030123100,329875.0,329681.84810876846
20181030123200,329875.0,329748.4150528908
20181030123300,329750.0,329805.1548600197
20181030123400,329875.0,329738.57468366623
20181030123500,329750.0,329748.4150528908
20181030123600,329875.0,329738.57468366623
20181030123700,329750.0,329748.4150528908
20181030123800,329750.0,329738.57468366623
20181030123900,329875.0,329681.84810876846
20181030124000,329750.0,329748.4150528908
20181030124100,329875.0,329738.57468366623
20181030124200,329875.0,329748.4150528908
20181030124300,329875.0,329805.1548600197
20181030124400,329625.0,329805.1548600197
20181030124500,329750.0,329672.0121502876
20181030124600,329875.0,329625.1259446144
20181030124700,329875.0,329748.4150528908
20181030124800,329750.0,329805.1548600197
20181030124900,329875.0,329738.57468366623
20181030125000,329875.0,329748.4150528908
20181030125100,329875.0,329805.1548600197
20181030125200,330000.0,329805.1548600197
20181030125300,329875.0,329871.752679348
20181030125400,329875.0,329861.903488636
20181030125500,329750.0,329805.1548600197
20181030125600,329625.0,329738.57468366623
20181030125700,330000.0,329615.30101299286
20181030125800,329625.0,329758.2466006279
20181030125900,329750.0,329728.7343144417
20181030130000,329625.0,329625.1259446144
20181030130100,329625.0,329615.30101299286
20181030130200,329875.0,329558.5942864418
20181030130300,329625.0,329691.6774511337
20181030130400,329250.0,329672.0121502876
20181030130500,329375.0,329359.09193754196
20181030130600,329250.0,329255.59163093567
20181030130700,329125.0,329245.79095840454
20181030130800,329375.0,329122.7290034294
20181030130900,329375.0,329198.94886016846
20181030131000,329375.0,329312.24542856216
20181030131100,329125.0,329312.24542856216
20181030131200,329375.0,329179.3541312218
20181030131300,329250.0,329198.94886016846
20181030131400,329250.0,329245.79095840454
20181030131500,329250.0,329189.1548037529
20181030131600,329250.0,329189.1548037529
20181030131700,329250.0,329189.1548037529
20181030131800,329250.0,329189.1548037529
20181030131900,328875.0,329189.1548037529
20181030132000,328875.0,328989.93694782257
20181030132100,328875.0,328820.2049136162
20181030132200,328750.0,328820.2049136162
20181030132300,328875.0,328753.8761496544
20181030132400,328875.0,328763.64374160767
20181030132500,329125.0,328820.2049136162
20181030132600,329625.0,328952.90875434875
20181030132700,329750.0,329331.8489789963
20181030132800,329750.0,329625.1259446144
20181030132900,329875.0,329681.84810876846
20181030133000,329875.0,329748.4150528908
20181030133100,331000.0,329805.1548600197
20181030133200,331875.0,330405.1130414009
20181030133300,331875.0,331385.63019037247
20181030133400,331875.0,331784.9899530411
20181030133500,331750.0,331784.9899530411
20181030133600,331750.0,331717.942237854
20181030133700,332000.00000000006,331660.88485717773
20181030133800,331500.0,331794.9692606926
20181030133900,331875.0,331640.92844724655
20181030134000,331875.0,331613.79796266556
20181030134100,331500.0,331784.9899530411
20181030134200,331375.0,331583.88870954514
20181030134300,331375.0,331345.8541035652
20181030134400,331000.0,331288.8496518135
20181030134500,330500.0,331088.09024095535
20181030134600,330125.0,330649.94901418686
20181030134700,330000.0,330222.32961654663
20181030134800,329875.0,329985.2874279022
20181030134900,330250.0,329861.903488636
20181030135000,330000.0,330004.99242544174
20181030135100,329750.0,330042.0647263527
20181030135200,329375.0,329795.3122854233
20181030135300,329375.0,329482.25313425064
20181030135400,329375.0,329312.24542856216
20181030135500,328875.0,329312.24542856216
20181030135600,329000.0,329046.53120040894
20181030135700,329375.0,328886.5469098091
20181030135800,329500.0,329142.3082947731
20181030135900,329500.0,329378.7153363228
20181030140000,329375.0,329435.39118766785
20181030140100,330625.0,329368.90584230423
20181030140200,331125.0,329977.71859169006
20181030140300,331000.0,330813.30090761185
20181030140400,330874.99999999994,330974.19160604477
20181030140500,331000.0,330850.40628910065
20181030140600,331125.0,330860.31943559647
20181030140700,331000.0,330984.1179847717
20181030140800,330375.0,330974.19160604477
20181030140900,330750.0,330583.1615328789
