datetime,original,predicted
20181030134600,42925.0,42918.615090847015
20181030134700,42937.5,42918.637470155954
20181030134800,42937.5,42922.824227809906
20181030134900,42937.5,42927.0333647728
20181030135000,42925.0,42927.0333647728
20181030135100,42925.0,42918.637470155954
20181030135200,42937.5,42914.428789913654
20181030135300,42900.0,42922.824227809906
20181030135400,42900.0,42901.848877966404
20181030135500,42900.0,42889.21781331301
20181030135600,42862.5,42889.21781331301
20181030135700,42850.0,42864.03743699193
20181030135800,42825.0,42843.005910515785
20181030135900,42850.0,42822.00726792216
20181030140000,42850.0,42830.36160096526
20181030140100,42887.5,42838.7917496264
20181030140200,42887.5,42863.97349610925
20181030140300,42875.0,42876.612325012684
20181030140400,42887.5,42868.218257278204
20181030140500,42875.0,42872.39999100566
20181030140600,42837.5,42868.218257278204
20181030140700,42825.0,42838.827830553055
20181030140800,42837.5,42817.792193591595
20181030140900,42850.0,42821.96844667196
20181030141000,42837.5,42834.57667529583
20181030141100,42825.0,42830.39950877428
20181030141200,42812.5,42817.792193591595
20181030141300,42825.0,42805.18442168832
20181030141400,42837.5,42809.359304606915
20181030141500,42837.5,42821.96844667196
20181030141600,42825.0,42826.18397772312
20181030141700,42837.5,42817.792193591595
20181030141800,42850.0,42821.96844667196
20181030141900,42875.0,42834.57667529583
20181030142000,42850.0,42855.57897165418
20181030142100,42825.0,42847.21961468458
20181030142200,42812.5,42822.00726792216
20181030142300,42850.0,42805.18442168832
20181030142400,42837.5,42826.14561319351
20181030142500,42850.0,42830.39950877428
20181030142600,42862.5,42834.57667529583
20181030142700,42837.5,42847.1849039197
20181030142800,42837.5,42834.61366966367
20181030142900,42825.0,42826.18397772312
20181030143000,42825.0,42817.792193591595
20181030143100,42825.0,42813.575749099255
20181030143200,42825.0,42813.575749099255
20181030143300,42812.5,42813.575749099255
20181030143400,42812.5,42805.18442168832
20181030143500,42825.0,42800.96752047539
20181030143600,42775.0,42809.359304606915
20181030143700,42787.5,42780.014093220234
20181030143800,42775.0,42771.53096497059
20181030143900,42762.5,42767.36019253731
20181030144000,42787.5,42754.75059375167
20181030144100,42775.0,42767.311323434114
20181030144200,42787.5,42767.36019253731
20181030144300,42800.0,42771.53096497059
20181030144400,42800.0,42784.14102047682
20181030144500,42787.5,42788.35929185152
20181030144600,42775.0,42779.968421161175
20181030144700,42787.5,42767.36019253731
20181030144800,42775.0,42771.53096497059
20181030144900,42800.0,42767.36019253731
20181030145000,42762.5,42779.921835660934
20181030145100,42737.5,42763.18942010403
20181030145200,42725.0,42733.75332131982
20181030145300,42712.5,42716.92225411534
20181030145400,42737.5,42704.312655329704
20181030145500,42712.5,42716.86562076211
20181030145600,42712.5,42708.53549391031
20181030145700,42700.0,42700.089360028505
20181030145800,42650.0,42691.702599823475
20181030145900,42637.5,42653.93865779042
20181030150000,42662.5,42628.649125248194
20181030150100,42687.5,42641.190215945244
20181030150200,42625.0,42666.41580760479
20181030150300,42600.0,42632.94732272625
20181030150400,42650.0,42595.04590779543
20181030150500,42687.5,42620.11895477772
20181030150600,42712.5,42662.18931525946
20181030150700,42725.0,42691.641399264336
20181030150800,42700.0,42708.47703367472
20181030150900,42687.5,42695.925895124674
20181030151000,42725.0,42679.092087596655
20181030151100,42737.5,42700.02952963114
20181030151200,42725.0,42721.08800262213
20181030151300,42712.5,42716.92225411534
20181030151400,42687.5,42704.312655329704
20181030151500,42637.5,42683.316296339035
20181030151600,42637.5,42641.329972445965
20181030151700,42637.5,42624.42126274109
20181030151800,42612.5,42624.42126274109
20181030151900,42562.5,42607.65596330166
20181030153000,42350.0,42565.67603349686
20181030153500,42350.0,42406.44405335188
20181031090000,42962.5,42334.35938581824
20181031090100,43037.5,42745.42253240943
20181031090200,43137.5,43002.63021364808
20181031090300,43250.0,43095.054019242525
20181031090400,43187.5,43204.247691482306
20181031090500,43125.0,43199.944926798344
20181031090600,43187.5,43137.001065164804
20181031090700,43250.0,43158.038072288036
20181031090800,43225.0,43221.00796699524
20181031090900,43200.0,43225.143571943045
20181031091000,43112.5,43199.96776282787
20181031091100,42987.5,43132.79558196664
20181031091200,42912.5,43019.467674940825
20181031091300,42925.0,42927.07492634654
20181031091400,42925.0,42910.21873950958
20181031091500,42850.0,42914.428789913654
20181031091600,42850.0,42864.06895071268
20181031091700,42875.0,42838.7917496264
20181031091800,42837.5,42855.57897165418
20181031091900,42800.0,42838.827830553055
20181031092000,42787.5,42801.00999549031
20181031092100,42837.5,42779.968421161175
20181031092200,42887.5,42809.31819975376
20181031092300,42850.0,42859.75979194045
20181031092400,42825.0,42851.43286213279
20181031092500,42812.5,42822.00726792216
20181031092600,42787.5,42805.18442168832
20181031092700,42787.5,42784.18623581529
20181031092800,42762.5,42775.75014978647
20181031092900,42812.5,42758.97023528814
20181031093000,42812.5,42784.09489169717
20181031093100,42750.0,42800.96752047539
20181031093200,42725.0,42759.01956111193
20181031093300,42737.5,42721.14417925477
20181031093400,42737.5,42721.08800262213
20181031093500,42787.5,42725.310384482145
20181031093600,42837.5,42758.870670199394
20181031093700,42812.5,42809.31819975376
20181031093800,42775.0,42809.40040946007
20181031093900,42750.0,42775.79673528671
20181031094000,42737.5,42746.362006664276
20181031094100,42762.5,42729.53230962157
20181031094200,42787.5,42742.0889288187
20181031094300,42775.0,42767.311323434114
20181031094400,42812.5,42767.36019253731
20181031094500,42812.5,42788.31407651305
20181031094600,42812.5,42800.96752047539
20181031094700,42837.5,42800.96752047539
20181031094800,42812.5,42817.75245890021
20181031094900,42787.5,42809.40040946007
20181031095000,42812.5,42784.18623581529
20181031095100,42812.5,42792.532804608345
20181031095200,42787.5,42800.96752047539
20181031095300,42762.5,42784.18623581529
20181031095400,42725.0,42758.97023528814
20181031095500,42737.5,42725.36564767361
20181031095600,42687.5,42721.08800262213
20181031095700,42625.0,42691.76334366202
20181031095800,42637.5,42632.94732272625
20181031095900,42662.5,42620.19294351339
20181031100000,42650.0,42641.190215945244
20181031100100,42587.5,42641.260550916195
20181031100200,42612.5,42595.12309357524
20181031100300,42612.5,42590.7367490232
20181031100400,42587.5,42599.197497963905
20181031100500,42600.0,42582.43493884802
20181031100600,42612.5,42582.354556024075
20181031100700,42550.0,42594.96735185385
20181031100800,42462.5,42557.29840770364
20181031100900,42450.0,42477.51114740968
20181031101000,42450.0,42439.48185071349
20181031101100,42487.5,42435.24302691221
20181031101200,42512.5,42460.36357283592
20181031101300,42512.5,42489.82844501734
20181031101400,42487.5,42498.3010686934
20181031101500,42462.5,42481.55084103346
20181031101600,42412.5,42456.330730021
20181031101700,42400.0,42414.370895922184
20181031101800,42450.0,42389.04117196798
20181031101900,42450.0,42418.28133761883
20181031102000,42375.0,42435.24302691221
20181031102100,42337.5,42385.02979502082
20181031102200,42350.0,42334.484070539474
20181031102300,42375.0,42330.114167928696
20181031102400,42437.5,42351.09088793397
20181031102500,42437.5,42401.42515078187
20181031102600,42437.5,42422.6320579648
20181031102700,42425.0,42422.6320579648
20181031102800,42437.5,42414.26128298044
20181031102900,42437.5,42418.39140728116
20181031103000,42475.0,42422.6320579648
20181031103100,42487.5,42447.74986356497
20181031103200,42500.0,42468.8403069973
20181031103300,42500.0,42481.45264610648
20181031103400,42487.5,42485.68918630481
20181031103500,42462.5,42477.31430083513
20181031103600,42462.5,42456.330730021
20181031103700,42475.0,42447.85445258021
20181031103800,42437.5,42456.22796788812
20181031103900,42425.0,42435.34898608923
20181031104000,42437.5,42414.26128298044
20181031104100,42425.0,42418.39140728116
20181031104200,42425.0,42414.26128298044
20181031104300,42425.0,42410.02108901739
20181031104400,42462.5,42410.02108901739
20181031104500,42487.5,42435.136154294014
20181031104600,42450.0,42464.60193991661
20181031104700,42437.5,42447.95812815428
20181031104800,42425.0,42426.87133848667
20181031104900,42425.0,42414.26128298044
20181031105000,42425.0,42410.02108901739
20181031105100,42512.5,42410.02108901739
20181031105200,42525.0,42468.63752305508
20181031105300,42562.5,42506.67778104544
20181031105400,42525.0,42536.04856878519
20181031105500,42537.5,42523.61572086811
20181031105600,42525.0,42519.29057687521
20181031105700,42525.0,42515.148121118546
20181031105800,42525.0,42510.91295108199
20181031105900,42512.5,42510.91295108199
20181031110000,42462.5,42502.536695450544
20181031110100,42425.0,42464.80426713824
20181031110200,42437.5,42422.74030074477
20181031110300,42425.0,42418.39140728116
20181031110400,42437.5,42414.26128298044
20181031110500,42425.0,42418.39140728116
20181031110600,42412.5,42414.26128298044
20181031110700,42412.5,42401.65077075362
20181031110800,42387.5,42397.41012006998
20181031110900,42375.0,42380.67313730717
20181031111000,42362.5,42363.821974396706
20181031111100,42375.0,42351.21283233166
20181031111200,42387.5,42355.335192382336
20181031111300,42387.5,42367.946161329746
20181031111400,42400.0,42372.18909561634
20181031111500,42425.0,42380.55713027716
20181031111600,42387.5,42401.537960767746
20181031111700,42362.5,42384.91470143199
20181031111800,42362.5,42355.45622333884
20181031111900,42337.5,42346.96898460388
20181031112000,42312.5,42330.2402228117
20181031112100,42325.0,42305.02559244633
20181031112200,42337.5,42304.89497035742
20181031112300,42312.5,42317.50456914306
20181031112400,42262.5,42305.02559244633
20181031112500,42200.0,42263.09635862708
20181031112600,42212.5,42204.332403838634
20181031112700,42212.5,42191.43096059561
20181031112800,42212.5,42195.68211585283
20181031112900,42225.0,42195.68211585283
20181031113000,42150.0,42204.03553545475
20181031113100,42112.5,42158.18581208587
20181031113200,42112.5,42107.634150236845
20181031113300,42087.5,42094.868353009224
20181031113400,42050.0,42078.18480655551
20181031113500,41987.5,42044.6564912796
20181031113600,41975.0,41990.21859392524
20181031113700,41975.0,41960.59067249298
20181031113800,41962.5,41956.32946938276
20181031113900,41962.5,41948.002311214805
20181031114000,41975.0,41943.740651383996
20181031114100,41962.5,41952.067809551954
20181031114200,41962.5,41948.002311214805
20181031114300,41950.0,41943.740651383996
20181031114400,42000.0,41935.41486337781
20181031114500,42025.0,41964.46411982179
20181031114600,42037.5,41998.17466661334
20181031114700,42012.5,42015.029026567936
20181031114800,42012.5,42002.62129828334
20181031114900,42012.5,41994.10208910704
20181031115000,41987.5,41994.10208910704
20181031115100,41962.5,41977.44046524167
20181031115200,41962.5,41952.26374268532
20181031115300,41962.5,41943.740651383996
20181031115400,41962.5,41943.740651383996
20181031115500,41962.5,41943.740651383996
20181031115600,41975.0,41943.740651383996
20181031115700,41962.5,41952.067809551954
20181031115800,41887.5,41948.002311214805
20181031115900,41850.0,41893.80875937641
20181031120000,41762.5,41843.28450076282
20181031120100,41750.0,41772.34163470566
20181031120200,41850.0,41734.17463675141
20181031120300,41850.0,41796.34960927069
20181031120400,41862.5,41830.489245057106
20181031120500,41912.5,41838.80270160735
20181031120600,41875.0,41876.33691318333
20181031120700,41850.0,41868.44135597348
20181031120800,41862.5,41839.01987224817
20181031120900,41875.0,41838.80270160735
20181031121000,41887.5,41851.38329863548
20181031121100,41887.5,41863.9648091048
20181031121200,41875.0,41868.22943761945
20181031121300,41937.5,41859.91301238537
20181031121400,41950.0,41897.2458101809
20181031121500,41912.5,41926.889945194125
20181031121600,41912.5,41906.18428885937
20181031121700,41900.0,41893.39542724192
20181031121800,41937.5,41885.07580496371
20181031121900,41900.0,41905.7750672102
20181031122000,41900.0,41893.60232166946
20181031122100,41937.5,41880.81208989024
20181031122200,41962.5,41905.7750672102
20181031122300,41962.5,41935.21573320031
20181031122400,41987.5,41943.740651383996
20181031122500,42025.0,41960.39656624198
20181031122600,42075.0,41993.91392022371
20181031122700,42037.5,42040.040872991085
20181031122800,41975.0,42032.063791155815
20181031122900,41975.0,41977.63137444854
20181031123000,41987.5,41956.32946938276
20181031123100,41962.5,41964.65822607279
20181031123200,41925.0,41952.26374268532
20181031123300,41937.5,41918.76808293164
20181031123400,41937.5,41914.302725717425
20181031123500,41925.0,41918.56552734971
20181031123600,41925.0,41910.24316474795
20181031123700,41925.0,41905.98013475537
20181031123800,41925.0,41905.98013475537
20181031123900,41937.5,41905.98013475537
20181031124000,41987.5,41914.302725717425
20181031124100,41975.0,41951.871419698
20181031124200,41987.5,41960.59067249298
20181031124300,41975.0,41964.65822607279
20181031124400,41962.5,41960.59067249298
20181031124500,41975.0,41948.002311214805
20181031124600,41975.0,41952.067809551954
20181031124700,41975.0,41956.32946938276
20181031124800,41987.5,41956.32946938276
20181031124900,41987.5,41964.65822607279
20181031125000,41987.5,41968.919429183006
20181031125100,41912.5,41968.919429183006
20181031125200,41862.5,41918.96949671209
20181031125300,41875.0,41860.12607254088
20181031125400,41887.5,41851.38329863548
20181031125500,41887.5,41863.9648091048
20181031125600,41875.0,41868.22943761945
20181031125700,41887.5,41859.91301238537
20181031125800,41862.5,41863.9648091048
20181031125900,41862.5,41851.598185673356
20181031130000,41837.5,41843.06847192347
20181031130100,41837.5,41826.44315734506
20181031130200,41825.0,41817.911845073104
20181031130300,41837.5,41809.60204228759
20181031130400,41812.5,41813.645389676094
20181031130500,41837.5,41801.29338130355
20181031130600,41837.5,41809.37870591879
20181031130700,41837.5,41817.911845073104
20181031130800,41825.0,41817.911845073104
20181031130900,41825.0,41809.60204228759
20181031131000,41837.5,41805.33558689058
20181031131100,41800.0,41813.645389676094
20181031131200,41787.5,41792.98677556217
20181031131300,41787.5,41771.88194543123
20181031131400,41787.5,41767.61480495334
20181031131500,41762.5,41767.61480495334
20181031131600,41775.0,41751.009814441204
20181031131700,41775.0,41750.775745138526
20181031131800,41775.0,41755.0437990576
20181031131900,41787.5,41755.0437990576
20181031132000,41837.5,41763.346979394555
20181031132100,41850.0,41800.84396824241
20181031132200,41837.5,41826.22347474098
20181031132300,41837.5,41822.17784374952
20181031132400,41812.5,41817.911845073104
20181031132500,41837.5,41801.29338130355
20181031132600,41837.5,41809.37870591879
20181031132700,41850.0,41817.911845073104
20181031132800,41875.0,41826.22347474098
20181031132900,41912.5,41847.11752831936
20181031133000,41925.0,41880.60245513916
20181031133100,41912.5,41901.7166480422
20181031133200,41900.0,41897.65891395509
20181031133300,41937.5,41885.07580496371
20181031133400,41950.0,41905.7750672102
20181031133500,41950.0,41926.889945194125
20181031133600,41925.0,41931.15274682641
20181031133700,41937.5,41914.50573801994
20181031133800,41925.0,41914.302725717425
20181031133900,41925.0,41910.24316474795
20181031134000,41887.5,41905.98013475537
20181031134100,41875.0,41881.02103956044
20181031134200,41875.0,41859.91301238537
20181031134300,41875.0,41855.648612231016
20181031134400,41875.0,41855.648612231016
20181031134500,41887.5,41855.648612231016
20181031134600,41887.5,41863.9648091048
20181031134700,41887.5,41868.22943761945
20181031134800,41912.5,41868.22943761945
20181031134900,41925.0,41884.86708365381
20181031135000,41937.5,41901.7166480422
20181031135100,41937.5,41914.302725717425
20181031135200,41925.0,41918.56552734971
20181031135300,41937.5,41910.24316474795
20181031135400,41925.0,41914.302725717425
20181031135500,41912.5,41910.24316474795
20181031135600,41925.0,41897.65891395509
20181031135700,41950.0,41901.7166480422
20181031135800,41975.0,41922.626915201545
20181031135900,41962.5,41947.805236279964
20181031140000,41950.0,41948.002311214805
20181031140100,41925.0,41935.41486337781
20181031140200,41950.0,41914.50573801994
20181031140300,41950.0,41922.626915201545
20181031140400,41962.5,41931.15274682641
20181031140500,41962.5,41939.4783064723
20181031140600,41925.0,41943.740651383996
20181031140700,41925.0,41918.76808293164
20181031140800,41962.5,41905.98013475537
20181031140900,41962.5,41930.952474847436
20181031141000,41987.5,41943.740651383996
20181031141100,41975.0,41960.39656624198
20181031141200,41975.0,41960.59067249298
20181031141300,41975.0,41956.32946938276
20181031141400,41975.0,41956.32946938276
20181031141500,41962.5,41956.32946938276
20181031141600,42000.0,41948.002311214805
20181031141700,42025.0,41968.72669309378
20181031141800,42062.5,41998.17466661334
20181031141900,42075.0,42031.70206844807
20181031142000,42075.0,42052.8167180717
20181031142100,42075.0,42057.07472413778
20181031142200,42037.5,42057.07472413778
20181031142300,42000.0,42032.063791155815
20181031142400,42012.5,41994.28980126977
20181031142500,42037.5,41989.841799438
20181031142600,42025.0,42010.76919361949
20181031142700,42050.0,42010.95416545868
20181031142800,42062.5,42023.36509078741
20181031142900,42075.0,42040.2199074626
20181031143000,42050.0,42052.8167180717
20181031143100,42062.5,42040.3993986547
20181031143200,42075.0,42040.2199074626
20181031143300,42087.5,42052.8167180717
20181031143400,42125.0,42065.41444212198
20181031143500,42212.5,42094.698909670115
20181031143600,42200.0,42165.90941399336
20181031143700,42150.0,42187.33052313328
20181031143800,42187.5,42149.682131409645
20181031143900,42150.0,42157.71493315697
20181031144000,42137.5,42145.42960599065
20181031144100,42150.0,42124.322263896465
20181031144200,42125.0,42128.414023667574
20181031144300,42125.0,42115.97752198577
20181031144400,42112.5,42107.46744722128
20181031144500,42112.5,42099.124075472355
20181031144600,42112.5,42094.868353009224
20181031144700,42162.5,42094.868353009224
20181031144800,42137.5,42128.25097441673
20181031144900,42137.5,42128.576616197824
20181031145000,42137.5,42120.067911595106
20181031145100,42150.0,42120.067911595106
20181031145200,42150.0,42128.414023667574
20181031145300,42175.0,42132.66837596893
20181031145400,42187.5,42149.364710599184
20181031145500,42175.0,42166.22181087732
20181031145600,42187.5,42162.12502717972
20181031145700,42175.0,42166.22181087732
20181031145800,42187.5,42162.12502717972
20181031145900,42162.5,42166.22181087732
20181031150000,42162.5,42153.7766315043
20181031150100,42187.5,42145.27021050453
20181031150200,42162.5,42161.968828737736
20181031150300,42187.5,42153.7766315043
20181031150400,42212.5,42161.968828737736
20181031150500,42187.5,42187.17843517661
20181031150600,42162.5,42178.97938713431
20181031150700,42175.0,42153.7766315043
20181031150800,42200.0,42153.61906290054
20181031150900,42250.0,42174.57340359688
20181031151000,42250.0,42216.494873166084
20181031151100,42250.0,42233.49766731262
20181031151200,42275.0,42233.49766731262
20181031151300,42275.0,42250.21272748709
20181031151400,42250.0,42258.71047079563
20181031151500,42262.5,42241.99632406235
20181031151600,42287.5,42241.85428395867
20181031151700,42262.5,42262.820956110954
20181031151800,42300.0,42254.60135564208
20181031151900,42312.5,42271.18076980114
20181031153000,42400.0,42292.28628501296
20181031153500,42400.0,42355.09176030755
20181101090000,42475.0,42384.79915112257
20181101090100,42550.0,42435.028824955225
20181101090200,42687.5,42510.72615236044
20181101090300,42862.5,42628.357280790806
20181101090400,42825.0,42792.35194325447
20181101090500,42787.5,42826.22234225273
20181101090600,42750.0,42788.40359374881
20181101090700,42687.5,42750.58164820075
20181101090800,42700.0,42695.98572552204
20181101090900,42662.5,42683.253725618124
20181101091000,42575.0,42662.32222095132
20181101091100,42550.0,42590.972416847944
20181101091200,42525.0,42544.60294544697
20181101091300,42525.0,42519.38192099333
20181101091400,42537.5,42510.91295108199
20181101091500,42550.0,42519.29057687521
20181101091600,42537.5,42531.90337270498
20181101091700,42537.5,42527.759090065956
20181101091800,42562.5,42523.52529019117
20181101091900,42500.0,42540.28236865997
20181101092000,42500.0,42506.86503648758
20181101092100,42512.5,42485.68918630481
20181101092200,42512.5,42494.064985215664
20181101092300,42525.0,42498.3010686934
20181101092400,42525.0,42506.67778104544
20181101092500,42450.0,42510.91295108199
20181101092600,42350.0,42460.66911891103
20181101092700,42312.5,42368.300576508045
20181101092800,42337.5,42309.270810335875
20181101092900,42375.0,42313.25843781233
20181101093000,42362.5,42346.84612676501
20181101093100,42362.5,42351.21283233166
20181101093200,42362.5,42346.96898460388
20181101093300,42362.5,42346.96898460388
20181101093400,42312.5,42346.96898460388
20181101093500,42237.5,42313.51557150483
20181101093600,42200.0,42246.38495221734
20181101093700,42212.5,42195.83237692714
20181101093800,42200.0,42191.43096059561
20181101093900,42250.0,42187.33052313328
20181101094000,42300.0,42216.494873166084
20181101094100,42237.5,42266.93189814687
20181101094200,42237.5,42242.13745072484
20181101094300,42275.0,42220.8921790123
20181101094400,42287.5,42245.96248567104
20181101094500,42275.0,42267.069371044636
20181101094600,42262.5,42262.95888572931
20181101094700,42225.0,42250.35248398781
20181101094800,42200.0,42221.03741616011
20181101094900,42162.5,42191.5816783905
20181101095000,42175.0,42158.029156923294
20181101095100,42162.5,42153.61906290054
20181101095200,42200.0,42149.52364936471
20181101095300,42237.5,42170.31950801611
20181101095400,42300.0,42208.13871324062
20181101095500,42287.5,42262.682113051414
20181101095600,42275.0,42275.56528747082
20181101095700,42287.5,42262.95888572931
20181101095800,42350.0,42267.069371044636
20181101095900,42387.5,42313.12964260578
20181101100000,42412.5,42359.458465874195
20181101100100,42387.5,42388.926078379154
20181101100200,42387.5,42380.67313730717
20181101100300,42387.5,42372.18909561634
20181101100400,42375.0,42372.18909561634
20181101100500,42375.0,42363.821974396706
20181101100600,42400.0,42359.57904011011
20181101100700,42425.0,42376.31419599056
20181101100800,42412.5,42401.537960767746
20181101100900,42437.5,42401.65077075362
20181101101000,42475.0,42414.15075659752
20181101101100,42475.0,42447.74986356497
20181101101200,42450.0,42460.465878248215
20181101101300,42412.5,42443.72067451477
20181101101400,42450.0,42410.131615400314
20181101101500,42462.5,42422.52244502306
20181101101600,42462.5,42443.615628778934
20181101101700,42475.0,42447.85445258021
20181101101800,42500.0,42456.22796788812
20181101101900,42575.0,42477.215649187565
20181101102000,42637.5,42535.959508270025
20181101102100,42662.5,42603.27281579375
20181101102200,42675.0,42641.190215945244
20181101102300,42725.0,42658.02950412035
20181101102400,42762.5,42695.80486416817
20181101102500,42762.5,42737.867003679276
20181101102600,42762.5,42750.530495494604
20181101102700,42775.0,42750.530495494604
20181101102800,42762.5,42758.92090946436
20181101102900,42725.0,42754.75059375167
20181101103000,42712.5,42725.36564767361
20181101103100,42687.5,42704.312655329704
20181101103200,42637.5,42683.316296339035
20181101103300,42612.5,42641.329972445965
20181101103400,42637.5,42607.65596330166
20181101103500,42675.0,42615.96371084452
20181101103600,42700.0,42649.5756059885
20181101103700,42725.0,42679.02860343456
20181101103800,42687.5,42704.25328165293
20181101103900,42637.5,42687.540048360825
20181101104000,42625.0,42641.329972445965
20181101104100,42675.0,42616.03815630078
20181101104200,42675.0,42645.3477434814
20181101104300,42662.5,42662.25599646568
20181101104400,42687.5,42653.871063143015
20181101104500,42675.0,42666.41580760479
20181101104600,42650.0,42666.481575369835
20181101104700,42612.5,42645.48704326153
20181101104800,42625.0,42611.884739249945
20181101104900,42637.5,42607.58014768362
20181101105000,42687.5,42620.19294351339
20181101105100,42712.5,42657.96236619353
20181101105200,42712.5,42691.641399264336
20181101105300,42712.5,42700.089360028505
20181101105400,42712.5,42700.089360028505
20181101105500,42725.0,42700.089360028505
20181101105600,42787.5,42708.47703367472
20181101105700,42850.0,42754.64965850115
20181101105800,42850.0,42817.71181076765
20181101105900,42800.0,42838.7917496264
20181101110000,42775.0,42805.22598326206
20181101110100,42775.0,42771.57846391201
20181101110200,42775.0,42763.14055100083
20181101110300,42762.5,42763.14055100083
20181101110400,42762.5,42754.75059375167
20181101110500,42787.5,42750.530495494604
20181101110600,42750.0,42767.311323434114
20181101110700,42687.5,42750.58164820075
20181101110800,42700.0,42695.98572552204
20181101110900,42725.0,42683.253725618124
20181101111000,42737.5,42704.25328165293
20181101111100,42712.5,42721.08800262213
20181101111200,42725.0,42708.53549391031
20181101111300,42712.5,42708.47703367472
20181101111400,42712.5,42704.312655329704
20181101111500,42712.5,42700.089360028505
20181101111600,42700.0,42700.089360028505
20181101111700,42675.0,42691.702599823475
20181101111800,42650.0,42670.706697553396
20181101111900,42587.5,42645.48704326153
20181101112000,42587.5,42595.12309357524
20181101112100,42575.0,42573.97373318672
20181101112200,42587.5,42565.59336706996
20181101112300,42575.0,42569.7417601943
20181101112400,42550.0,42565.59336706996
20181101112500,42537.5,42544.60294544697
20181101112600,42525.0,42527.759090065956
20181101112700,42500.0,42515.148121118546
20181101112800,42500.0,42494.16089653969
20181101112900,42512.5,42485.68918630481
20181101113000,42500.0,42494.064985215664
20181101113100,42537.5,42489.92526978254
20181101113200,42512.5,42510.8202368021
20181101113300,42525.0,42506.7718654871
20181101113400,42512.5,42506.67778104544
20181101113500,42500.0,42502.536695450544
20181101113600,42512.5,42489.92526978254
20181101113700,42525.0,42494.064985215664
20181101113800,42512.5,42506.67778104544
20181101113900,42525.0,42502.536695450544
20181101114000,42475.0,42506.67778104544
20181101114100,42475.0,42477.4129524827
20181101114200,42475.0,42460.465878248215
20181101114300,42475.0,42460.465878248215
20181101114400,42475.0,42460.465878248215
20181101114500,42487.5,42460.465878248215
20181101114600,42487.5,42468.8403069973
20181101114700,42475.0,42473.07776063681
20181101114800,42462.5,42464.70333188772
20181101114900,42475.0,42452.0928196609
20181101115000,42462.5,42456.22796788812
20181101115100,42475.0,42452.0928196609
20181101115200,42512.5,42456.22796788812
20181101115300,42537.5,42485.59144809842
20181101115400,42562.5,42515.055863559246
20181101115500,42575.0,42540.28236865997
20181101115600,42587.5,42557.12896436453
20181101115700,42587.5,42569.7417601943
20181101115800,42587.5,42573.97373318672
20181101115900,42562.5,42573.97373318672
20181101120000,42562.5,42557.21391439438
20181101120100,42562.5,42548.74951168895
20181101120200,42575.0,42548.74951168895
20181101120300,42550.0,42557.12896436453
20181101120400,42512.5,42544.60294544697
20181101120500,42537.5,42511.00612208247
20181101120600,42537.5,42515.055863559246
20181101120700,42525.0,42523.52529019117
20181101120800,42512.5,42515.148121118546
20181101120900,42525.0,42502.536695450544
20181101121000,42537.5,42506.67778104544
20181101121100,42537.5,42519.29057687521
20181101121200,42550.0,42523.52529019117
20181101121300,42562.5,42531.90337270498
20181101121400,42562.5,42544.516168534756
20181101121500,42575.0,42548.74951168895
20181101121600,42562.5,42557.12896436453
20181101121700,42575.0,42552.98194140196
20181101121800,42575.0,42557.12896436453
20181101121900,42575.0,42561.36139407754
20181101122000,42550.0,42561.36139407754
20181101122100,42525.0,42544.60294544697
20181101122200,42512.5,42519.38192099333
20181101122300,42512.5,42502.536695450544
20181101122400,42525.0,42498.3010686934
20181101122500,42512.5,42506.67778104544
20181101122600,42550.0,42502.536695450544
20181101122700,42575.0,42523.433946073055
20181101122800,42587.5,42552.89607793093
20181101122900,42575.0,42569.7417601943
20181101123000,42587.5,42565.59336706996
20181101123100,42625.0,42569.7417601943
20181101123200,42687.5,42599.119855463505
20181101123300,42687.5,42653.73450368643
20181101123400,42637.5,42674.86696541309
20181101123500,42637.5,42641.329972445965
20181101123600,42612.5,42624.42126274109
20181101123700,42562.5,42607.65596330166
20181101123800,42600.0,42565.67603349686
20181101123900,42625.0,42573.891523480415
20181101124000,42612.5,42603.35045829415
20181101124100,42675.0,42603.42718735337
20181101124200,42675.0,42641.1194242537
20181101124300,42675.0,42662.25599646568
20181101124400,42687.5,42662.25599646568
20181101124500,42675.0,42670.64184322953
20181101124600,42662.5,42666.481575369835
20181101124700,42650.0,42653.871063143015
20181101124800,42625.0,42641.260550916195
20181101124900,42625.0,42620.26647552848
20181101125000,42637.5,42611.8093803525
20181101125100,42612.5,42620.19294351339
20181101125200,42612.5,42607.65596330166
20181101125300,42625.0,42599.197497963905
20181101125400,42662.5,42607.58014768362
20181101125500,42662.5,42636.96189671755
20181101125600,42662.5,42649.64457079768
20181101125700,42637.5,42649.64457079768
20181101125800,42600.0,42632.8769877553
20181101125900,42562.5,42599.274683743715
20181101130000,42562.5,42561.44497394562
20181101130100,42562.5,42548.74951168895
20181101130200,42575.0,42548.74951168895
20181101130300,42550.0,42557.12896436453
20181101130400,42525.0,42544.60294544697
20181101130500,42562.5,42519.38192099333
20181101130600,42575.0,42536.04856878519
20181101130700,42600.0,42557.12896436453
20181101130800,42625.0,42578.123496472836
20181101130900,42625.0,42603.35045829415
20181101131000,42625.0,42611.8093803525
20181101131100,42612.5,42611.8093803525
20181101131200,42550.0,42603.42718735337
20181101131300,42525.0,42557.29840770364
20181101131400,42550.0,42519.38192099333
20181101131500,42562.5,42527.66911610961
20181101131600,42575.0,42544.516168534756
20181101131700,42550.0,42557.12896436453
20181101131800,42525.0,42544.60294544697
20181101131900,42512.5,42519.38192099333
20181101132000,42600.0,42502.536695450544
20181101132100,42625.0,42556.95815086365
20181101132200,42612.5,42603.35045829415
20181101132300,42587.5,42603.42718735337
20181101132400,42587.5,42582.43493884802
20181101132500,42575.0,42573.97373318672
20181101132600,42537.5,42565.59336706996
20181101132700,42525.0,42536.22577637434
20181101132800,42600.0,42515.148121118546
20181101132900,42625.0,42561.19195073843
20181101133000,42612.5,42603.35045829415
20181101133100,42612.5,42603.42718735337
20181101133200,42600.0,42599.197497963905
20181101133300,42600.0,42590.81576168537
20181101133400,42625.0,42586.58561557531
20181101133500,42612.5,42603.35045829415
20181101133600,42612.5,42603.42718735337
20181101133700,42612.5,42599.197497963905
20181101133800,42612.5,42599.197497963905
20181101133900,42612.5,42599.197497963905
20181101134000,42625.0,42599.197497963905
20181101134100,42625.0,42607.58014768362
20181101134200,42625.0,42611.8093803525
20181101134300,42625.0,42611.8093803525
20181101134400,42612.5,42611.8093803525
20181101134500,42575.0,42603.42718735337
20181101134600,42562.5,42574.05502945185
20181101134700,42600.0,42552.98194140196
20181101134800,42625.0,42573.891523480415
20181101134900,42650.0,42603.35045829415
20181101135000,42675.0,42628.57696339488
20181101135100,42662.5,42653.80301177502
20181101135200,42662.5,42653.871063143015
20181101135300,42662.5,42649.64457079768
20181101135400,42662.5,42649.64457079768
20181101135500,42612.5,42649.64457079768
20181101135600,42575.0,42616.11260175705
20181101135700,42600.0,42574.05502945185
20181101135800,42612.5,42578.123496472836
20181101135900,42612.5,42594.96735185385
20181101140000,42612.5,42599.197497963905
20181101140100,42587.5,42599.197497963905
20181101140200,42562.5,42582.43493884802
20181101140300,42562.5,42557.21391439438
20181101140400,42575.0,42548.74951168895
20181101140500,42512.5,42557.12896436453
20181101140600,42475.0,42519.47326511145
20181101140700,42512.5,42473.177325725555
20181101140800,42537.5,42485.59144809842
20181101140900,42562.5,42515.055863559246
20181101141000,42525.0,42540.28236865997
20181101141100,42475.0,42523.61572086811
20181101141200,42475.0,42477.4129524827
20181101141300,42475.0,42460.465878248215
20181101141400,42500.0,42460.465878248215
20181101141500,42500.0,42477.215649187565
20181101141600,42475.0,42485.68918630481
20181101141700,42462.5,42468.94078552723
20181101141800,42462.5,42452.0928196609
20181101141900,42462.5,42447.85445258021
20181101142000,42462.5,42447.85445258021
20181101142100,42500.0,42447.85445258021
20181101142200,42550.0,42472.97728210688
20181101142300,42562.5,42519.1987760365
20181101142400,42575.0,42544.516168534756
20181101142500,42587.5,42557.12896436453
20181101142600,42587.5,42569.7417601943
20181101142700,42575.0,42573.97373318672
20181101142800,42587.5,42565.59336706996
20181101142900,42587.5,42569.7417601943
20181101143000,42550.0,42573.97373318672
20181101143100,42512.5,42548.83537515998
20181101143200,42487.5,42511.00612208247
20181101143300,42512.5,42481.55084103346
20181101143400,42512.5,42489.82844501734
20181101143500,42525.0,42498.3010686934
20181101143600,42537.5,42506.67778104544
20181101143700,42512.5,42519.29057687521
20181101143800,42512.5,42506.7718654871
20181101143900,42525.0,42498.3010686934
20181101144000,42525.0,42506.67778104544
20181101144100,42500.0,42510.91295108199
20181101144200,42475.0,42494.16089653969
20181101144300,42512.5,42468.94078552723
20181101144400,42500.0,42485.59144809842
20181101144500,42487.5,42489.92526978254
20181101144600,42525.0,42477.31430083513
20181101144700,42512.5,42498.205614089966
20181101144800,42525.0,42502.536695450544
20181101144900,42550.0,42506.67778104544
20181101145000,42512.5,42527.66911610961
20181101145100,42512.5,42511.00612208247
20181101145200,42525.0,42498.3010686934
20181101145300,42512.5,42506.67778104544
20181101145400,42512.5,42502.536695450544
20181101145500,42525.0,42498.3010686934
20181101145600,42537.5,42506.67778104544
20181101145700,42525.0,42519.29057687521
20181101145800,42512.5,42515.148121118546
20181101145900,42537.5,42502.536695450544
20181101150000,42500.0,42515.055863559246
20181101150100,42462.5,42498.39652329683
20181101150200,42387.5,42460.56772693992
20181101150300,42312.5,42397.63574004173
20181101150400,42300.0,42322.00372368097
20181101150500,42312.5,42288.17214593291
20181101150600,42350.0,42292.28628501296
20181101150700,42300.0,42321.62281870842
20181101150800,42275.0,42300.91008320451
20181101150900,42225.0,42267.20638722181
20181101151000,42225.0,42225.28674453497
20181101151100,42225.0,42208.286690711975
20181101151200,42237.5,42208.286690711975
20181101151300,42250.0,42216.641480475664
20181101151400,42262.5,42229.24788221717
20181101151500,42275.0,42241.85428395867
20181101151600,42287.5,42254.46159914136
20181101151700,42250.0,42267.069371044636
20181101151800,42212.5,42246.24473899603
20181101151900,42225.0,42208.43466818333
20181101153000,42150.0,42204.03553545475
20181101153500,42150.0,42158.18581208587
20181102090000,42962.5,42132.66837596893
20181102090100,42862.5,42677.594044059515
20181102090200,42887.5,42885.09042933583
20181102090300,42962.5,42868.187200278044
20181102090400,42937.5,42926.9895195961
20181102090500,42937.5,42935.448898375034
20181102090600,42937.5,42927.0333647728
20181102090700,42975.0,42927.0333647728
20181102090800,43000.0,42952.22333222628
20181102090900,42975.0,42981.63796514273
20181102091000,42987.5,42973.25440198183
20181102091100,42962.5,42973.24070036411
20181102091200,42925.0,42960.65302416682
20181102091300,42912.5,42927.054373919964
20181102091400,42887.5,42906.03380873799
20181102091500,42912.5,42885.03470942378
20181102091600,42962.5,42893.401830643415
20181102091700,42987.5,42935.40870696306
20181102091800,42925.0,42969.034303724766
20181102091900,42912.5,42935.46853736043
20181102092000,42950.0,42906.03380873799
20181102092100,42925.0,42927.01144218445
20181102092200,42937.5,42922.846150398254
20181102092300,42950.0,42922.824227809906
20181102092400,42975.0,42935.42880266905
20181102092500,42925.0,42956.430642306805
20181102092600,42925.0,42931.26168400049
20181102092700,42937.5,42914.428789913654
20181102092800,42937.5,42922.824227809906
20181102092900,42937.5,42927.0333647728
20181102093000,42950.0,42927.0333647728
20181102093100,42912.5,42935.42880266905
20181102093200,42887.5,42914.451625943184
20181102093300,42862.5,42885.03470942378
20181102093400,42875.0,42859.825102984905
20181102093500,42862.5,42859.79267582297
20181102093600,42862.5,42855.61231225729
20181102093700,42875.0,42851.399064809084
20181102093800,42837.5,42859.79267582297
20181102093900,42825.0,42838.827830553055
20181102094000,42825.0,42817.792193591595
20181102094100,42837.5,42813.575749099255
20181102094200,42812.5,42821.96844667196
20181102094300,42825.0,42809.40040946007
20181102094400,42825.0,42809.359304606915
20181102094500,42837.5,42813.575749099255
20181102094600,42862.5,42821.96844667196
20181102094700,42875.0,42842.97028630972
20181102094800,42875.0,42859.79267582297
20181102094900,42887.5,42864.00592327118
20181102095000,42887.5,42872.39999100566
20181102095100,42875.0,42876.612325012684
20181102095200,42887.5,42868.218257278204
20181102095300,42875.0,42872.39999100566
20181102095400,42887.5,42868.218257278204
20181102095500,42875.0,42872.39999100566
20181102095600,42887.5,42868.218257278204
20181102095700,42875.0,42872.39999100566
20181102095800,42875.0,42868.218257278204
20181102095900,42900.0,42864.00592327118
20181102100000,42925.0,42880.79497218132
20181102100100,42937.5,42906.00868910551
20181102100200,42900.0,42922.824227809906
20181102100300,42887.5,42901.848877966404
20181102100400,42887.5,42880.82420229912
20181102100500,42887.5,42876.612325012684
20181102100600,42875.0,42876.612325012684
20181102100700,42875.0,42868.218257278204
20181102100800,42887.5,42864.00592327118
20181102100900,42875.0,42872.39999100566
20181102101000,42887.5,42868.218257278204
20181102101100,42875.0,42872.39999100566
20181102101200,42875.0,42868.218257278204
20181102101300,42887.5,42864.00592327118
20181102101400,42900.0,42872.39999100566
20181102101500,42937.5,42885.006849467754
20181102101600,42937.5,42914.40504044294
20181102101700,42937.5,42927.0333647728
20181102101800,42962.5,42927.0333647728
20181102101900,42950.0,42943.82606744766
20181102102000,42962.5,42943.844336271286
20181102102100,42987.5,42948.03337752819
20181102102200,43012.5,42969.034303724766
20181102102300,43062.5,42994.24162656069
20181102102400,43100.0,43036.24439239502
20181102102500,43100.0,43078.24670150876
20181102102600,43100.0,43090.84077179432
20181102102700,43137.5,43090.84077179432
20181102102800,43125.0,43116.04124382138
20181102102900,43075.0,43120.22708803415
20181102103000,43050.0,43082.43711292744
20181102103100,43037.5,43048.84942397475
20181102103200,43012.5,43032.05078393221
20181102103300,42975.0,43011.05442494154
20181102103400,42975.0,42977.458971738815
20181102103500,43012.5,42964.8434355855
20181102103600,43037.5,42990.03660008311
20181102103700,43025.0,43019.445295631886
20181102103800,43012.5,43019.451689720154
20181102103900,43025.0,43006.85213878751
20181102104000,43075.0,43011.04711741209
20181102104100,43050.0,43048.84622693062
20181102104200,43037.5,43048.84942397475
20181102104300,43037.5,43032.05078393221
20181102104400,43037.5,43027.84986793995
20181102104500,43037.5,43027.84986793995
20181102104600,43062.5,43027.84986793995
20181102104700,43012.5,43044.64713782072
20181102104800,43012.5,43019.45762708783
20181102104900,43025.0,43002.648939192295
20181102105000,43012.5,43011.04711741209
20181102105100,43012.5,43006.85213878751
20181102105200,42962.5,43002.648939192295
20181102105300,42975.0,42969.06353384256
20181102105400,42987.5,42960.63749566674
20181102105500,42975.0,42973.24070036411
20181102105600,42987.5,42969.049375504255
20181102105700,43025.0,42973.24070036411
20181102105800,43037.5,43002.63980478048
20181102105900,43037.5,43023.64803850651
20181102110000,43025.0,43027.84986793995
20181102110100,43025.0,43019.451689720154
20181102110200,43025.0,43015.24986028671
20181102110300,43012.5,43015.24986028671
20181102110400,42987.5,43006.85213878751
20181102110500,42975.0,42985.85486635566
20181102110600,42962.5,42969.049375504255
20181102110700,42975.0,42956.447084248066
20181102110800,42975.0,42960.63749566674
20181102110900,42975.0,42964.8434355855
20181102111000,42975.0,42964.8434355855
20181102111100,42975.0,42964.8434355855
20181102111200,42975.0,42964.8434355855
20181102111300,42987.5,42964.8434355855
20181102111400,42987.5,42973.24070036411
20181102111500,42987.5,42977.44572684169
20181102111600,42987.5,42977.44572684169
20181102111700,42987.5,42977.44572684169
20181102111800,42987.5,42977.44572684169
20181102111900,42975.0,42977.44572684169
20181102112000,42950.0,42969.049375504255
20181102112100,42937.5,42948.051189631224
20181102112200,42925.0,42931.241588294506
20181102112300,42925.0,42918.637470155954
20181102112400,42950.0,42914.428789913654
20181102112500,42975.0,42931.22057914734
20181102112600,42987.5,42956.430642306805
20181102112700,42975.0,42973.24070036411
20181102112800,42962.5,42969.049375504255
20181102112900,42987.5,42956.447084248066
20181102113000,42975.0,42969.034303724766
20181102113100,42975.0,42969.049375504255
20181102113200,42975.0,42964.8434355855
20181102113300,42975.0,42964.8434355855
20181102113400,42987.5,42964.8434355855
20181102113500,42987.5,42973.24070036411
20181102113600,42975.0,42977.44572684169
20181102113700,42962.5,42969.049375504255
20181102113800,42987.5,42956.447084248066
20181102113900,42962.5,42969.034303724766
20181102114000,42962.5,42960.65302416682
20181102114100,42987.5,42952.24068760872
20181102114200,42962.5,42969.034303724766
20181102114300,42962.5,42960.65302416682
20181102114400,42975.0,42952.24068760872
20181102114500,42975.0,42960.63749566674
20181102114600,42975.0,42964.8434355855
20181102114700,42962.5,42964.8434355855
20181102114800,42975.0,42956.447084248066
20181102114900,42962.5,42960.63749566674
20181102115000,42975.0,42956.447084248066
20181102115100,42987.5,42960.63749566674
20181102115200,42987.5,42973.24070036411
20181102115300,42987.5,42977.44572684169
20181102115400,42975.0,42977.44572684169
20181102115500,42975.0,42969.049375504255
20181102115600,42975.0,42964.8434355855
20181102115700,42962.5,42964.8434355855
20181102115800,42987.5,42956.447084248066
20181102115900,42987.5,42969.034303724766
20181102120000,42975.0,42977.44572684169
20181102120100,42987.5,42969.049375504255
20181102120200,42975.0,42973.24070036411
20181102120300,42987.5,42969.049375504255
20181102120400,42987.5,42973.24070036411
20181102120500,42975.0,42977.44572684169
20181102120600,42975.0,42969.049375504255
20181102120700,42975.0,42964.8434355855
20181102120800,42975.0,42964.8434355855
20181102120900,42987.5,42964.8434355855
20181102121000,42987.5,42973.24070036411
20181102121100,42975.0,42977.44572684169
20181102121200,42975.0,42969.049375504255
20181102121300,42962.5,42964.8434355855
20181102121400,42975.0,42956.447084248066
20181102121500,42975.0,42960.63749566674
20181102121600,42975.0,42964.8434355855
20181102121700,42987.5,42964.8434355855
20181102121800,42987.5,42973.24070036411
20181102121900,42975.0,42977.44572684169
20181102122000,42975.0,42969.049375504255
20181102122100,42962.5,42964.8434355855
20181102122200,42975.0,42956.447084248066
20181102122300,42975.0,42960.63749566674
20181102122400,42987.5,42964.8434355855
20181102122500,42987.5,42973.24070036411
20181102122600,42975.0,42977.44572684169
20181102122700,42975.0,42969.049375504255
20181102122800,42975.0,42964.8434355855
20181102122900,42975.0,42964.8434355855
20181102123000,42962.5,42964.8434355855
20181102123100,42987.5,42956.447084248066
20181102123200,42975.0,42969.034303724766
20181102123300,42987.5,42969.049375504255
20181102123400,42962.5,42973.24070036411
20181102123500,42975.0,42960.65302416682
20181102123600,42962.5,42960.63749566674
20181102123700,42987.5,42956.447084248066
20181102123800,42987.5,42969.034303724766
20181102123900,42975.0,42977.44572684169
20181102124000,42962.5,42969.049375504255
20181102124100,42987.5,42956.447084248066
20181102124200,42975.0,42969.034303724766
20181102124300,42975.0,42969.049375504255
20181102124400,42975.0,42964.8434355855
20181102124500,42987.5,42964.8434355855
20181102124600,42962.5,42973.24070036411
20181102124700,42962.5,42960.65302416682
20181102124800,42987.5,42952.24068760872
20181102124900,42975.0,42969.034303724766
20181102125000,42975.0,42969.049375504255
20181102125100,42987.5,42964.8434355855
20181102125200,42975.0,42973.24070036411
20181102125300,42975.0,42969.049375504255
20181102125400,42987.5,42964.8434355855
20181102125500,42987.5,42973.24070036411
20181102125600,42987.5,42977.44572684169
20181102125700,42987.5,42977.44572684169
20181102125800,42987.5,42977.44572684169
20181102125900,42962.5,42977.44572684169
20181102130000,42975.0,42960.65302416682
20181102130100,42987.5,42960.63749566674
20181102130200,42975.0,42973.24070036411
20181102130300,42987.5,42969.049375504255
20181102130400,43025.0,42973.24070036411
20181102130500,43037.5,43002.63980478048
20181102130600,43037.5,43023.64803850651
20181102130700,43037.5,43027.84986793995
20181102130800,43025.0,43027.84986793995
20181102130900,43037.5,43019.451689720154
20181102131000,43062.5,43023.64803850651
20181102131100,43087.5,43044.64713782072
20181102131200,43075.0,43069.84623968601
20181102131300,43087.5,43069.84486952424
20181102131400,43075.0,43074.04532879591
20181102131500,43087.5,43069.84486952424
20181102131600,43062.5,43074.04532879591
20181102131700,43087.5,43061.446234583855
20181102131800,43087.5,43069.84623968601
20181102131900,43075.0,43078.243504464626
20181102132000,43075.0,43069.84486952424
20181102132100,43087.5,43065.64623713493
20181102132200,43100.0,43074.04532879591
20181102132300,43100.0,43086.64305284619
20181102132400,43087.5,43090.84077179432
20181102132500,43112.5,43082.44122341275
20181102132600,43137.5,43095.04305794835
20181102132700,43125.0,43120.236679166555
20181102132800,43125.0,43120.22708803415
20181102132900,43137.5,43116.03165268898
20181102133000,43137.5,43124.43211451173
20181102133100,43137.5,43128.62617969513
20181102133200,43125.0,43128.62617969513
20181102133300,43125.0,43120.22708803415
20181102133400,43137.5,43116.03165268898
20181102133500,43150.0,43124.43211451173
20181102133600,43187.5,43137.02709823847
20181102133700,43187.5,43166.423919051886
20181102133800,43250.0,43178.99880707264
20181102133900,43275.0,43221.00796699524
20181102134000,43225.0,43258.74861627817
20181102134100,43212.5,43233.515717089176
20181102134200,43237.5,43208.36822465062
20181102134300,43225.0,43220.982390642166
20181102134400,43237.5,43220.95681428909
20181102134500,43262.5,43225.17051845789
20181102134600,43325.0,43246.16094008088
20181102134700,43375.0,43296.544528752565
20181102134800,43400.0,43351.063265651464
20181102134900,43412.5,43384.578336030245
20181102135000,43412.5,43401.33130401373
20181102135100,43400.0,43405.505273491144
20181102135200,43425.0,43397.103898227215
20181102135300,43437.5,43409.73313599825
20181102135400,43475.0,43426.48199349642
20181102135500,43512.5,43455.86008876562
20181102135600,43550.0,43493.57561841607
20181102135700,43600.0,43531.28155693412
20181102135800,43625.0,43577.37973630428
20181102135900,43662.5,43610.82264482975
20181102140000,43700.0,43644.33999881148
20181102140100,43712.5,43682.00574591756
20181102140200,43750.0,43702.86234840751
20181102140300,43762.5,43732.20984339714
20181102140400,43825.0,43753.05457115173
20181102140500,43825.0,43799.1915717721
20181102140600,43800.0,43819.90933120251
20181102140700,43800.0,43803.11708524823
20181102140800,43837.5,43794.82989013195
20181102140900,43812.5,43820.02077102661
20181102141000,43775.0,43815.65543562174
20181102141100,43775.0,43782.18101337552
20181102141200,43787.5,43769.7454251349
20181102141300,43812.5,43778.14268991351
20181102141400,43837.5,43799.08287227154
20181102141500,43862.5,43824.163683503866
20181102141600,43887.5,43849.23901408911
20181102141700,43900.0,43874.31023418903
20181102141800,43937.5,43890.98099246621
20181102141900,43937.5,43920.301540941
20181102142000,43912.5,43932.70470201969
20181102142100,43862.5,43915.9179367125
20181102142200,43812.5,43874.071826040745
20181102142300,43825.0,43823.938520252705
20181102142400,43912.5,43815.76687544584
20181102142500,43925.0,43878.68607416749
20181102142600,43925.0,43916.042621433735
20181102142700,43925.0,43920.17731294036
20181102142800,43912.5,43920.17731294036
20181102142900,43912.5,43911.78324520588
20181102143000,43925.0,43907.648096978664
20181102143100,43925.0,43916.042621433735
20181102143200,43937.5,43920.17731294036
20181102143300,43962.5,43928.57092395425
20181102143400,43987.5,43949.49238076806
20181102143500,43975.0,43974.54304844141
20181102143600,43975.0,43974.41151291132
20181102143700,43987.5,43970.28093189001
20181102143800,43987.5,43978.67362946272
20181102143900,43987.5,43982.80329704285
20181102144000,43950.0,43982.80329704285
20181102144100,43912.5,43957.627031207085
20181102144200,43900.0,43920.05171477795
20181102144300,43937.5,43899.253572523594
20181102144400,43900.0,43920.301540941
20181102144500,43862.5,43907.524782419205
20181102144600,43887.5,43869.93485093117
20181102144700,43875.0,43874.31023418903
20181102144800,43875.0,43874.19148683548
20181102144900,43850.0,43870.05359828472
20181102145000,43837.5,43853.26317921281
20181102145100,43837.5,43836.587853729725
20181102145200,43850.0,43832.44722485542
20181102145300,43887.5,43840.843119472265
20181102145400,43900.0,43870.171432197094
20181102145500,43887.5,43890.98099246621
20181102145600,43887.5,43886.72298640013
20181102145700,43887.5,43882.58601129055
20181102145800,43912.5,43882.58601129055
20181102145900,43925.0,43899.37597364187
20181102150000,43925.0,43916.042621433735
20181102150100,43937.5,43920.17731294036
20181102150200,43950.0,43928.57092395425
20181102150300,43950.0,43941.09831303358
20181102150400,44000.0,43945.23163437843
20181102150500,44050.0,43978.80516499281
20181102150600,44125.0,44028.8923420012
20181102150700,44100.0,44095.73933780193
20181102150800,44100.0,44103.68947312236
20181102150900,44087.5,44095.447950065136
20181102151000,44112.5,44087.05936297774
20181102151100,44112.5,44099.71554726362
20181102151200,44075.0,44107.957527041435
20181102151300,44075.0,44082.79267922044
20181102151400,44100.0,44070.42514234781
20181102151500,44137.5,44087.20414340496
20181102151600,44150.0,44120.614168047905
20181102151700,44187.5,44141.36024415493
20181102151800,44162.5,44170.639231055975
20181102151900,44175.0,44166.214065253735
20181102153000,44150.0,44166.368893533945
20181102153500,44150.0,44153.712252527475
20181105090000,43612.5,44145.4780369997
20181105090100,43587.5,43784.886169433594
20181105090200,43500.0,43589.7815272212
20181105090300,43537.5,43522.66506627202
20181105090400,43575.0,43518.713976442814
20181105090500,43475.0,43556.41352087259
20181105090600,43462.5,43501.70433148742
20181105090700,43537.5,43459.96874719858
20181105090800,43525.0,43506.21353387833
20181105090900,43512.5,43522.808476537466
20181105091000,43537.5,43510.242722928524
20181105091100,43550.0,43522.87926822901
20181105091200,43562.5,43539.60985690355
20181105091300,43537.5,43552.174697071314
20181105091400,43512.5,43539.53678160906
20181105091500,43512.5,43514.40801471472
20181105091600,43437.5,43506.07651770115
20181105091700,43412.5,43455.67557364702
20181105091800,43412.5,43413.8518422842
20181105091900,43387.5,43405.505273491144
20181105092000,43362.5,43388.702979683876
20181105092100,43287.5,43363.54954987764
20181105092200,43287.5,43304.792445898056
20181105092300,43312.5,43279.70295697451
20181105092400,43375.0,43296.50753438473
20181105092500,43337.5,43346.88427224755
20181105092600,43287.5,43342.57100299001
20181105092700,43262.5,43296.43171876669
20181105092800,43287.5,43262.90111988783
20181105092900,43300.0,43271.33583575487
20181105093000,43275.0,43288.104788959026
20181105093100,43262.5,43275.485142320395
20181105093200,43287.5,43258.71664583683
20181105093300,43300.0,43271.33583575487
20181105093400,43325.0,43288.104788959026
20181105093500,43325.0,43309.092013537884
20181105093600,43337.5,43317.45365411043
20181105093700,43312.5,43325.85548609495
20181105093800,43337.5,43313.232642412186
20181105093900,43300.0,43321.67512252927
20181105094000,43237.5,43304.83218058944
20181105094100,43212.5,43250.28512701392
20181105094200,43237.5,43212.555895745754
20181105094300,43250.0,43220.982390642166
20181105094400,43250.0,43237.75865137577
20181105094500,43225.0,43241.94540902972
20181105094600,43212.5,43225.143571943045
20181105094700,43212.5,43208.36822465062
20181105094800,43225.0,43204.17964011431
20181105094900,43200.0,43212.580558657646
20181105095000,43150.0,43199.96776282787
20181105095100,43125.0,43157.989659905434
20181105095200,43125.0,43124.421153217554
20181105095300,43137.5,43116.03165268898
20181105095400,43187.5,43124.43211451173
20181105095500,43150.0,43162.231224030256
20181105095600,43137.5,43153.798335045576
20181105095700,43125.0,43132.82070159912
20181105095800,43125.0,43120.22708803415
20181105095900,43150.0,43116.03165268898
20181105100000,43175.0,43132.83257633448
20181105100100,43137.5,43158.022543787956
20181105100200,43150.0,43141.20746180415
20181105100300,43175.0,43137.02709823847
20181105100400,43212.5,43158.022543787956
20181105100500,43237.5,43191.61068946123
20181105100600,43225.0,43220.982390642166
20181105100700,43187.5,43220.95681428909
20181105100800,43225.0,43191.567757725716
20181105100900,43237.5,43204.20293286443
20181105101000,43212.5,43225.17051845789
20181105101100,43162.5,43212.555895745754
20181105101200,43200.0,43170.57961970568
20181105101300,43175.0,43179.017532616854
20181105101400,43212.5,43174.78875666857
20181105101500,43237.5,43191.61068946123
20181105101600,43250.0,43220.982390642166
20181105101700,43187.5,43237.75865137577
20181105101800,43187.5,43199.944926798344
20181105101900,43175.0,43178.99880707264
20181105102000,43187.5,43170.5978885293
20181105102100,43187.5,43174.80793893337
20181105102200,43175.0,43178.99880707264
20181105102300,43175.0,43170.5978885293
20181105102400,43150.0,43166.407020390034
20181105102500,43162.5,43149.60655346513
20181105102600,43175.0,43149.62116852403
20181105102700,43187.5,43162.214782088995
20181105102800,43175.0,43174.80793893337
20181105102900,43162.5,43170.5978885293
20181105103000,43137.5,43158.006558567286
20181105103100,43137.5,43137.01431006193
20181105103200,43175.0,43128.62617969513
20181105103300,43187.5,43153.829392045736
20181105103400,43137.5,43174.80793893337
20181105103500,43087.5,43145.39970010519
20181105103600,43012.5,43095.030726492405
20181105103700,43012.5,43027.85808891058
20181105103800,43025.0,43002.648939192295
20181105103900,43037.5,43011.04711741209
20181105104000,43000.0,43023.64803850651
20181105104100,42987.5,43002.657616883516
20181105104200,43025.0,42981.65075331926
20181105104300,43037.5,43002.63980478048
20181105104400,43000.0,43023.64803850651
20181105104500,42950.0,43002.657616883516
20181105104600,42950.0,42956.46352618933
20181105104700,42975.0,42939.63702619076
20181105104800,43000.0,42956.430642306805
20181105104900,43050.0,42981.63796514273
20181105105000,43112.5,43023.64210113883
20181105105100,43087.5,43082.4485309422
20181105105200,43012.5,43086.6380289197
20181105105300,43050.0,43027.85808891058
20181105105400,43100.0,43027.84484401345
20181105105500,43150.0,43074.04806911945
20181105105600,43137.5,43124.44261908531
20181105105700,43137.5,43132.82070159912
20181105105800,43087.5,43128.62617969513
20181105105900,43062.5,43095.030726492405
20181105110000,43087.5,43061.446234583855
20181105110100,43062.5,43069.84623968601
20181105110200,43100.0,43061.446234583855
20181105110300,43125.0,43078.24670150876
20181105110400,43137.5,43107.640325278044
20181105110500,43112.5,43124.43211451173
20181105110600,43087.5,43111.82799637318
20181105110700,43112.5,43086.6380289197
20181105110800,43150.0,43095.04305794835
20181105110900,43137.5,43128.638054430485
20181105111000,43175.0,43132.82070159912
20181105111100,43200.0,43153.829392045736
20181105111200,43262.5,43183.20885747671
20181105111300,43300.0,43233.599753677845
20181105111400,43262.5,43279.73858118057
20181105111500,43250.0,43267.084680497646
20181105111600,43300.0,43246.1307965219
20181105111700,43312.5,43275.554107129574
20181105111800,43312.5,43300.68926811218
20181105111900,43275.0,43304.87100183964
20181105112000,43262.5,43279.66824620962
20181105112100,43275.0,43258.71664583683
20181105112200,43225.0,43262.93400377035
20181105112300,43200.0,43233.515717089176
20181105112400,43200.0,43199.96776282787
20181105112500,43187.5,43191.589680314064
20181105112600,43187.5,43183.188761770725
20181105112700,43200.0,43178.99880707264
20181105112800,43200.0,43187.39972561598
20181105112900,43237.5,43191.589680314064
20181105113000,43287.5,43216.79426282644
20181105113100,43287.5,43262.96597421169
20181105113200,43275.0,43279.70295697451
20181105113300,43250.0,43271.30203843117
20181105113400,43237.5,43250.31618401408
20181105113500,43225.0,43233.54403376579
20181105113600,43225.0,43220.95681428909
20181105113700,43212.5,43216.76914319396
20181105113800,43162.5,43208.36822465062
20181105113900,43125.0,43170.57961970568
20181105114000,43125.0,43128.615218400955
20181105114100,43125.0,43116.03165268898
20181105114200,43100.0,43116.03165268898
20181105114300,43087.5,43099.23346936703
20181105114400,43075.0,43082.44122341275
20181105114500,43112.5,43069.84486952424
20181105114600,43112.5,43090.845795720816
20181105114700,43112.5,43103.43621224165
20181105114800,43125.0,43103.43621224165
20181105114900,43087.5,43111.8366740644
20181105115000,43075.0,43090.83483442664
20181105115100,43075.0,43069.84486952424
20181105115200,43075.0,43065.64623713493
20181105115300,43062.5,43065.64623713493
20181105115400,43087.5,43057.24760219455
20181105115500,43087.5,43069.84623968601
20181105115600,43087.5,43078.243504464626
20181105115700,43137.5,43078.243504464626
20181105115800,43187.5,43111.84489503503
20181105115900,43212.5,43162.231224030256
20181105120000,43237.5,43195.80064415932
20181105120100,43262.5,43220.982390642166
20181105120200,43262.5,43246.16094008088
20181105120300,43225.0,43254.53217178583
20181105120400,43187.5,43229.330329596996
20181105120500,43150.0,43191.567757725716
20181105120600,43125.0,43153.798335045576
20181105120700,43162.5,43124.421153217554
20181105120800,43175.0,43141.233951598406
20181105120900,43187.5,43162.214782088995
20181105121000,43225.0,43174.80793893337
20181105121100,43275.0,43204.20293286443
20181105121200,43262.5,43250.37692785263
20181105121300,43275.0,43258.71664583683
20181105121400,43275.0,43262.93400377035
20181105121500,43200.0,43267.11847782135
20181105121600,43225.0,43216.71753376722
20181105121700,43275.0,43208.39243084192
20181105121800,43275.0,43250.37692785263
20181105121900,43275.0,43267.11847782135
20181105122000,43225.0,43267.11847782135
20181105122100,43237.5,43233.515717089176
20181105122200,43225.0,43225.17051845789
20181105122300,43225.0,43220.95681428909
20181105122400,43262.5,43216.76914319396
20181105122500,43275.0,43241.97418242693
20181105122600,43275.0,43262.93400377035
20181105122700,43287.5,43267.11847782135
20181105122800,43287.5,43275.51985308528
20181105122900,43287.5,43279.70295697451
20181105123000,43287.5,43279.70295697451
20181105123100,43287.5,43279.70295697451
20181105123200,43262.5,43279.70295697451
20181105123300,43312.5,43262.90111988783
20181105123400,43325.0,43288.141326606274
20181105123500,43337.5,43313.27283382416
20181105123600,43350.0,43325.85548609495
20181105123700,43387.5,43338.437224924564
20181105123800,43387.5,43367.82262772322
20181105123900,43362.5,43380.3523004055
20181105124000,43325.0,43363.54954987764
20181105124100,43337.5,43329.99200448394
20181105124200,43337.5,43325.85548609495
20181105124300,43325.0,43330.035392940044
20181105124400,43337.5,43321.633560955524
20181105124500,43325.0,43325.85548609495
20181105124600,43325.0,43321.633560955524
20181105124700,43325.0,43317.45365411043
20181105124800,43312.5,43317.45365411043
20181105124900,43337.5,43309.0522788465
20181105125000,43325.0,43321.67512252927
20181105125100,43337.5,43321.633560955524
20181105125200,43325.0,43325.85548609495
20181105125300,43325.0,43321.633560955524
20181105125400,43300.0,43317.45365411043
20181105125500,43287.5,43300.65090358257
20181105125600,43250.0,43283.886517584324
20181105125700,43250.0,43254.50111478567
20181105125800,43262.5,43241.94540902972
20181105125900,43300.0,43250.34724101424
20181105130000,43325.0,43279.73858118057
20181105130100,43362.5,43309.092013537884
20181105130200,43387.5,43342.66006350517
20181105130300,43375.0,43371.999794244766
20181105130400,43375.0,43371.95092514157
20181105130500,43387.5,43367.774672061205
20181105130600,43375.0,43376.176504045725
20181105130700,43387.5,43371.95092514157
20181105130800,43387.5,43376.176504045725
20181105130900,43412.5,43380.3523004055
20181105131000,43437.5,43397.15642109513
20181105131100,43462.5,43422.309394180775
20181105131200,43450.0,43447.4582567811
20181105131300,43462.5,43447.39751294255
20181105131400,43450.0,43451.62902921438
20181105131500,43425.0,43447.39751294255
20181105131600,43387.5,43426.424903422594
20181105131700,43412.5,43392.87694916129
20181105131800,43412.5,43397.15642109513
20181105131900,43425.0,43405.505273491144
20181105132000,43437.5,43413.907105475664
20181105132100,43462.5,43426.48199349642
20181105132200,43475.0,43447.4582567811
20181105132300,43475.0,43464.200720191
20181105132400,43487.5,43468.37012246251
20181105132500,43512.5,43476.77149772644
20181105132600,43512.5,43497.74319380522
20181105132700,43537.5,43506.07651770115
20181105132800,43550.0,43522.87926822901
20181105132900,43537.5,43539.60985690355
20181105133000,43500.0,43535.37331670523
20181105133100,43512.5,43506.00800961256
20181105133200,43550.0,43501.910312473774
20181105133300,43525.0,43531.28155693412
20181105133400,43525.0,43526.97285488248
20181105133500,43525.0,43518.64318475127
20181105133600,43525.0,43518.64318475127
20181105133700,43537.5,43518.64318475127
20181105133800,43562.5,43527.0445600152
20181105133900,43537.5,43548.01168888807
20181105134000,43537.5,43539.53678160906
20181105134100,43525.0,43531.208938360214
20181105134200,43537.5,43522.808476537466
20181105134300,43525.0,43527.0445600152
20181105134400,43525.0,43522.808476537466
20181105134500,43550.0,43518.64318475127
20181105134600,43562.5,43535.44639199972
20181105134700,43525.0,43552.174697071314
20181105134800,43525.0,43531.1367765069
20181105134900,43562.5,43518.64318475127
20181105135000,43587.5,43543.84776726365
20181105135100,43587.5,43573.13954234123
20181105135200,43512.5,43581.46190494299
20181105135300,43462.5,43531.063701212406
20181105135400,43475.0,43472.474213689566
20181105135500,43487.5,43464.200720191
20181105135600,43500.0,43476.77149772644
20181105135700,43512.5,43489.3413618207
20181105135800,43525.0,43501.910312473774
20181105135900,43525.0,43514.47789296508
20181105140000,43462.5,43518.64318475127
20181105140100,43475.0,43476.64178907871
20181105140200,43550.0,43464.200720191
20181105140300,43550.0,43518.783854693174
20181105140400,43525.0,43543.773778527975
20181105140500,43525.0,43526.97285488248
20181105140600,43525.0,43518.64318475127
20181105140700,43512.5,43518.64318475127
20181105140800,43487.5,43510.242722928524
20181105140900,43487.5,43489.27468061447
20181105141000,43487.5,43480.93998655677
20181105141100,43537.5,43480.93998655677
20181105141200,43525.0,43514.54777121544
20181105141300,43562.5,43522.808476537466
20181105141400,43550.0,43543.84776726365
20181105141500,43537.5,43547.936786711216
20181105141600,43500.0,43535.37331670523
20181105141700,43500.0,43506.00800961256
20181105141800,43550.0,43493.508937209845
20181105141900,43587.5,43527.116265147924
20181105142000,43575.0,43568.97790431976
20181105142100,43537.5,43573.06189984083
20181105142200,43525.0,43543.6997897923
20181105142300,43537.5,43522.808476537466
20181105142400,43537.5,43527.0445600152
20181105142500,43537.5,43531.208938360214
20181105142600,43525.0,43531.208938360214
20181105142700,43525.0,43522.808476537466
20181105142800,43525.0,43518.64318475127
20181105142900,43525.0,43518.64318475127
20181105143000,43525.0,43518.64318475127
20181105143100,43525.0,43518.64318475127
20181105143200,43562.5,43518.64318475127
20181105143300,43587.5,43543.84776726365
20181105143400,43587.5,43573.13954234123
20181105143500,43587.5,43581.46190494299
20181105143600,43575.0,43581.46190494299
20181105143700,43587.5,43573.06189984083
20181105143800,43587.5,43577.3011803627
20181105143900,43587.5,43581.46190494299
20181105144000,43587.5,43581.46190494299
20181105144100,43575.0,43581.46190494299
20181105144200,43587.5,43573.06189984083
20181105144300,43575.0,43577.3011803627
20181105144400,43587.5,43573.06189984083
20181105144500,43587.5,43577.3011803627
20181105144600,43550.0,43581.46190494299
20181105144700,43525.0,43556.261432915926
20181105144800,43537.5,43526.97285488248
20181105144900,43537.5,43527.0445600152
20181105145000,43525.0,43531.208938360214
20181105145100,43537.5,43522.808476537466
20181105145200,43537.5,43527.0445600152
20181105145300,43525.0,43531.208938360214
20181105145400,43537.5,43522.808476537466
20181105145500,43537.5,43527.0445600152
20181105145600,43512.5,43531.208938360214
20181105145700,43487.5,43514.40801471472
20181105145800,43475.0,43489.27468061447
20181105145900,43475.0,43472.53861129284
20181105150000,43475.0,43468.37012246251
20181105150100,43475.0,43468.37012246251
20181105150200,43487.5,43468.37012246251
20181105150300,43475.0,43476.77149772644
20181105150400,43475.0,43472.53861129284
20181105150500,43512.5,43468.37012246251
20181105150600,43525.0,43493.57561841607
20181105150700,43537.5,43514.47789296508
20181105150800,43525.0,43527.0445600152
20181105150900,43475.0,43522.808476537466
20181105151000,43412.5,43485.04179418087
20181105151100,43425.0,43426.36735662818
20181105151200,43437.5,43413.907105475664
20181105151300,43437.5,43426.48199349642
20181105151400,43487.5,43430.65413609147
20181105151500,43475.0,43464.26329091191
20181105151600,43487.5,43472.53861129284
20181105151700,43487.5,43476.77149772644
20181105151800,43537.5,43480.93998655677
20181105151900,43512.5,43514.54777121544
20181105153000,43800.0,43514.40801471472
20181105153500,43800.0,43699.36889261007
20181106090000,43700.0,43794.82989013195
20181106090100,43662.5,43727.65999287367
20181106090200,43550.0,43669.267808645964
20181106090300,43537.5,43581.22075647116
20181106090400,43587.5,43535.37331670523
20181106090500,43587.5,43564.81535285711
20181106090600,43537.5,43581.46190494299
20181106090700,43500.0,43547.86188453436
20181106090800,43462.5,43506.00800961256
20181106090900,43450.0,43468.30663830042
20181106091000,43412.5,43447.39751294255
20181106091100,43400.0,43418.024441599846
20181106091200,43425.0,43397.103898227215
20181106091300,43437.5,43409.73313599825
20181106091400,43400.0,43426.48199349642
20181106091500,43412.5,43405.450923740864
20181106091600,43450.0,43401.33130401373
20181106091700,43500.0,43430.711226165295
20181106091800,43512.5,43476.835895329714
20181106091900,43512.5,43501.910312473774
20181106092000,43525.0,43506.07651770115
20181106092100,43487.5,43514.47789296508
20181106092200,43425.0,43493.44179928303
20181106092300,43387.5,43438.93767744303
20181106092400,43462.5,43392.87694916129
20181106092500,43587.5,43430.76877295971
20181106092600,43587.5,43539.82908278704
20181106092700,43587.5,43581.46190494299
20181106092800,43612.5,43581.46190494299
20181106092900,43612.5,43598.262828588486
20181106093000,43625.0,43606.58108070493
20181106093100,43637.5,43614.981542527676
20181106093200,43650.0,43627.53953188658
20181106093300,43662.5,43640.09569436312
20181106093400,43612.5,43652.650943398476
20181106093500,43600.0,43623.21073412895
20181106093600,43600.0,43598.18107560277
20181106093700,43575.0,43594.022177904844
20181106093800,43500.0,43577.22171097994
20181106093900,43475.0,43518.50205808878
20181106094000,43525.0,43476.70755684376
20181106094100,43575.0,43501.97836384177
20181106094200,43562.5,43552.25005596876
20181106094300,43562.5,43560.499799996614
20181106094400,43575.0,43556.337705254555
20181106094500,43575.0,43564.73862379789
20181106094600,43537.5,43568.90026181936
20181106094700,43512.5,43543.6997897923
20181106094800,43537.5,43514.40801471472
20181106094900,43575.0,43522.87926822901
20181106095000,43587.5,43556.41352087259
20181106095100,43575.0,43577.3011803627
20181106095200,43562.5,43573.06189984083
20181106095300,43550.0,43560.499799996614
20181106095400,43562.5,43547.936786711216
20181106095500,43575.0,43552.174697071314
20181106095600,43612.5,43564.73862379789
20181106095700,43612.5,43594.10301744938
20181106095800,43625.0,43606.58108070493
20181106095900,43612.5,43614.981542527676
20181106100000,43662.5,43610.73952168226
20181106100100,43662.5,43640.18338471651
20181106100200,43637.5,43656.80618733168
20181106100300,43575.0,43640.008004009724
20181106100400,43600.0,43589.70023095608
20181106100500,43600.0,43585.70209890604
20181106100600,43587.5,43594.022177904844
20181106100700,43587.5,43585.621716082096
20181106100800,43575.0,43581.46190494299
20181106100900,43600.0,43573.06189984083
20181106101000,43612.5,43585.70209890604
20181106101100,43587.5,43602.422183007
20181106101200,43562.5,43589.7815272212
20181106101300,43562.5,43564.66098129749
20181106101400,43600.0,43556.337705254555
20181106101500,43600.0,43581.54091760516
20181106101600,43575.0,43594.022177904844
20181106101700,43587.5,43577.22171097994
20181106101800,43600.0,43577.3011803627
20181106101900,43587.5,43589.86236676574
20181106102000,43575.0,43585.621716082096
20181106102100,43575.0,43573.06189984083
20181106102200,43562.5,43568.90026181936
20181106102300,43562.5,43560.499799996614
20181106102400,43525.0,43556.337705254555
20181106102500,43525.0,43531.1367765069
20181106102600,43525.0,43518.64318475127
20181106102700,43512.5,43518.64318475127
20181106102800,43512.5,43510.242722928524
20181106102900,43462.5,43506.07651770115
20181106103000,43475.0,43472.474213689566
20181106103100,43500.0,43464.200720191
20181106103200,43487.5,43485.17378643155
20181106103300,43450.0,43485.107561945915
20181106103400,43412.5,43455.73723092675
20181106103500,43412.5,43418.024441599846
20181106103600,43412.5,43405.505273491144
20181106103700,43387.5,43405.505273491144
20181106103800,43387.5,43388.702979683876
20181106103900,43412.5,43380.3523004055
20181106104000,43400.0,43397.15642109513
20181106104100,43362.5,43397.103898227215
20181106104200,43387.5,43367.72580295801
20181106104300,43400.0,43371.999794244766
20181106104400,43387.5,43388.75413239002
20181106104500,43362.5,43384.52764004469
20181106104600,43425.0,43363.54954987764
20181106104700,43437.5,43397.20894396305
20181106104800,43437.5,43426.48199349642
20181106104900,43437.5,43430.65413609147
20181106105000,43412.5,43430.65413609147
20181106105100,43412.5,43413.8518422842
20181106105200,43412.5,43405.505273491144
20181106105300,43387.5,43405.505273491144
20181106105400,43362.5,43388.702979683876
20181106105500,43375.0,43363.54954987764
20181106105600,43362.5,43363.597505539656
20181106105700,43400.0,43359.372840076685
20181106105800,43412.5,43380.40253967047
20181106105900,43387.5,43401.33130401373
20181106110000,43387.5,43388.702979683876
20181106110100,43400.0,43380.3523004055
20181106110200,43387.5,43388.75413239002
20181106110300,43412.5,43384.52764004469
20181106110400,43412.5,43397.15642109513
20181106110500,43412.5,43405.505273491144
20181106110600,43412.5,43405.505273491144
20181106110700,43412.5,43405.505273491144
20181106110800,43437.5,43405.505273491144
20181106110900,43500.0,43422.309394180775
20181106111000,43462.5,43472.666036337614
20181106111100,43462.5,43468.30663830042
20181106111200,43475.0,43455.79888820648
20181106111300,43462.5,43464.200720191
20181106111400,43462.5,43459.96874719858
20181106111500,43462.5,43455.79888820648
20181106111600,43487.5,43455.79888820648
20181106111700,43512.5,43472.60255217552
20181106111800,43487.5,43497.74319380522
20181106111900,43462.5,43489.27468061447
20181106112000,43462.5,43464.1376927495
20181106112100,43462.5,43455.79888820648
20181106112200,43462.5,43455.79888820648
20181106112300,43437.5,43455.79888820648
20181106112400,43412.5,43438.997051119804
20181106112500,43387.5,43413.8518422842
20181106112600,43375.0,43388.702979683876
20181106112700,43337.5,43371.95092514157
20181106112800,43337.5,43342.57100299001
20181106112900,43312.5,43330.035392940044
20181106113000,43312.5,43313.232642412186
20181106113100,43325.0,43304.87100183964
20181106113200,43312.5,43313.27283382416
20181106113300,43350.0,43309.0522788465
20181106113400,43350.0,43330.07741123438
20181106113500,43312.5,43342.616218328476
20181106113600,43312.5,43317.41254925728
20181106113700,43312.5,43304.87100183964
20181106113800,43325.0,43304.87100183964
20181106113900,43312.5,43313.27283382416
20181106114000,43337.5,43309.0522788465
20181106114100,43375.0,43321.67512252927
20181106114200,43412.5,43355.242259055376
20181106114300,43412.5,43392.98153817654
20181106114400,43425.0,43405.505273491144
20181106114500,43450.0,43413.907105475664
20181106114600,43425.0,43434.88382548094
20181106114700,43412.5,43426.424903422594
20181106114800,43412.5,43409.67832952738
20181106114900,43387.5,43405.505273491144
20181106115000,43375.0,43388.702979683876
20181106115100,43362.5,43371.95092514157
20181106115200,43375.0,43359.372840076685
20181106115300,43375.0,43363.597505539656
20181106115400,43387.5,43367.774672061205
20181106115500,43412.5,43376.176504045725
20181106115600,43387.5,43397.15642109513
20181106115700,43362.5,43388.702979683876
20181106115800,43400.0,43363.54954987764
20181106115900,43425.0,43380.40253967047
20181106120000,43400.0,43409.73313599825
20181106120100,43375.0,43401.27786770463
20181106120200,43362.5,43376.12672150135
20181106120300,43375.0,43359.372840076685
20181106120400,43375.0,43363.597505539656
20181106120500,43375.0,43367.774672061205
20181106120600,43387.5,43367.774672061205
20181106120700,43362.5,43376.176504045725
20181106120800,43375.0,43363.54954987764
20181106120900,43362.5,43363.597505539656
20181106121000,43375.0,43359.372840076685
20181106121100,43387.5,43363.597505539656
20181106121200,43362.5,43376.176504045725
20181106121300,43375.0,43363.54954987764
20181106121400,43375.0,43363.597505539656
20181106121500,43362.5,43367.774672061205
20181106121600,43362.5,43359.372840076685
20181106121700,43375.0,43355.196130275726
20181106121800,43362.5,43363.597505539656
20181106121900,43375.0,43359.372840076685
20181106122000,43362.5,43363.597505539656
20181106122100,43350.0,43359.372840076685
20181106122200,43287.5,43346.794298291206
20181106122300,43275.0,43300.61253905296
20181106122400,43287.5,43271.30203843117
20181106122500,43275.0,43275.51985308528
20181106122600,43275.0,43271.30203843117
20181106122700,43275.0,43267.11847782135
20181106122800,43287.5,43267.11847782135
20181106122900,43275.0,43275.51985308528
20181106123000,43300.0,43271.30203843117
20181106123100,43337.5,43283.92214179039
20181106123200,43312.5,43317.494302242994
20181106123300,43312.5,43313.232642412186
20181106123400,43312.5,43304.87100183964
20181106123500,43312.5,43304.87100183964
20181106123600,43325.0,43304.87100183964
20181106123700,43312.5,43313.27283382416
20181106123800,43325.0,43309.0522788465
20181106123900,43312.5,43313.27283382416
20181106124000,43325.0,43309.0522788465
20181106124100,43287.5,43313.27283382416
20181106124200,43300.0,43292.250441759825
20181106124300,43312.5,43288.104788959026
20181106124400,43312.5,43300.68926811218
20181106124500,43325.0,43304.87100183964
20181106124600,43312.5,43313.27283382416
20181106124700,43325.0,43309.0522788465
20181106124800,43312.5,43313.27283382416
20181106124900,43337.5,43309.0522788465
20181106125000,43362.5,43321.67512252927
20181106125100,43350.0,43346.839513629675
20181106125200,43312.5,43346.794298291206
20181106125300,43312.5,43317.41254925728
20181106125400,43312.5,43304.87100183964
20181106125500,43300.0,43304.87100183964
20181106125600,43300.0,43296.46962657571
20181106125700,43287.5,43292.28743612766
20181106125800,43262.5,43283.886517584324
20181106125900,43262.5,43262.90111988783
20181106130000,43262.5,43254.53217178583
20181106130100,43275.0,43254.53217178583
20181106130200,43275.0,43262.93400377035
20181106130300,43275.0,43267.11847782135
20181106130400,43275.0,43267.11847782135
20181106130500,43262.5,43267.11847782135
20181106130600,43275.0,43258.71664583683
20181106130700,43262.5,43262.93400377035
20181106130800,43287.5,43258.71664583683
20181106130900,43262.5,43271.33583575487
20181106131000,43262.5,43262.90111988783
20181106131100,43262.5,43254.53217178583
20181106131200,43287.5,43254.53217178583
20181106131300,43325.0,43271.33583575487
20181106131400,43325.0,43304.90982308984
20181106131500,43312.5,43317.45365411043
20181106131600,43287.5,43309.0522788465
20181106131700,43275.0,43288.06870803237
20181106131800,43275.0,43271.30203843117
20181106131900,43275.0,43267.11847782135
20181106132000,43275.0,43267.11847782135
20181106132100,43262.5,43267.11847782135
20181106132200,43275.0,43258.71664583683
20181106132300,43275.0,43262.93400377035
20181106132400,43262.5,43267.11847782135
20181106132500,43275.0,43258.71664583683
20181106132600,43237.5,43262.93400377035
20181106132700,43212.5,43241.915722191334
20181106132800,43212.5,43212.555895745754
20181106132900,43250.0,43204.17964011431
20181106133000,43275.0,43229.38467934728
20181106133100,43275.0,43258.74861627817
20181106133200,43275.0,43267.11847782135
20181106133300,43275.0,43267.11847782135
20181106133400,43275.0,43267.11847782135
20181106133500,43287.5,43267.11847782135
20181106133600,43275.0,43275.51985308528
20181106133700,43287.5,43271.30203843117
20181106133800,43300.0,43275.51985308528
20181106133900,43312.5,43288.104788959026
20181106134000,43287.5,43300.68926811218
20181106134100,43262.5,43288.06870803237
20181106134200,43262.5,43262.90111988783
20181106134300,43262.5,43254.53217178583
20181106134400,43275.0,43254.53217178583
20181106134500,43237.5,43262.93400377035
20181106134600,43225.0,43241.915722191334
20181106134700,43212.5,43220.95681428909
20181106134800,43212.5,43208.36822465062
20181106134900,43225.0,43204.17964011431
20181106135000,43225.0,43212.580558657646
20181106135100,43250.0,43216.76914319396
20181106135200,43275.0,43233.57235044241
20181106135300,43250.0,43258.74861627817
20181106135400,43212.5,43250.31618401408
20181106135500,43225.0,43216.74356684089
20181106135600,43225.0,43212.580558657646
20181106135700,43212.5,43216.76914319396
20181106135800,43225.0,43208.36822465062
20181106135900,43212.5,43212.580558657646
20181106140000,43225.0,43208.36822465062
20181106140100,43212.5,43212.580558657646
20181106140200,43225.0,43208.36822465062
20181106140300,43225.0,43212.580558657646
20181106140400,43212.5,43216.76914319396
20181106140500,43212.5,43208.36822465062
20181106140600,43212.5,43204.17964011431
20181106140700,43212.5,43204.17964011431
20181106140800,43212.5,43204.17964011431
20181106140900,43150.0,43204.17964011431
20181106141000,43150.0,43162.1805280447
20181106141100,43175.0,43141.22070670128
20181106141200,43137.5,43158.022543787956
20181106141300,43125.0,43141.20746180415
20181106141400,43112.5,43120.22708803415
20181106141500,43100.0,43107.632561028004
20181106141600,43050.0,43095.037577301264
20181106141700,43050.0,43057.24714547396
20181106141800,43037.5,43040.448962152004
20181106141900,43075.0,43032.05078393221
20181106142000,43075.0,43053.04714292288
20181106142100,43075.0,43065.64623713493
20181106142200,43062.5,43065.64623713493
20181106142300,43062.5,43057.24760219455
20181106142400,43075.0,43053.04805636406
20181106142500,43125.0,43061.447148025036
20181106142600,43150.0,43099.246714264154
20181106142700,43112.5,43132.83257633448
20181106142800,43087.5,43116.02251827717
20181106142900,43062.5,43086.6380289197
20181106143000,43062.5,43061.446234583855
20181106143100,43062.5,43053.04805636406
20181106143200,43112.5,43053.04805636406
20181106143300,43137.5,43086.64716333151
20181106143400,43100.0,43120.236679166555
20181106143500,43062.5,43103.4289047122
20181106143600,43062.5,43065.64441025257
20181106143700,43087.5,43053.04805636406
20181106143800,43100.0,43069.84623968601
20181106143900,43125.0,43086.64305284619
20181106144000,43075.0,43107.640325278044
20181106144100,43025.0,43082.43711292744
20181106144200,43025.0,43032.054437696934
20181106144300,43012.5,43015.24986028671
20181106144400,43012.5,43006.85213878751
20181106144500,42987.5,43002.648939192295
20181106144600,43025.0,42985.85486635566
20181106144700,43050.0,43002.63980478048
20181106144800,43087.5,43032.046673446894
20181106144900,43100.0,43065.647150576115
20181106145000,43087.5,43086.64305284619
20181106145100,43075.0,43082.44122341275
20181106145200,43062.5,43069.84486952424
20181106145300,43075.0,43057.24760219455
20181106145400,43075.0,43061.447148025036
20181106145500,43050.0,43065.64623713493
20181106145600,43087.5,43048.84942397475
20181106145700,43125.0,43065.647150576115
20181106145800,43150.0,43103.4435197711
20181106145900,43137.5,43132.83257633448
20181106150000,43212.5,43132.82070159912
20181106150100,43250.0,43179.03625816107
20181106150200,43262.5,43229.38467934728
20181106150300,43250.0,43250.34724101424
20181106150400,43312.5,43246.1307965219
20181106150500,43337.5,43283.957309275866
20181106150600,43325.0,43321.67512252927
20181106150700,43325.0,43321.633560955524
20181106150800,43325.0,43317.45365411043
20181106150900,43312.5,43317.45365411043
20181106151000,43325.0,43309.0522788465
20181106151100,43350.0,43313.27283382416
20181106151200,43375.0,43334.25777480006
20181106151300,43412.5,43359.42033901811
20181106151400,43462.5,43392.98153817654
20181106151500,43525.0,43439.11442831159
20181106151600,43537.5,43497.810331732035
20181106151700,43537.5,43527.0445600152
20181106151800,43512.5,43531.208938360214
20181106151900,43525.0,43514.40801471472
20181106153000,43750.0,43514.47789296508
20181106153500,43750.0,43669.903106987476
20181107090000,43550.0,43744.65639293194
20181107090100,43462.5,43610.31477153301
20181107090200,43537.5,43484.975112974644
20181107090300,43550.0,43506.21353387833
20181107090400,43512.5,43539.60985690355
20181107090500,43475.0,43518.57239305973
20181107090600,43500.0,43480.874675512314
20181107090700,43487.5,43485.17378643155
20181107090800,43500.0,43485.107561945915
20181107090900,43525.0,43489.3413618207
20181107091000,43575.0,43510.312144458294
20181107091100,43587.5,43552.25005596876
20181107091200,43550.0,43577.3011803627
20181107091300,43487.5,43556.261432915926
20181107091400,43500.0,43501.7732962966
20181107091500,43512.5,43489.3413618207
20181107091600,43537.5,43501.910312473774
20181107091700,43550.0,43522.87926822901
20181107091800,43600.0,43539.60985690355
20181107091900,43650.0,43577.37973630428
20181107092000,43700.0,43627.62448191643
20181107092100,43712.5,43677.85187214613
20181107092200,43725.0,43702.86234840751
20181107092300,43812.5,43715.41211679578
20181107092400,43850.0,43778.354608267546
20181107092500,43850.0,43832.56049156189
20181107092600,43875.0,43844.98374834657
20181107092700,43887.5,43861.77553758025
20181107092800,43850.0,43878.44812273979
20181107092900,43800.0,43857.40198120475
20181107093000,43825.0,43811.40154004097
20181107093100,43837.5,43811.623506248
20181107093200,43850.0,43828.30522581935
20181107093300,43887.5,43840.843119472265
20181107093400,43862.5,43870.171432197094
20181107093500,43900.0,43865.79650565982
20181107093600,43937.5,43882.705672085285
20181107093700,43900.0,43920.301540941
20181107093800,43850.0,43907.524782419205
20181107093900,43787.5,43861.5403264761
20181107094000,43787.5,43803.00655886531
20181107094100,43750.0,43782.28834271431
20181107094200,43725.0,43757.09746181965
20181107094300,43725.0,43727.86094993353
20181107094400,43675.0,43719.56233680248
20181107094500,43700.0,43685.97008064389
20181107094600,43712.5,43686.15870624781
20181107094700,43712.5,43702.86234840751
20181107094800,43662.5,43707.01348185539
20181107094900,43675.0,43673.42076897621
20181107095000,43700.0,43665.206192433834
20181107095100,43712.5,43686.15870624781
20181107095200,43675.0,43702.86234840751
20181107095300,43687.5,43681.818033754826
20181107095400,43700.0,43677.75915786624
20181107095500,43725.0,43690.311209857464
20181107095600,43687.5,43711.26144006848
20181107095700,43712.5,43694.3678021431
20181107095800,43700.0,43698.71030151844
20181107095900,43712.5,43698.61484691501
20181107100000,43700.0,43702.86234840751
20181107100100,43725.0,43698.61484691501
20181107100200,43750.0,43711.26144006848
20181107100300,43787.5,43736.359606683254
20181107100400,43737.5,43769.85047087073
20181107100500,43762.5,43748.701110482216
20181107100600,43750.0,43748.90617802739
20181107100700,43712.5,43748.80341589451
20181107100800,43725.0,43719.463685154915
20181107100900,43712.5,43715.41211679578
20181107101000,43712.5,43711.16415858269
20181107101100,43737.5,43707.01348185539
20181107101200,43725.0,43723.810751736164
20181107101300,43725.0,43723.712100088596
20181107101400,43700.0,43719.56233680248
20181107101500,43750.0,43702.76598036289
20181107101600,43750.0,43728.06008011103
20181107101700,43725.0,43744.65639293194
20181107101800,43725.0,43727.86094993353
20181107101900,43712.5,43719.56233680248
20181107102000,43712.5,43711.16415858269
20181107102100,43750.0,43707.01348185539
20181107102200,43775.0,43732.20984339714
20181107102300,43800.0,43761.45229265094
20181107102400,43837.5,43786.540411412716
20181107102500,43787.5,43820.02077102661
20181107102600,43775.0,43798.864103108644
20181107102700,43762.5,43773.891077935696
20181107102800,43762.5,43761.34816035628
20181107102900,43775.0,43757.2015941143
20181107103000,43762.5,43765.59885889292
20181107103100,43762.5,43761.34816035628
20181107103200,43787.5,43757.2015941143
20181107103300,43775.0,43773.99703711271
20181107103400,43775.0,43773.891077935696
20181107103500,43762.5,43769.7454251349
20181107103600,43787.5,43761.34816035628
20181107103700,43787.5,43773.99703711271
20181107103800,43787.5,43782.28834271431
20181107103900,43750.0,43782.28834271431
20181107104000,43687.5,43757.09746181965
20181107104100,43700.0,43702.66915559769
20181107104200,43750.0,43690.311209857464
20181107104300,43737.5,43728.06008011103
20181107104400,43762.5,43736.25867143273
20181107104500,43787.5,43748.90617802739
20181107104600,43750.0,43773.99703711271
20181107104700,43750.0,43757.09746181965
20181107104800,43762.5,43744.65639293194
20181107104900,43800.0,43753.05457115173
20181107105000,43825.0,43782.39521533251
20181107105100,43825.0,43811.623506248
20181107105200,43825.0,43819.90933120251
20181107105300,43825.0,43819.90933120251
20181107105400,43825.0,43819.90933120251
20181107105500,43837.5,43819.90933120251
20181107105600,43875.0,43828.30522581935
20181107105700,43875.0,43857.63582214713
20181107105800,43862.5,43870.05359828472
20181107105900,43850.0,43861.65816038847
20181107110000,43825.0,43849.12346377969
20181107110100,43825.0,43828.19241583347
20181107110200,43825.0,43819.90933120251
20181107110300,43825.0,43819.90933120251
20181107110400,43825.0,43819.90933120251
20181107110500,43837.5,43819.90933120251
20181107110600,43837.5,43828.30522581935
20181107110700,43850.0,43832.44722485542
20181107110800,43900.0,43840.843119472265
20181107110900,43912.5,43878.56778353453
20181107111000,43937.5,43903.51203531027
20181107111100,43975.0,43924.436689168215
20181107111200,43975.0,43957.88599178195
20181107111300,43987.5,43970.28093189001
20181107111400,43975.0,43978.67362946272
20181107111500,43975.0,43974.41151291132
20181107111600,43975.0,43970.28093189001
20181107111700,43962.5,43970.28093189001
20181107111800,44000.0,43961.88777759671
20181107111900,43975.0,43982.93574601412
20181107112000,43962.5,43978.54118049145
20181107112100,43987.5,43961.88777759671
20181107112200,43962.5,43974.54304844141
20181107112300,43937.5,43966.01881533861
20181107112400,43912.5,43940.970887988806
20181107112500,43925.0,43915.9179367125
20181107112600,43925.0,43916.042621433735
20181107112700,43937.5,43920.17731294036
20181107112800,43887.5,43928.57092395425
20181107112900,43825.0,43899.131171405315
20181107113000,43787.5,43840.6133890152
20181107113100,43800.0,43794.7207339108
20181107113200,43825.0,43790.685607492924
20181107113300,43812.5,43811.623506248
20181107113400,43800.0,43811.512979865074
20181107113500,43775.0,43798.973259329796
20181107113600,43762.5,43778.0362740159
20181107113700,43737.5,43761.34816035628
20181107113800,43775.0,43740.406607836485
20181107113900,43787.5,43757.30481296778
20181107114000,43750.0,43778.14268991351
20181107114100,43737.5,43757.09746181965
20181107114200,43787.5,43736.25867143273
20181107114300,43812.5,43765.70344790816
20181107114400,43825.0,43799.08287227154
20181107114500,43812.5,43815.76687544584
20181107114600,43812.5,43811.512979865074
20181107114700,43812.5,43807.37006738782
20181107114800,43812.5,43807.37006738782
20181107114900,43825.0,43807.37006738782
20181107115000,43825.0,43815.76687544584
20181107115100,43825.0,43819.90933120251
20181107115200,43812.5,43819.90933120251
20181107115300,43812.5,43811.512979865074
20181107115400,43825.0,43807.37006738782
20181107115500,43837.5,43815.76687544584
20181107115600,43825.0,43828.30522581935
20181107115700,43837.5,43824.05133023858
20181107115800,43875.0,43828.30522581935
20181107115900,43875.0,43857.63582214713
20181107120000,43875.0,43870.05359828472
20181107120100,43887.5,43870.05359828472
20181107120200,43937.5,43878.44812273979
20181107120300,43987.5,43916.165935993195
20181107120400,43987.5,43966.28005951643
20181107120500,43937.5,43982.80329704285
20181107120600,43950.0,43949.23524707556
20181107120700,43962.5,43941.09831303358
20181107120800,43912.5,43953.62478867173
20181107120900,43925.0,43924.18594956398
20181107121000,43937.5,43916.042621433735
20181107121100,43912.5,43928.57092395425
20181107121200,43887.5,43915.9179367125
20181107121300,43875.0,43890.859961509705
20181107121400,43875.0,43874.19148683548
20181107121500,43875.0,43870.05359828472
20181107121600,43887.5,43870.05359828472
20181107121700,43875.0,43878.44812273979
20181107121800,43875.0,43874.19148683548
20181107121900,43900.0,43870.05359828472
20181107122000,43937.5,43886.84356063604
20181107122100,43937.5,43920.301540941
20181107122200,43925.0,43932.70470201969
20181107122300,43937.5,43924.3110910058
20181107122400,43925.0,43928.57092395425
20181107122500,43925.0,43924.3110910058
20181107122600,43962.5,43920.17731294036
20181107122700,43975.0,43945.35905942321
20181107122800,43987.5,43966.14989414811
20181107122900,44025.0,43978.67362946272
20181107123000,44025.0,44007.98047631979
20181107123100,44000.0,44020.363998413086
20181107123200,43987.5,44003.58134359121
20181107123300,44012.5,43986.932964622974
20181107123400,44025.0,43999.58777874708
20181107123500,44025.0,44016.23615771532
20181107123600,44025.0,44020.363998413086
20181107123700,44012.5,44020.363998413086
20181107123800,44062.5,44011.97267100215
20181107123900,44100.0,44041.41059666872
20181107124000,44162.5,44083.08132663369
20181107124100,44187.5,44137.39179894328
20181107124200,44187.5,44174.755653738976
20181107124300,44237.5,44182.986215502024
20181107124400,44237.5,44216.52914583683
20181107124500,44275.0,44232.97748118639
20181107124600,44300.0,44258.12999755144
20181107124700,44275.0,44287.222642451525
20181107124800,44275.0,44278.674203157425
20181107124900,44275.0,44270.457343012094
20181107125000,44287.5,44270.457343012094
20181107125100,44312.5,44278.83999273181
20181107125200,44312.5,44299.71258044243
20181107125300,44287.5,44307.925330102444
20181107125400,44275.0,44291.16231426597
20181107125500,44287.5,44274.566001445055
20181107125600,44287.5,44278.83999273181
20181107125700,44287.5,44282.94819444418
20181107125800,44287.5,44282.94819444418
20181107125900,44287.5,44282.94819444418
20181107130000,44287.5,44282.94819444418
20181107130100,44262.5,44282.94819444418
20181107130200,44250.0,44266.18380844593
20181107130300,44250.0,44249.58292841911
20181107130400,44237.5,44245.47289982438
20181107130500,44212.5,44237.088879942894
20181107130600,44237.5,44216.20989814401
20181107130700,44225.0,44224.75468367338
20181107130800,44237.5,44224.59391802549
20181107130900,44262.5,44228.86699587107
20181107131000,44287.5,44249.746434390545
20181107131100,44312.5,44274.73179101944
20181107131200,44325.0,44299.71258044243
20181107131300,44312.5,44316.30660966039
20181107131400,44300.0,44312.03079149127
20181107131500,44275.0,44299.5440505445
20181107131600,44287.5,44278.674203157425
20181107131700,44300.0,44278.83999273181
20181107131800,44287.5,44291.330844163895
20181107131900,44287.5,44287.05548271537
20181107132000,44262.5,44282.94819444418
20181107132100,44262.5,44266.18380844593
20181107132200,44275.0,44257.96557813883
20181107132300,44262.5,44266.349141299725
20181107132400,44250.0,44262.07515001297
20181107132500,44225.0,44249.58292841911
20181107132600,44237.5,44228.70577350259
20181107132700,44237.5,44228.86699587107
20181107132800,44237.5,44232.97748118639
20181107132900,44225.0,44232.97748118639
20181107133000,44237.5,44224.59391802549
20181107133100,44262.5,44228.86699587107
20181107133200,44287.5,44249.746434390545
20181107133300,44275.0,44274.73179101944
20181107133400,44262.5,44274.566001445055
20181107133500,44237.5,44262.07515001297
20181107133600,44225.0,44241.19936525822
20181107133700,44237.5,44224.59391802549
20181107133800,44287.5,44228.86699587107
20181107133900,44287.5,44266.51356071234
20181107134000,44287.5,44282.94819444418
20181107134100,44300.0,44282.94819444418
20181107134200,44262.5,44291.330844163895
20181107134300,44262.5,44270.29155343771
20181107134400,44287.5,44257.96557813883
20181107134500,44262.5,44274.73179101944
20181107134600,44287.5,44266.18380844593
20181107134700,44275.0,44274.73179101944
20181107134800,44275.0,44274.566001445055
20181107134900,44300.0,44270.457343012094
20181107135000,44325.0,44287.222642451525
20181107135100,44312.5,44312.20069155097
20181107135200,44325.0,44312.03079149127
20181107135300,44337.5,44316.30660966039
20181107135400,44350.0,44328.792437165976
20181107135500,44325.0,44341.27689450979
20181107135600,44325.0,44328.62025350332
20181107135700,44325.0,44320.41161432862
20181107135800,44325.0,44320.41161432862
20181107135900,44312.5,44320.41161432862
20181107140000,44300.0,44312.03079149127
20181107140100,44325.0,44299.5440505445
20181107140200,44362.5,44312.20069155097
20181107140300,44387.5,44345.5531693995
20181107140400,44425.0,44374.62160810828
20181107140500,44437.5,44407.95855745673
20181107140600,44437.5,44428.63110154867
20181107140700,44437.5,44432.72788524628
20181107140800,44425.0,44432.72788524628
20181107140900,44425.0,44424.35162961483
20181107141000,44425.0,44420.253932476044
20181107141100,44387.5,44420.253932476044
20181107141200,44350.0,44395.12288197875
20181107141300,44375.0,44357.68777877092
20181107141400,44387.5,44362.13989108801
20181107141500,44362.5,44378.7225022912
20181107141600,44362.5,44366.06631800532
20181107141700,44337.5,44357.86270275712
20181107141800,44200.0,44341.10334068537
20181107141900,44162.5,44240.70930406451
20181107142000,44187.5,44170.329574495554
20181107142100,44112.5,44174.755653738976
20181107142200,44125.0,44132.67067819834
20181107142300,44187.5,44116.34611412883
20181107142400,44187.5,44162.4050155282
20181107142500,44150.0,44182.986215502024
20181107142600,44162.5,44157.828218489885
20181107142700,44162.5,44153.86479720473
20181107142800,44200.0,44157.981676608324
20181107142900,44212.5,44183.141957223415
20181107143000,44187.5,44203.87159138918
20181107143100,44187.5,44191.21495038271
20181107143200,44175.0,44182.986215502024
20181107143300,44175.0,44174.600368738174
20181107143400,44137.5,44170.484402775764
20181107143500,44137.5,44145.325949043036
20181107143600,44150.0,44132.97257050872
20181107143700,44175.0,44141.36024415493
20181107143800,44150.0,44162.252014130354
20181107143900,44125.0,44153.712252527475
20181107144000,44125.0,44128.70360314846
20181107144100,44100.0,44120.46527713537
20181107144200,44150.0,44103.68947312236
20181107144300,44175.0,44129.00321185589
20181107144400,44175.0,44162.252014130354
20181107144500,44175.0,44170.484402775764
20181107144600,44200.0,44170.484402775764
20181107144700,44200.0,44187.257009744644
20181107144800,44162.5,44195.48620134592
20181107144900,44162.5,44170.329574495554
20181107145000,44150.0,44157.981676608324
20181107145100,44112.5,44149.595373123884
20181107145200,44100.0,44120.31638622284
20181107145300,44087.5,44099.56893995404
20181107145400,44112.5,44087.05936297774
20181107145500,44112.5,44099.71554726362
20181107145600,44075.0,44107.957527041435
20181107145700,44075.0,44082.79267922044
20181107145800,44062.5,44070.42514234781
20181107145900,44087.5,44062.03564181924
20181107150000,44075.0,44074.69136938453
20181107150100,44087.5,44074.54841583967
20181107150200,44112.5,44078.81464287639
20181107150300,44125.0,44099.71554726362
20181107150400,44125.0,44116.34611412883
20181107150500,44100.0,44120.46527713537
20181107150600,44050.0,44103.68947312236
20181107150700,44012.5,44061.893144994974
20181107150800,44050.0,44020.22606879473
20181107150900,44037.5,44033.019269257784
20181107151000,44037.5,44037.00689673424
20181107151100,44100.0,44032.880882918835
20181107151200,44100.0,44074.83477964997
20181107151300,44050.0,44095.447950065136
20181107151400,44025.0,44061.893144994974
20181107151500,43987.5,44028.61648276448
20181107151600,43962.5,43995.19047290087
20181107151700,43975.0,43966.01881533861
20181107151800,43950.0,43966.14989414811
20181107151900,43962.5,43953.495993465185
20181107153000,44000.0,43953.62478867173
20181107153500,44000.0,43982.93574601412
20181108090000,44812.5,43995.3247487545
20181108090100,44825.0,44540.707594156265
20181108090200,44887.5,44814.67418074608
20181108090300,44987.5,44860.541716217995
20181108090400,44987.5,44947.73333072662
20181108090500,44912.5,44980.23996204138
20181108090600,44900.0,44930.12264147401
20181108090700,44887.5,44897.37623184919
20181108090800,44912.5,44884.952975064516
20181108090900,44925.0,44897.5991114974
20181108091000,44925.0,44914.087638258934
20181108091100,44950.0,44918.15336495638
20181108091200,44912.5,44934.86294448376
20181108091300,44875.0,44917.92865842581
20181108091400,44887.5,44880.66345527768
20181108091500,44900.0,44876.8178679049
20181108091600,44925.0,44889.24203813076
20181108091700,44937.5,44910.0214548409
20181108091800,44912.5,44926.50815472007
20181108091900,44900.0,44913.863845169544
20181108092000,44875.0,44897.37623184919
20181108092100,44862.5,44876.596358418465
20181108092200,44812.5,44860.102807730436
20181108092300,44787.5,44822.6001098752
20181108092400,44800.0,44789.59291279316
20181108092500,44837.5,44789.80802819133
20181108092600,44812.5,44818.96233037114
20181108092700,44800.0,44814.45769518614
20181108092800,44800.0,44797.953639924526
20181108092900,44787.5,44793.88060569763
20181108093000,44762.5,44785.519878566265
20181108093100,44762.5,44764.722649753094
20181108093200,44775.0,44756.57247081399
20181108093300,44750.0,44764.93502482772
20181108093400,44750.0,44752.28614807129
20181108093500,44725.0,44744.13414224982
20181108093600,44762.5,44727.40766406059
20181108093700,44762.5,44744.345147162676
20181108093800,44750.0,44756.57247081399
20181108093900,44750.0,44748.21037352085
20181108094000,44762.5,44744.13414224982
20181108094100,44762.5,44752.49715298414
20181108094200,44762.5,44756.57247081399
20181108094300,44762.5,44756.57247081399
20181108094400,44762.5,44756.57247081399
20181108094500,44775.0,44756.57247081399
20181108094600,44787.5,44764.93502482772
20181108094700,44775.0,44777.372439950705
20181108094800,44762.5,44773.08429032564
20181108094900,44800.0,44760.64778864384
20181108095000,44812.5,44781.659676134586
20181108095100,44812.5,44802.241332829
20181108095200,44812.5,44806.31345361471
20181108095300,44812.5,44806.31345361471
20181108095400,44812.5,44806.31345361471
20181108095500,44812.5,44806.31345361471
20181108095600,44762.5,44806.31345361471
20181108095700,44712.5,44772.871001809835
20181108095800,44712.5,44723.12134131789
20181108095900,44712.5,44706.8104788661
20181108100000,44712.5,44706.8104788661
20181108100100,44687.5,44706.8104788661
20181108100200,44662.5,44690.080346912146
20181108100300,44637.5,44665.1895314455
20181108100400,44675.0,44640.29186517
20181108100500,44725.0,44657.229804992676
20181108100600,44675.0,44702.938401699066
20181108100700,44687.5,44685.794937610626
20181108100800,44687.5,44677.840691804886
20181108100900,44675.0,44681.92103356123
20181108101000,44662.5,44673.55528250337
20181108101100,44675.0,44661.10827624798
20181108101200,44662.5,44665.39322882891
20181108101300,44687.5,44661.10827624798
20181108101400,44675.0,44673.75989332795
20181108101500,44675.0,44673.55528250337
20181108101600,44662.5,44669.47448402643
20181108101700,44700.0,44661.10827624798
20181108101800,44737.5,44682.126557826996
20181108101900,44712.5,44719.46163922548
20181108102000,44712.5,44714.96705189347
20181108102100,44725.0,44706.8104788661
20181108102200,44712.5,44715.17531648278
20181108102300,44725.0,44710.88899374008
20181108102400,44750.0,44715.17531648278
20181108102500,44762.5,44735.981222987175
20181108102600,44762.5,44752.49715298414
20181108102700,44775.0,44756.57247081399
20181108102800,44762.5,44764.93502482772
20181108102900,44762.5,44760.64778864384
20181108103000,44762.5,44756.57247081399
20181108103100,44762.5,44756.57247081399
20181108103200,44775.0,44756.57247081399
20181108103300,44750.0,44764.93502482772
20181108103400,44725.0,44752.28614807129
20181108103500,44737.5,44727.40766406059
20181108103600,44737.5,44727.61684209108
20181108103700,44775.0,44731.694443523884
20181108103800,44775.0,44756.784845888615
20181108103900,44762.5,44769.009885936975
20181108104000,44775.0,44760.64778864384
20181108104100,44775.0,44764.93502482772
20181108104200,44775.0,44769.009885936975
20181108104300,44787.5,44769.009885936975
20181108104400,44787.5,44777.372439950705
20181108104500,44762.5,44781.44593089819
20181108104600,44775.0,44764.722649753094
20181108104700,44762.5,44764.93502482772
20181108104800,44800.0,44760.64778864384
20181108104900,44837.5,44781.659676134586
20181108105000,44800.0,44818.96233037114
20181108105100,44762.5,44806.09788149595
20181108105200,44787.5,44768.79751086235
20181108105300,44750.0,44773.29803556204
20181108105400,44712.5,44756.361009180546
20181108105500,44737.5,44719.04419660568
20181108105600,44737.5,44723.53924065828
20181108105700,44725.0,44731.694443523884
20181108105800,44737.5,44723.33097606897
20181108105900,44762.5,44727.61684209108
20181108110000,44750.0,44748.421378433704
20181108110100,44712.5,44748.21037352085
20181108110200,44712.5,44719.04419660568
20181108110300,44687.5,44706.8104788661
20181108110400,44662.5,44690.080346912146
20181108110500,44662.5,44665.1895314455
20181108110600,44662.5,44657.02656432986
20181108110700,44712.5,44657.02656432986
20181108110800,44725.0,44690.49276560545
20181108110900,44712.5,44715.17531648278
20181108111000,44725.0,44710.88899374008
20181108111100,44737.5,44715.17531648278
20181108111200,44750.0,44727.61684209108
20181108111300,44762.5,44740.057910978794
20181108111400,44762.5,44752.49715298414
20181108111500,44750.0,44756.57247081399
20181108111600,44750.0,44748.21037352085
20181108111700,44762.5,44744.13414224982
20181108111800,44737.5,44752.49715298414
20181108111900,44725.0,44739.84690606594
20181108112000,44725.0,44723.33097606897
20181108112100,44750.0,44719.25337463617
20181108112200,44762.5,44735.981222987175
20181108112300,44762.5,44752.49715298414
20181108112400,44775.0,44756.57247081399
20181108112500,44787.5,44764.93502482772
20181108112600,44762.5,44777.372439950705
20181108112700,44762.5,44764.722649753094
20181108112800,44775.0,44756.57247081399
20181108112900,44762.5,44764.93502482772
20181108113000,44762.5,44760.64778864384
20181108113100,44762.5,44756.57247081399
20181108113200,44762.5,44756.57247081399
20181108113300,44762.5,44756.57247081399
20181108113400,44737.5,44756.57247081399
20181108113500,44737.5,44739.84690606594
20181108113600,44762.5,44731.694443523884
20181108113700,44737.5,44748.421378433704
20181108113800,44750.0,44739.84690606594
20181108113900,44762.5,44740.057910978794
20181108114000,44725.0,44752.49715298414
20181108114100,44712.5,44731.48435205221
20181108114200,44725.0,44710.88899374008
20181108114300,44725.0,44715.17531648278
20181108114400,44712.5,44719.25337463617
20181108114500,44725.0,44710.88899374008
20181108114600,44712.5,44715.17531648278
20181108114700,44725.0,44710.88899374008
20181108114800,44712.5,44715.17531648278
20181108114900,44712.5,44710.88899374008
20181108115000,44712.5,44706.8104788661
20181108115100,44725.0,44706.8104788661
20181108115200,44725.0,44715.17531648278
20181108115300,44712.5,44719.25337463617
20181108115400,44750.0,44710.88899374008
20181108115500,44762.5,44731.903621554375
20181108115600,44787.5,44752.49715298414
20181108115700,44762.5,44773.29803556204
20181108115800,44787.5,44764.722649753094
20181108115900,44787.5,44773.29803556204
20181108120000,44762.5,44781.44593089819
20181108120100,44775.0,44764.722649753094
20181108120200,44762.5,44764.93502482772
20181108120300,44787.5,44760.64778864384
20181108120400,44825.0,44773.29803556204
20181108120500,44812.5,44806.52948245406
20181108120600,44812.5,44810.386031121016
20181108120700,44812.5,44806.31345361471
20181108120800,44825.0,44806.31345361471
20181108120900,44825.0,44814.67418074608
20181108121000,44837.5,44818.7458448112
20181108121100,44812.5,44827.10565850139
20181108121200,44825.0,44814.45769518614
20181108121300,44825.0,44814.67418074608
20181108121400,44825.0,44818.7458448112
20181108121500,44812.5,44818.7458448112
20181108121600,44825.0,44810.386031121016
20181108121700,44825.0,44814.67418074608
20181108121800,44787.5,44818.7458448112
20181108121900,44712.5,44793.666403740644
20181108122000,44725.0,44731.27426058054
20181108122100,44725.0,44715.17531648278
20181108122200,44750.0,44719.25337463617
20181108122300,44762.5,44735.981222987175
20181108122400,44762.5,44752.49715298414
20181108122500,44762.5,44756.57247081399
20181108122600,44762.5,44756.57247081399
20181108122700,44762.5,44756.57247081399
20181108122800,44737.5,44756.57247081399
20181108122900,44712.5,44739.84690606594
20181108123000,44737.5,44714.96705189347
20181108123100,44712.5,44723.53924065828
20181108123200,44725.0,44714.96705189347
20181108123300,44737.5,44715.17531648278
20181108123400,44775.0,44727.61684209108
20181108123500,44762.5,44756.784845888615
20181108123600,44762.5,44760.64778864384
20181108123700,44762.5,44756.57247081399
20181108123800,44787.5,44756.57247081399
20181108123900,44762.5,44773.29803556204
20181108124000,44775.0,44764.722649753094
20181108124100,44762.5,44764.93502482772
20181108124200,44787.5,44760.64778864384
20181108124300,44762.5,44773.29803556204
20181108124400,44762.5,44764.722649753094
20181108124500,44762.5,44756.57247081399
20181108124600,44775.0,44756.57247081399
20181108124700,44762.5,44764.93502482772
20181108124800,44762.5,44760.64778864384
20181108124900,44775.0,44756.57247081399
20181108125000,44775.0,44764.93502482772
20181108125100,44762.5,44769.009885936975
20181108125200,44775.0,44760.64778864384
20181108125300,44762.5,44764.93502482772
20181108125400,44775.0,44760.64778864384
20181108125500,44775.0,44764.93502482772
20181108125600,44762.5,44769.009885936975
20181108125700,44725.0,44760.64778864384
20181108125800,44712.5,44731.48435205221
20181108125900,44700.0,44710.88899374008
20181108130000,44662.5,44698.44609797001
20181108130100,44687.5,44669.26987320185
20181108130200,44675.0,44673.75989332795
20181108130300,44662.5,44673.55528250337
20181108130400,44675.0,44661.10827624798
20181108130500,44687.5,44665.39322882891
20181108130600,44675.0,44677.840691804886
20181108130700,44662.5,44673.55528250337
20181108130800,44675.0,44661.10827624798
20181108130900,44675.0,44665.39322882891
20181108131000,44662.5,44669.47448402643
20181108131100,44687.5,44661.10827624798
20181108131200,44687.5,44673.75989332795
20181108131300,44662.5,44681.92103356123
20181108131400,44662.5,44665.1895314455
20181108131500,44675.0,44657.02656432986
20181108131600,44662.5,44665.39322882891
20181108131700,44675.0,44661.10827624798
20181108131800,44675.0,44665.39322882891
20181108131900,44662.5,44669.47448402643
20181108132000,44675.0,44661.10827624798
20181108132100,44662.5,44665.39322882891
20181108132200,44675.0,44661.10827624798
20181108132300,44675.0,44665.39322882891
20181108132400,44675.0,44669.47448402643
20181108132500,44637.5,44669.47448402643
20181108132600,44625.0,44644.37494724989
20181108132700,44612.5,44623.75812307
20181108132800,44625.0,44611.305636167526
20181108132900,44625.0,44615.590132027864
20181108133000,44612.5,44619.67458426952
20181108133100,44612.5,44611.305636167526
20181108133200,44587.5,44607.22072720528
20181108133300,44625.0,44590.4819175601
20181108133400,44612.5,44607.419400662184
20181108133500,44587.5,44611.305636167526
20181108133600,44587.5,44590.4819175601
20181108133700,44625.0,44582.30981603265
20181108133800,44600.0,44607.419400662184
20181108133900,44575.0,44602.93668806553
20181108134000,44587.5,44578.02623361349
20181108134100,44562.5,44578.222623467445
20181108134200,44587.5,44565.56872278452
20181108134300,44612.5,44574.13543090224
20181108134400,44637.5,44599.049995839596
20181108134500,44675.0,44623.95862340927
20181108134600,44662.5,44657.229804992676
20181108134700,44662.5,44661.10827624798
20181108134800,44687.5,44657.02656432986
20181108134900,44687.5,44673.75989332795
20181108135000,44712.5,44681.92103356123
20181108135100,44737.5,44698.652535676956
20181108135200,44737.5,44723.53924065828
20181108135300,44725.0,44731.694443523884
20181108135400,44725.0,44723.33097606897
20181108135500,44737.5,44719.25337463617
20181108135600,44762.5,44727.61684209108
20181108135700,44762.5,44748.421378433704
20181108135800,44762.5,44756.57247081399
20181108135900,44775.0,44756.57247081399
20181108140000,44762.5,44764.93502482772
20181108140100,44762.5,44760.64778864384
20181108140200,44737.5,44756.57247081399
20181108140300,44737.5,44739.84690606594
20181108140400,44712.5,44731.694443523884
20181108140500,44725.0,44714.96705189347
20181108140600,44712.5,44715.17531648278
20181108140700,44725.0,44710.88899374008
20181108140800,44725.0,44715.17531648278
20181108140900,44725.0,44719.25337463617
20181108141000,44725.0,44719.25337463617
20181108141100,44712.5,44719.25337463617
20181108141200,44725.0,44710.88899374008
20181108141300,44725.0,44715.17531648278
20181108141400,44725.0,44719.25337463617
20181108141500,44712.5,44719.25337463617
20181108141600,44687.5,44710.88899374008
20181108141700,44662.5,44690.080346912146
20181108141800,44662.5,44665.1895314455
20181108141900,44675.0,44657.02656432986
20181108142000,44687.5,44665.39322882891
20181108142100,44712.5,44677.840691804886
20181108142200,44712.5,44698.652535676956
20181108142300,44687.5,44706.8104788661
20181108142400,44662.5,44690.080346912146
20181108142500,44675.0,44665.1895314455
20181108142600,44662.5,44665.39322882891
20181108142700,44662.5,44661.10827624798
20181108142800,44662.5,44657.02656432986
20181108142900,44662.5,44657.02656432986
20181108143000,44675.0,44657.02656432986
20181108143100,44687.5,44665.39322882891
20181108143200,44712.5,44677.840691804886
20181108143300,44712.5,44698.652535676956
20181108143400,44725.0,44706.8104788661
20181108143500,44712.5,44715.17531648278
20181108143600,44712.5,44710.88899374008
20181108143700,44712.5,44706.8104788661
20181108143800,44712.5,44706.8104788661
20181108143900,44712.5,44706.8104788661
20181108144000,44725.0,44706.8104788661
20181108144100,44725.0,44715.17531648278
20181108144200,44662.5,44719.25337463617
20181108144300,44612.5,44677.42964327335
20181108144400,44612.5,44623.55762273073
20181108144500,44612.5,44607.22072720528
20181108144600,44612.5,44607.22072720528
20181108144700,44625.0,44607.22072720528
20181108144800,44612.5,44615.590132027864
20181108144900,44625.0,44611.305636167526
20181108145000,44612.5,44615.590132027864
20181108145100,44625.0,44611.305636167526
20181108145200,44625.0,44615.590132027864
20181108145300,44612.5,44619.67458426952
20181108145400,44625.0,44611.305636167526
20181108145500,44625.0,44615.590132027864
20181108145600,44612.5,44619.67458426952
20181108145700,44587.5,44611.305636167526
20181108145800,44562.5,44590.4819175601
20181108145900,44562.5,44565.56872278452
20181108150000,44562.5,44557.39342421293
20181108150100,44562.5,44557.39342421293
20181108150200,44575.0,44557.39342421293
20181108150300,44550.0,44565.76465591788
20181108150400,44525.0,44553.110298514366
20181108150500,44512.5,44528.188882768154
20181108150600,44512.5,44511.63550168276
20181108150700,44525.0,44507.54328519106
20181108150800,44537.5,44515.91680049896
20181108150900,44550.0,44528.3807054162
20181108151000,44512.5,44540.84324017167
20181108151100,44475.0,44519.81719434261
20181108151200,44450.0,44482.42273926735
20181108151300,44412.5,44453.391751646996
20181108151400,44362.5,44420.07261440158
20181108151500,44337.5,44374.268106371164
20181108151600,44337.5,44341.10334068537
20181108151700,44362.5,44332.89698511362
20181108151800,44337.5,44349.657260626554
20181108151900,44312.5,44341.10334068537
20181108153000,44050.0,44316.135796159506
20181108153500,44050.0,44131.90978169441
20181109090000,44287.5,44045.39639726281
20181109090100,44250.0,44204.81426268816
20181109090200,44412.5,44257.801158726215
20181109090300,44462.5,44354.45465371013
20181109090400,44425.0,44441.28774255514
20181109090500,44437.5,44432.54565373063
20181109090600,44562.5,44428.63110154867
20181109090700,44612.5,44516.48678779602
20181109090800,44725.0,44590.87698087096
20181109090900,44787.5,44682.53623619676
20181109091000,44762.5,44761.0720820725
20181109091100,44750.0,44764.722649753094
20181109091200,44787.5,44748.21037352085
20181109091300,44787.5,44769.2222610116
20181109091400,44775.0,44781.44593089819
20181109091500,44750.0,44773.08429032564
20181109091600,44700.0,44752.28614807129
20181109091700,44625.0,44710.68072915077
20181109091800,44600.0,44644.171706587076
20181109091900,44600.0,44602.93668806553
20181109092000,44612.5,44594.76595669985
20181109092100,44575.0,44603.135361522436
20181109092200,44512.5,44582.1129694581
20181109092300,44450.0,44527.996146678925
20181109092400,44487.5,44465.67479521036
20181109092500,44450.0,44470.32786458731
20181109092600,44412.5,44457.48716518283
20181109092700,44387.5,44420.07261440158
20181109092800,44400.0,44391.0233579576
20181109092900,44362.5,44391.20193570852
20181109093000,44375.0,44370.167212188244
20181109093100,44437.5,44366.2421554327
20181109093200,44412.5,44412.23757266998
20181109093300,44425.0,44415.97537398338
20181109093400,44387.5,44416.15577861667
20181109093500,44362.5,44395.12288197875
20181109093600,44337.5,44366.06631800532
20181109093700,44337.5,44341.10334068537
20181109093800,44325.0,44332.89698511362
20181109093900,44300.0,44324.51616227627
20181109094000,44325.0,44303.64951193333
20181109094100,44312.5,44312.20069155097
20181109094200,44300.0,44312.03079149127
20181109094300,44262.5,44299.5440505445
20181109094400,44250.0,44270.29155343771
20181109094500,44237.5,44249.58292841911
20181109094600,44200.0,44237.088879942894
20181109094700,44237.5,44207.82587826252
20181109094800,44187.5,44220.641914755106
20181109094900,44162.5,44199.44140166044
20181109095000,44162.5,44166.214065253735
20181109095100,44112.5,44157.981676608324
20181109095200,44100.0,44124.43509250879
20181109095300,44062.5,44099.56893995404
20181109095400,44087.5,44070.28173208237
20181109095500,44100.0,44074.69136938453
20181109095600,44050.0,44091.32650345564
20181109095700,44037.5,44061.893144994974
20181109095800,44050.0,44037.00689673424
20181109095900,44012.5,44041.27175360918
20181109100000,43987.5,44020.22606879473
20181109100100,43950.0,43991.06217548251
20181109100200,43912.5,43957.627031207085
20181109100300,43937.5,43920.05171477795
20181109100400,43987.5,43924.436689168215
20181109100500,43987.5,43966.28005951643
20181109100600,43987.5,43982.80329704285
20181109100700,43975.0,43982.80329704285
20181109100800,44012.5,43974.41151291132
20181109100900,44012.5,43995.459024608135
20181109101000,44012.5,44007.845287024975
20181109101100,44025.0,44007.845287024975
20181109101200,44050.0,44016.23615771532
20181109101300,44087.5,44037.14573979378
20181109101400,44050.0,44070.56809589267
20181109101500,44037.5,44057.769871503115
20181109101600,44050.0,44037.00689673424
20181109101700,44037.5,44041.27175360918
20181109101800,44100.0,44037.00689673424
20181109101900,44112.5,44074.83477964997
20181109102000,44112.5,44103.83699387312
20181109102100,44087.5,44107.957527041435
20181109102200,44100.0,44091.18080958724
20181109102300,44087.5,44091.32650345564
20181109102400,44125.0,44087.05936297774
20181109102500,44162.5,44108.104591071606
20181109102600,44187.5,44145.62921151519
20181109102700,44225.0,44174.755653738976
20181109102800,44225.0,44208.14329907298
20181109102900,44212.5,44220.4820625484
20181109103000,44150.0,44212.09712922573
20181109103100,44187.5,44166.059693694115
20181109103200,44237.5,44170.639231055975
20181109103300,44200.0,44216.52914583683
20181109103400,44237.5,44207.82587826252
20181109103500,44212.5,44220.641914755106
20181109103600,44225.0,44216.20989814401
20181109103700,44225.0,44216.369750350714
20181109103800,44237.5,44220.4820625484
20181109103900,44212.5,44228.86699587107
20181109104000,44162.5,44216.20989814401
20181109104100,44187.5,44174.44462701678
20181109104200,44175.0,44174.755653738976
20181109104300,44187.5,44174.600368738174
20181109104400,44175.0,44178.870706260204
20181109104500,44150.0,44174.600368738174
20181109104600,44137.5,44153.712252527475
20181109104700,44187.5,44137.09082007408
20181109104800,44200.0,44166.522351652384
20181109104900,44225.0,44191.37206226587
20181109105000,44225.0,44212.25698143244
20181109105100,44225.0,44220.4820625484
20181109105200,44212.5,44220.4820625484
20181109105300,44187.5,44212.09712922573
20181109105400,44162.5,44191.21495038271
20181109105500,44162.5,44166.214065253735
20181109105600,44150.0,44157.981676608324
20181109105700,44137.5,44149.595373123884
20181109105800,44137.5,44137.09082007408
20181109105900,44162.5,44132.97257050872
20181109110000,44187.5,44149.74746108055
20181109110100,44212.5,44174.755653738976
20181109110200,44200.0,44199.75790902972
20181109110300,44187.5,44199.59988370538
20181109110400,44162.5,44187.10035458207
20181109110500,44162.5,44166.214065253735
20181109110600,44200.0,44157.981676608324
20181109110700,44225.0,44183.141957223415
20181109110800,44237.5,44212.25698143244
20181109110900,44212.5,44228.86699587107
20181109111000,44200.0,44216.20989814401
20181109111100,44187.5,44199.59988370538
20181109111200,44200.0,44187.10035458207
20181109111300,44237.5,44191.37206226587
20181109111400,44200.0,44220.641914755106
20181109111500,44225.0,44207.82587826252
20181109111600,44225.0,44212.25698143244
20181109111700,44237.5,44220.4820625484
20181109111800,44225.0,44228.86699587107
20181109111900,44200.0,44224.59391802549
20181109112000,44200.0,44203.713109344244
20181109112100,44225.0,44195.48620134592
20181109112200,44225.0,44212.25698143244
20181109112300,44237.5,44220.4820625484
20181109112400,44237.5,44228.86699587107
20181109112500,44275.0,44232.97748118639
20181109112600,44262.5,44258.12999755144
20181109112700,44312.5,44262.07515001297
20181109112800,44337.5,44291.49800390005
20181109112900,44362.5,44324.68788921833
20181109113000,44362.5,44349.657260626554
20181109113100,44287.5,44357.86270275712
20181109113200,44237.5,44307.58507326245
20181109113300,44300.0,44249.4185090065
20181109113400,44337.5,44274.897580593824
20181109113500,44337.5,44320.58197110891
20181109113600,44325.0,44332.89698511362
20181109113700,44325.0,44324.51616227627
20181109113800,44325.0,44320.41161432862
20181109113900,44312.5,44320.41161432862
20181109114000,44337.5,44312.03079149127
20181109114100,44325.0,44324.68788921833
20181109114200,44312.5,44324.51616227627
20181109114300,44337.5,44312.03079149127
20181109114400,44325.0,44324.68788921833
20181109114500,44337.5,44324.51616227627
20181109114600,44300.0,44328.792437165976
20181109114700,44262.5,44307.755430042744
20181109114800,44275.0,44270.29155343771
20181109114900,44275.0,44266.349141299725
20181109115000,44287.5,44270.457343012094
20181109115100,44312.5,44278.83999273181
20181109115200,44325.0,44299.71258044243
20181109115300,44325.0,44316.30660966039
20181109115400,44325.0,44320.41161432862
20181109115500,44325.0,44320.41161432862
20181109115600,44300.0,44320.41161432862
20181109115700,44287.5,44303.64951193333
20181109115800,44312.5,44287.05548271537
20181109115900,44262.5,44299.71258044243
20181109120000,44275.0,44274.39929842949
20181109120100,44287.5,44266.349141299725
20181109120200,44275.0,44278.83999273181
20181109120300,44275.0,44274.566001445055
20181109120400,44275.0,44270.457343012094
20181109120500,44275.0,44270.457343012094
20181109120600,44275.0,44270.457343012094
20181109120700,44275.0,44270.457343012094
20181109120800,44275.0,44270.457343012094
20181109120900,44287.5,44270.457343012094
20181109121000,44312.5,44278.83999273181
20181109121100,44325.0,44299.71258044243
20181109121200,44337.5,44316.30660966039
20181109121300,44312.5,44328.792437165976
20181109121400,44337.5,44316.135796159506
20181109121500,44337.5,44324.68788921833
20181109121600,44337.5,44332.89698511362
20181109121700,44337.5,44332.89698511362
20181109121800,44337.5,44332.89698511362
20181109121900,44325.0,44332.89698511362
20181109122000,44312.5,44324.51616227627
20181109122100,44325.0,44312.03079149127
20181109122200,44337.5,44316.30660966039
20181109122300,44337.5,44328.792437165976
20181109122400,44325.0,44332.89698511362
20181109122500,44325.0,44324.51616227627
20181109122600,44325.0,44320.41161432862
20181109122700,44337.5,44320.41161432862
20181109122800,44312.5,44328.792437165976
20181109122900,44275.0,44316.135796159506
20181109123000,44250.0,44282.78103470802
20181109123100,44275.0,44253.692043572664
20181109123200,44275.0,44262.23956942558
20181109123300,44275.0,44270.457343012094
20181109123400,44250.0,44270.457343012094
20181109123500,44237.5,44253.692043572664
20181109123600,44225.0,44237.088879942894
20181109123700,44250.0,44224.59391802549
20181109123800,44237.5,44237.251015752554
20181109123900,44237.5,44237.088879942894
20181109124000,44275.0,44232.97748118639
20181109124100,44287.5,44258.12999755144
20181109124200,44262.5,44278.83999273181
20181109124300,44262.5,44266.18380844593
20181109124400,44262.5,44257.96557813883
20181109124500,44275.0,44257.96557813883
20181109124600,44262.5,44266.349141299725
20181109124700,44287.5,44262.07515001297
20181109124800,44287.5,44274.73179101944
20181109124900,44275.0,44282.94819444418
20181109125000,44287.5,44274.566001445055
20181109125100,44262.5,44278.83999273181
20181109125200,44250.0,44266.18380844593
20181109125300,44287.5,44249.58292841911
20181109125400,44262.5,44270.62313258648
20181109125500,44275.0,44266.18380844593
20181109125600,44275.0,44266.349141299725
20181109125700,44275.0,44270.457343012094
20181109125800,44275.0,44270.457343012094
20181109125900,44262.5,44270.457343012094
20181109130000,44287.5,44262.07515001297
20181109130100,44312.5,44274.73179101944
20181109130200,44275.0,44299.71258044243
20181109130300,44300.0,44282.78103470802
20181109130400,44350.0,44287.222642451525
20181109130500,44387.5,44328.96416410804
20181109130600,44362.5,44370.51980048418
20181109130700,44375.0,44366.06631800532
20181109130800,44375.0,44366.2421554327
20181109130900,44375.0,44370.34350633621
20181109131000,44375.0,44370.34350633621
20181109131100,44337.5,44370.34350633621
20181109131200,44337.5,44345.20651847124
20181109131300,44325.0,44332.89698511362
20181109131400,44325.0,44324.51616227627
20181109131500,44337.5,44320.41161432862
20181109131600,44325.0,44328.792437165976
20181109131700,44337.5,44324.51616227627
20181109131800,44312.5,44328.792437165976
20181109131900,44262.5,44316.135796159506
20181109132000,44287.5,44274.39929842949
20181109132100,44287.5,44274.73179101944
20181109132200,44275.0,44282.94819444418
20181109132300,44262.5,44274.566001445055
20181109132400,44275.0,44262.07515001297
20181109132500,44287.5,44266.349141299725
20181109132600,44275.0,44278.83999273181
20181109132700,44275.0,44274.566001445055
20181109132800,44275.0,44270.457343012094
20181109132900,44275.0,44270.457343012094
20181109133000,44312.5,44270.457343012094
20181109133100,44325.0,44295.60574889183
20181109133200,44300.0,44316.30660966039
20181109133300,44287.5,44303.64951193333
20181109133400,44262.5,44287.05548271537
20181109133500,44275.0,44266.18380844593
20181109133600,44275.0,44266.349141299725
20181109133700,44262.5,44270.457343012094
20181109133800,44312.5,44262.07515001297
20181109133900,44312.5,44291.49800390005
20181109134000,44337.5,44307.925330102444
20181109134100,44325.0,44324.68788921833
20181109134200,44300.0,44324.51616227627
20181109134300,44312.5,44303.64951193333
20181109134400,44300.0,44303.818955272436
20181109134500,44275.0,44299.5440505445
20181109134600,44275.0,44278.674203157425
20181109134700,44287.5,44270.457343012094
20181109134800,44275.0,44278.83999273181
20181109134900,44287.5,44274.566001445055
20181109135000,44275.0,44278.83999273181
20181109135100,44287.5,44274.566001445055
20181109135200,44275.0,44278.83999273181
20181109135300,44262.5,44274.566001445055
20181109135400,44275.0,44262.07515001297
20181109135500,44275.0,44266.349141299725
20181109135600,44287.5,44270.457343012094
20181109135700,44287.5,44278.83999273181
20181109135800,44312.5,44282.94819444418
20181109135900,44312.5,44299.71258044243
20181109140000,44337.5,44307.925330102444
20181109140100,44312.5,44324.68788921833
20181109140200,44312.5,44316.135796159506
20181109140300,44300.0,44307.925330102444
20181109140400,44275.0,44299.5440505445
20181109140500,44287.5,44278.674203157425
20181109140600,44300.0,44278.83999273181
20181109140700,44325.0,44291.330844163895
20181109140800,44337.5,44312.20069155097
20181109140900,44325.0,44328.792437165976
20181109141000,44312.5,44324.51616227627
20181109141100,44312.5,44312.03079149127
20181109141200,44312.5,44307.925330102444
20181109141300,44325.0,44307.925330102444
20181109141400,44325.0,44316.30660966039
20181109141500,44300.0,44320.41161432862
20181109141600,44300.0,44303.64951193333
20181109141700,44275.0,44295.43767571449
20181109141800,44287.5,44278.674203157425
20181109141900,44312.5,44278.83999273181
20181109142000,44325.0,44299.71258044243
20181109142100,44312.5,44316.30660966039
20181109142200,44337.5,44312.03079149127
20181109142300,44300.0,44324.68788921833
20181109142400,44275.0,44307.755430042744
20181109142500,44312.5,44278.674203157425
20181109142600,44312.5,44295.60574889183
20181109142700,44325.0,44307.925330102444
20181109142800,44337.5,44316.30660966039
20181109142900,44325.0,44328.792437165976
20181109143000,44325.0,44324.51616227627
20181109143100,44337.5,44320.41161432862
20181109143200,44362.5,44328.792437165976
20181109143300,44375.0,44349.657260626554
20181109143400,44375.0,44366.2421554327
20181109143500,44400.0,44370.34350633621
20181109143600,44437.5,44387.10149824619
20181109143700,44437.5,44420.4357072711
20181109143800,44400.0,44432.72788524628
20181109143900,44375.0,44407.598204910755
20181109144000,44375.0,44378.54529470205
20181109144100,44375.0,44370.34350633621
20181109144200,44387.5,44370.34350633621
20181109144300,44387.5,44378.7225022912
20181109144400,44375.0,44382.82385319471
20181109144500,44375.0,44374.44485723972
20181109144600,44387.5,44370.34350633621
20181109144700,44375.0,44378.7225022912
20181109144800,44387.5,44374.44485723972
20181109144900,44350.0,44378.7225022912
20181109145000,44325.0,44357.68777877092
20181109145100,44362.5,44328.62025350332
20181109145200,44375.0,44345.5531693995
20181109145300,44362.5,44366.2421554327
20181109145400,44362.5,44361.96451038122
20181109145500,44325.0,44357.86270275712
20181109145600,44312.5,44332.72434473038
20181109145700,44312.5,44312.03079149127
20181109145800,44325.0,44307.925330102444
20181109145900,44312.5,44316.30660966039
20181109150000,44337.5,44312.03079149127
20181109150100,44287.5,44324.68788921833
20181109150200,44275.0,44299.37460720539
20181109150300,44287.5,44274.566001445055
20181109150400,44275.0,44278.83999273181
20181109150500,44262.5,44274.566001445055
20181109150600,44275.0,44262.07515001297
20181109150700,44250.0,44266.349141299725
20181109150800,44212.5,44253.692043572664
20181109150900,44225.0,44220.32129690051
20181109151000,44200.0,44216.369750350714
20181109151100,44175.0,44203.713109344244
20181109151200,44162.5,44178.7154212594
20181109151300,44175.0,44162.098099291325
20181109151400,44175.0,44166.368893533945
20181109151500,44187.5,44170.484402775764
20181109151600,44187.5,44178.870706260204
20181109151700,44200.0,44182.986215502024
20181109151800,44175.0,44191.37206226587
20181109151900,44187.5,44178.7154212594
20181109153000,44300.0,44178.870706260204
20181109153500,44300.0,44258.457009494305
20181112090000,43800.0,44295.43767571449
20181112090100,43937.5,43960.16320064664
20181112090200,44025.0,43887.20254302025
20181112090300,44025.0,43991.46180599928
20181112090400,44062.5,44020.363998413086
20181112090500,44100.0,44045.537067204714
20181112090600,44075.0,44083.08132663369
20181112090700,44087.5,44078.67077589035
20181112090800,44162.5,44078.81464287639
20181112090900,44137.5,44133.27263593674
20181112091000,44125.0,44141.208612918854
20181112091100,44162.5,44124.58489686251
20181112091200,44150.0,44145.62921151519
20181112091300,44150.0,44149.595373123884
20181112091400,44112.5,44145.4780369997
20181112091500,44112.5,44120.31638622284
20181112091600,44162.5,44107.957527041435
20181112091700,44237.5,44141.510961949825
20181112091800,44225.0,44208.301781117916
20181112091900,44225.0,44224.59391802549
20181112092000,44287.5,44220.4820625484
20181112092100,44350.0,44262.403988838196
20181112092200,44350.0,44324.85870271921
20181112092300,44375.0,44345.380072295666
20181112092400,44362.5,44362.13989108801
20181112092500,44362.5,44361.96451038122
20181112092600,44400.0,44357.86270275712
20181112092700,44400.0,44383.00060406327
20181112092800,44387.5,44395.30145972967
20181112092900,44412.5,44386.92337721586
20181112093000,44425.0,44399.58001822233
20181112093100,44425.0,44416.15577861667
20181112093200,44425.0,44420.253932476044
20181112093300,44425.0,44420.253932476044
20181112093400,44437.5,44420.253932476044
20181112093500,44412.5,44428.63110154867
20181112093600,44400.0,44415.97537398338
20181112093700,44400.0,44399.40098375082
20181112093800,44375.0,44395.30145972967
20181112093900,44375.0,44378.54529470205
20181112094000,44375.0,44370.34350633621
20181112094100,44387.5,44370.34350633621
20181112094200,44362.5,44378.7225022912
20181112094300,44375.0,44366.06631800532
20181112094400,44375.0,44366.2421554327
20181112094500,44375.0,44370.34350633621
20181112094600,44375.0,44370.34350633621
20181112094700,44362.5,44370.34350633621
20181112094800,44325.0,44361.96451038122
20181112094900,44350.0,44332.72434473038
20181112095000,44375.0,44337.17280328274
20181112095100,44375.0,44362.13989108801
20181112095200,44400.0,44370.34350633621
20181112095300,44425.0,44387.10149824619
20181112095400,44437.5,44412.05762475729
20181112095500,44425.0,44428.63110154867
20181112095600,44425.0,44424.35162961483
20181112095700,44412.5,44420.253932476044
20181112095800,44437.5,44411.876763403416
20181112095900,44462.5,44424.533404409885
20181112100000,44475.0,44449.48085322976
20181112100100,44462.5,44466.047479212284
20181112100200,44500.0,44461.76709383726
20181112100300,44562.5,44482.797706872225
20181112100400,44575.0,44536.946043372154
20181112100500,44587.5,44565.76465591788
20181112100600,44575.0,44578.222623467445
20181112100700,44575.0,44573.93949776888
20181112100800,44575.0,44569.851848483086
20181112100900,44587.5,44569.851848483086
20181112101000,44575.0,44578.222623467445
20181112101100,44587.5,44573.93949776888
20181112101200,44562.5,44578.222623467445
20181112101300,44587.5,44565.56872278452
20181112101400,44575.0,44574.13543090224
20181112101500,44575.0,44573.93949776888
20181112101600,44562.5,44569.851848483086
20181112101700,44612.5,44561.48153021932
20181112101800,44612.5,44590.87698087096
20181112101900,44625.0,44607.22072720528
20181112102000,44625.0,44615.590132027864
20181112102100,44637.5,44619.67458426952
20181112102200,44625.0,44628.04261893034
20181112102300,44600.0,44623.75812307
20181112102400,44575.0,44602.93668806553
20181112102500,44575.0,44578.02623361349
20181112102600,44587.5,44569.851848483086
20181112102700,44625.0,44578.222623467445
20181112102800,44625.0,44607.419400662184
20181112102900,44625.0,44619.67458426952
20181112103000,44650.0,44619.67458426952
20181112103100,44650.0,44636.410653591156
20181112103200,44637.5,44644.57727447152
20181112103300,44650.0,44636.209696531296
20181112103400,44662.5,44640.494649112225
20181112103500,44725.0,44652.943938970566
20181112103600,44762.5,44698.8589733839
20181112103700,44800.0,44744.345147162676
20181112103800,44800.0,44781.659676134586
20181112103900,44837.5,44793.88060569763
20181112104000,44837.5,44818.96233037114
20181112104100,44875.0,44831.17640912533
20181112104200,44900.0,44856.25265315175
20181112104300,44900.0,44885.17448455095
20181112104400,44912.5,44893.30959171057
20181112104500,44875.0,44901.66620835662
20181112104600,44862.5,44880.66345527768
20181112104700,44875.0,44860.102807730436
20181112104800,44837.5,44864.39187079668
20181112104900,44825.0,44843.38683411479
20181112105000,44837.5,44822.81705215573
20181112105100,44837.5,44827.10565850139
20181112105200,44850.0,44831.17640912533
20181112105300,44850.0,44839.53530937433
20181112105400,44887.5,44843.60560327768
20181112105500,44887.5,44868.680933862925
20181112105600,44887.5,44880.88542148471
20181112105700,44875.0,44880.88542148471
20181112105800,44875.0,44872.52834811807
20181112105900,44912.5,44868.46033781767
20181112110000,44912.5,44893.531557917595
20181112110100,44875.0,44905.732391774654
20181112110200,44887.5,44880.66345527768
20181112110300,44887.5,44876.8178679049
20181112110400,44875.0,44880.88542148471
20181112110500,44875.0,44872.52834811807
20181112110600,44862.5,44868.46033781767
20181112110700,44875.0,44860.102807730436
20181112110800,44862.5,44864.39187079668
20181112110900,44875.0,44860.102807730436
20181112111000,44875.0,44864.39187079668
20181112111100,44887.5,44868.46033781767
20181112111200,44900.0,44876.8178679049
20181112111300,44925.0,44889.24203813076
20181112111400,44912.5,44910.0214548409
20181112111500,44887.5,44909.7981184721
20181112111600,44900.0,44889.02007192373
20181112111700,44875.0,44889.24203813076
20181112111800,44862.5,44876.596358418465
20181112111900,44875.0,44860.102807730436
20181112112000,44875.0,44864.39187079668
20181112112100,44862.5,44868.46033781767
20181112112200,44875.0,44860.102807730436
20181112112300,44862.5,44864.39187079668
20181112112400,44875.0,44860.102807730436
20181112112500,44900.0,44864.39187079668
20181112112600,44912.5,44885.17448455095
20181112112700,44937.5,44901.66620835662
20181112112800,44912.5,44922.442884743214
20181112112900,44912.5,44913.863845169544
20181112113000,44925.0,44905.732391774654
20181112113100,44925.0,44914.087638258934
20181112113200,44925.0,44918.15336495638
20181112113300,44912.5,44918.15336495638
20181112113400,44912.5,44909.7981184721
20181112113500,44962.5,44905.732391774654
20181112113600,44975.0,44939.15292099118
20181112113700,44962.5,44963.76239657402
20181112113800,44962.5,44959.471963346004
20181112113900,44987.5,44955.409433692694
20181112114000,44962.5,44972.11535945535
20181112114100,44975.0,44963.5354064405
20181112114200,44987.5,44963.76239657402
20181112114300,44987.5,44976.17834582925
20181112114400,44975.0,44980.23996204138
20181112114500,44987.5,44971.88836932182
20181112114600,44975.0,44976.17834582925
20181112114700,44975.0,44971.88836932182
20181112114800,44962.5,44967.82538294792
20181112114900,44962.5,44959.471963346004
20181112115000,44975.0,44955.409433692694
20181112115100,44962.5,44963.76239657402
20181112115200,44987.5,44959.471963346004
20181112115300,44975.0,44972.11535945535
20181112115400,44975.0,44971.88836932182
20181112115500,44962.5,44967.82538294792
20181112115600,44962.5,44959.471963346004
20181112115700,44975.0,44955.409433692694
20181112115800,44975.0,44963.76239657402
20181112115900,44975.0,44967.82538294792
20181112120000,44962.5,44967.82538294792
20181112120100,44975.0,44959.471963346004
20181112120200,44975.0,44963.76239657402
20181112120300,44975.0,44967.82538294792
20181112120400,44975.0,44967.82538294792
20181112120500,44975.0,44967.82538294792
20181112120600,44975.0,44967.82538294792
20181112120700,44975.0,44967.82538294792
20181112120800,44975.0,44967.82538294792
20181112120900,44975.0,44967.82538294792
20181112121000,44987.5,44967.82538294792
20181112121100,44975.0,44976.17834582925
20181112121200,44975.0,44971.88836932182
20181112121300,44987.5,44967.82538294792
20181112121400,45025.0,44976.17834582925
20181112121500,45025.0,45005.296110361814
20181112121600,45062.5,45017.47730523348
20181112121700,45075.0,45042.52751618624
20181112121800,45075.0,45063.051169365644
20181112121900,45087.5,45067.10776165128
20181112122000,45075.0,45075.4561573267
20181112122100,45075.0,45071.16526737809
20181112122200,45075.0,45067.10776165128
20181112122300,45062.5,45067.10776165128
20181112122400,45062.5,45058.75982269645
20181112122500,45075.0,45054.70231696963
20181112122600,45075.0,45063.051169365644
20181112122700,45087.5,45067.10776165128
20181112122800,45087.5,45075.4561573267
20181112122900,45062.5,45079.51274961233
20181112123000,45062.5,45062.81687170267
20181112123100,45062.5,45054.70231696963
20181112123200,45050.0,45054.70231696963
20181112123300,45025.0,45046.35300785303
20181112123400,45012.5,45025.59642717242
20181112123500,45037.5,45009.126169234514
20181112123600,45075.0,45021.768195182085
20181112123700,45075.0,45054.935701191425
20181112123800,45075.0,45067.10776165128
20181112123900,45075.0,45067.10776165128
20181112124000,45075.0,45067.10776165128
20181112124100,45087.5,45067.10776165128
20181112124200,45087.5,45075.4561573267
20181112124300,45075.0,45079.51274961233
20181112124400,45087.5,45071.16526737809
20181112124500,45075.0,45075.4561573267
20181112124600,45100.0,45071.16526737809
20181112124700,45125.0,45083.80455300212
20181112124800,45125.0,45108.60996171832
20181112124900,45112.5,45116.71857908368
20181112125000,45137.5,45108.373380452394
20181112125100,45137.5,45121.01083919406
20181112125200,45125.0,45129.11854311824
20181112125300,45125.0,45120.77334448695
20181112125400,45125.0,45116.71857908368
20181112125500,45137.5,45116.71857908368
20181112125600,45137.5,45125.06469115615
20181112125700,45137.5,45129.11854311824
20181112125800,45137.5,45129.11854311824
20181112125900,45137.5,45129.11854311824
20181112130000,45112.5,45129.11854311824
20181112130100,45125.0,45112.427232414484
20181112130200,45137.5,45112.66472712159
20181112130300,45137.5,45125.06469115615
20181112130400,45137.5,45129.11854311824
20181112130500,45125.0,45129.11854311824
20181112130600,45112.5,45120.77334448695
20181112130700,45125.0,45108.373380452394
20181112130800,45125.0,45112.66472712159
20181112130900,45137.5,45116.71857908368
20181112131000,45125.0,45125.06469115615
20181112131100,45125.0,45120.77334448695
20181112131200,45112.5,45116.71857908368
20181112131300,45125.0,45108.373380452394
20181112131400,45137.5,45112.66472712159
20181112131500,45137.5,45125.06469115615
20181112131600,45137.5,45129.11854311824
20181112131700,45137.5,45129.11854311824
20181112131800,45125.0,45129.11854311824
20181112131900,45137.5,45120.77334448695
20181112132000,45125.0,45125.06469115615
20181112132100,45125.0,45120.77334448695
20181112132200,45112.5,45116.71857908368
20181112132300,45100.0,45108.373380452394
20181112132400,45112.5,45095.971589535475
20181112132500,45125.0,45100.26293620467
20181112132600,45137.5,45112.66472712159
20181112132700,45125.0,45125.06469115615
20181112132800,45125.0,45120.77334448695
20181112132900,45137.5,45116.71857908368
20181112133000,45137.5,45125.06469115615
20181112133100,45125.0,45129.11854311824
20181112133200,45125.0,45120.77334448695
20181112133300,45125.0,45116.71857908368
20181112133400,45125.0,45116.71857908368
20181112133500,45125.0,45116.71857908368
20181112133600,45137.5,45116.71857908368
20181112133700,45125.0,45125.06469115615
20181112133800,45125.0,45120.77334448695
20181112133900,45137.5,45116.71857908368
20181112134000,45125.0,45125.06469115615
20181112134100,45125.0,45120.77334448695
20181112134200,45162.5,45116.71857908368
20181112134300,45187.5,45141.75554513931
20181112134400,45187.5,45170.60247436166
20181112134500,45175.0,45178.70515435934
20181112134600,45175.0,45170.36178261042
20181112134700,45187.5,45166.31021425128
20181112134800,45187.5,45174.654499441385
20181112134900,45175.0,45178.70515435934
20181112135000,45175.0,45170.36178261042
20181112135100,45162.5,45166.31021425128
20181112135200,45187.5,45157.966385781765
20181112135300,45187.5,45170.60247436166
20181112135400,45162.5,45178.70515435934
20181112135500,45125.0,45162.01841086149
20181112135600,45137.5,45128.88013496995
20181112135700,45125.0,45125.06469115615
20181112135800,45125.0,45120.77334448695
20181112135900,45137.5,45116.71857908368
20181112140000,45125.0,45125.06469115615
20181112140100,45125.0,45120.77334448695
20181112140200,45137.5,45116.71857908368
20181112140300,45112.5,45125.06469115615
20181112140400,45112.5,45112.427232414484
20181112140500,45125.0,45104.31770160794
20181112140600,45137.5,45112.66472712159
20181112140700,45125.0,45125.06469115615
20181112140800,45125.0,45120.77334448695
20181112140900,45100.0,45116.71857908368
20181112141000,45087.5,45100.026811659336
20181112141100,45062.5,45083.568885177374
20181112141200,45025.0,45062.81687170267
20181112141300,45012.5,45029.65438961983
20181112141400,45037.5,45009.126169234514
20181112141500,45087.5,45021.768195182085
20181112141600,45087.5,45063.284096866846
20181112141700,45075.0,45079.51274961233
20181112141800,45087.5,45071.16526737809
20181112141900,45100.0,45075.4561573267
20181112142000,45137.5,45087.86023184657
20181112142100,45125.0,45116.95607379079
20181112142200,45137.5,45120.77334448695
20181112142300,45125.0,45125.06469115615
20181112142400,45137.5,45120.77334448695
20181112142500,45137.5,45125.06469115615
20181112142600,45125.0,45129.11854311824
20181112142700,45175.0,45120.77334448695
20181112142800,45175.0,45150.10028705001
20181112142900,45187.5,45166.31021425128
20181112143000,45175.0,45174.654499441385
20181112143100,45175.0,45170.36178261042
20181112143200,45187.5,45166.31021425128
20181112143300,45175.0,45174.654499441385
20181112143400,45175.0,45170.36178261042
20181112143500,45187.5,45166.31021425128
20181112143600,45187.5,45174.654499441385
20181112143700,45175.0,45178.70515435934
20181112143800,45187.5,45170.36178261042
20181112143900,45187.5,45174.654499441385
20181112144000,45187.5,45178.70515435934
20181112144100,45175.0,45178.70515435934
20181112144200,45162.5,45170.36178261042
20181112144300,45162.5,45157.966385781765
20181112144400,45187.5,45153.91436070204
20181112144500,45187.5,45170.60247436166
20181112144600,45175.0,45178.70515435934
20181112144700,45187.5,45170.36178261042
20181112144800,45175.0,45174.654499441385
20181112144900,45187.5,45170.36178261042
20181112145000,45187.5,45174.654499441385
20181112145100,45187.5,45178.70515435934
20181112145200,45187.5,45178.70515435934
20181112145300,45187.5,45178.70515435934
20181112145400,45175.0,45178.70515435934
20181112145500,45175.0,45170.36178261042
20181112145600,45175.0,45166.31021425128
20181112145700,45162.5,45166.31021425128
20181112145800,45187.5,45157.966385781765
20181112145900,45175.0,45170.60247436166
20181112150000,45187.5,45170.36178261042
20181112150100,45175.0,45174.654499441385
20181112150200,45187.5,45170.36178261042
20181112150300,45187.5,45174.654499441385
20181112150400,45187.5,45178.70515435934
20181112150500,45162.5,45178.70515435934
20181112150600,45125.0,45162.01841086149
20181112150700,45112.5,45128.88013496995
20181112150800,45100.0,45108.373380452394
20181112150900,45112.5,45095.971589535475
20181112151000,45125.0,45100.26293620467
20181112151100,45112.5,45112.66472712159
20181112151200,45112.5,45108.373380452394
20181112151300,45112.5,45104.31770160794
20181112151400,45100.0,45104.31770160794
20181112151500,45100.0,45095.971589535475
20181112151600,45075.0,45091.91591069102
20181112151700,45050.0,45075.221402943134
20181112151800,45075.0,45050.410970300436
20181112151900,45062.5,45058.99366363883
20181112153000,45200.0,45058.75982269645
20181112153500,45200.0,45146.52416482568
20181113090000,44037.5,45191.09872430563
20181113090100,44175.0,44414.45266753435
20181113090200,44212.5,44125.18000379205
20181113090300,44112.5,44195.643313229084
20181113090400,43975.0,44140.90443700552
20181113090500,43950.0,44015.68763628602
20181113090600,43987.5,43953.495993465185
20181113090700,44000.0,43970.41155397892
20181113090800,43975.0,43991.195994615555
20181113090900,43925.0,43978.54118049145
20181113091000,43887.5,43936.71105504036
20181113091100,43887.5,43894.99556645751
20181113091200,43937.5,43882.58601129055
20181113091300,43975.0,43916.165935993195
20181113091400,43962.5,43957.88599178195
20181113091500,43900.0,43961.88777759671
20181113091600,43862.5,43915.79325199127
20181113091700,43825.0,43869.93485093117
20181113091800,43812.5,43832.333044707775
20181113091900,43750.0,43811.512979865074
20181113092000,43750.0,43765.388767421246
20181113092100,43775.0,43744.65639293194
20181113092200,43787.5,43761.45229265094
20181113092300,43775.0,43778.14268991351
20181113092400,43750.0,43773.891077935696
20181113092500,43675.0,43752.95089557767
20181113092600,43600.0,43694.27189081907
20181113092700,43562.5,43618.96871328354
20181113092800,43525.0,43568.82216259837
20181113092900,43450.0,43531.1367765069
20181113093000,43487.5,43468.242240697145
20181113093100,43562.5,43468.43314990401
20181113093200,43600.0,43531.35326206684
20181113093300,43612.5,43581.54091760516
20181113093400,43612.5,43602.422183007
20181113093500,43600.0,43606.58108070493
20181113093600,43600.0,43598.18107560277
20181113093700,43612.5,43594.022177904844
20181113093800,43625.0,43602.422183007
20181113093900,43600.0,43614.981542527676
20181113094000,43687.5,43602.339516580105
20181113094100,43787.5,43652.829064428806
20181113094200,43800.0,43749.110332131386
20181113094300,43775.0,43790.685607492924
20181113094400,43787.5,43778.0362740159
20181113094500,43800.0,43778.14268991351
20181113094600,43875.0,43790.685607492924
20181113094700,43862.5,43845.213478803635
20181113094800,43850.0,43861.65816038847
20181113094900,43862.5,43849.12346377969
20181113095000,43887.5,43853.37918624282
20181113095100,43862.5,43874.31023418903
20181113095200,43912.5,43865.79650565982
20181113095300,43937.5,43891.10156670213
20181113095400,43937.5,43924.436689168215
20181113095500,43900.0,43932.70470201969
20181113095600,43875.0,43907.524782419205
20181113095700,43950.0,43878.32891866565
20181113095800,44037.5,43920.42576894164
20181113095900,44062.5,44003.98554131389
20181113100000,44050.0,44049.662624299526
20181113100100,43987.5,44049.521954357624
20181113100200,43975.0,44003.44569757581
20181113100300,43950.0,43974.41151291132
20181113100400,43975.0,43953.495993465185
20181113100500,43962.5,43962.01794296503
20181113100600,43950.0,43961.88777759671
20181113100700,43925.0,43949.363585561514
20181113100800,43925.0,43928.444869071245
20181113100900,43962.5,43920.17731294036
20181113101000,43975.0,43945.35905942321
20181113101100,43975.0,43966.14989414811
20181113101200,43987.5,43970.28093189001
20181113101300,43987.5,43978.67362946272
20181113101400,44000.0,43982.80329704285
20181113101500,43987.5,43991.195994615555
20181113101600,44000.0,43986.932964622974
20181113101700,43975.0,43991.195994615555
20181113101800,43962.5,43978.54118049145
20181113101900,43937.5,43961.88777759671
20181113102000,43912.5,43940.970887988806
20181113102100,43900.0,43915.9179367125
20181113102200,43900.0,43899.253572523594
20181113102300,43887.5,43895.11796757579
20181113102400,43887.5,43886.72298640013
20181113102500,43912.5,43882.58601129055
20181113102600,43950.0,43899.37597364187
20181113102700,43950.0,43932.831213623285
20181113102800,43925.0,43945.23163437843
20181113102900,43925.0,43928.444869071245
20181113103000,43937.5,43920.17731294036
20181113103100,43912.5,43928.57092395425
20181113103200,43937.5,43915.9179367125
20181113103300,43925.0,43924.436689168215
20181113103400,43912.5,43924.3110910058
20181113103500,43925.0,43911.78324520588
20181113103600,43912.5,43916.042621433735
20181113103700,43887.5,43911.78324520588
20181113103800,43925.0,43890.859961509705
20181113103900,43937.5,43907.77095481753
20181113104000,43925.0,43928.57092395425
20181113104100,43900.0,43924.3110910058
20181113104200,43875.0,43903.38963419199
20181113104300,43875.0,43878.32891866565
20181113104400,43887.5,43870.05359828472
20181113104500,43887.5,43878.44812273979
20181113104600,43875.0,43882.58601129055
20181113104700,43887.5,43874.19148683548
20181113104800,43875.0,43878.44812273979
20181113104900,43900.0,43874.19148683548
20181113105000,43925.0,43886.84356063604
20181113105100,43925.0,43911.90655976534
20181113105200,43925.0,43920.17731294036
20181113105300,43937.5,43920.17731294036
20181113105400,43925.0,43928.57092395425
20181113105500,43937.5,43924.3110910058
20181113105600,43937.5,43928.57092395425
20181113105700,43925.0,43932.70470201969
20181113105800,43937.5,43924.3110910058
20181113105900,43937.5,43928.57092395425
20181113110000,43925.0,43932.70470201969
20181113110100,43912.5,43924.3110910058
20181113110200,43937.5,43911.78324520588
20181113110300,43975.0,43924.436689168215
20181113110400,43987.5,43957.88599178195
20181113110500,43962.5,43978.67362946272
20181113110600,43987.5,43966.01881533861
20181113110700,44012.5,43974.54304844141
20181113110800,44062.5,43999.58777874708
20181113110900,44087.5,44041.41059666872
20181113111000,44037.5,44074.69136938453
20181113111100,44037.5,44049.38082769513
20181113111200,44012.5,44032.880882918835
20181113111300,43975.0,44016.099598258734
20181113111400,44000.0,43982.670848071575
20181113111500,44025.0,43987.06632703543
20181113111600,44037.5,44012.10923045874
20181113111700,44025.0,44028.75486910343
20181113111800,44037.5,44024.49046894908
20181113111900,44012.5,44028.75486910343
20181113112000,44025.0,44016.099598258734
20181113112100,44000.0,44016.23615771532
20181113112200,43962.5,44003.58134359121
20181113112300,43937.5,43970.14939635992
20181113112400,43937.5,43940.970887988806
20181113112500,43950.0,43932.70470201969
20181113112600,43962.5,43941.09831303358
20181113112700,43975.0,43953.62478867173
20181113112800,43975.0,43966.14989414811
20181113112900,43987.5,43970.28093189001
20181113113000,43987.5,43978.67362946272
20181113113100,43987.5,43982.80329704285
20181113113200,44000.0,43982.80329704285
20181113113300,44000.0,43991.195994615555
20181113113400,44012.5,43995.3247487545
20181113113500,44025.0,44003.71698960662
20181113113600,44037.5,44016.23615771532
20181113113700,44012.5,44028.75486910343
20181113113800,44025.0,44016.099598258734
20181113113900,44012.5,44016.23615771532
20181113114000,44012.5,44011.97267100215
20181113114100,44012.5,44007.845287024975
20181113114200,44025.0,44007.845287024975
20181113114300,44025.0,44016.23615771532
20181113114400,44025.0,44020.363998413086
20181113114500,43987.5,44020.363998413086
20181113114600,43962.5,43995.19047290087
20181113114700,43975.0,43966.01881533861
20181113114800,43975.0,43966.14989414811
20181113114900,43975.0,43970.28093189001
20181113115000,43987.5,43970.28093189001
20181113115100,43987.5,43978.67362946272
20181113115200,43975.0,43982.80329704285
20181113115300,43937.5,43974.41151291132
20181113115400,43925.0,43945.10375261307
20181113115500,43887.5,43924.3110910058
20181113115600,43875.0,43894.99556645751
20181113115700,43887.5,43874.19148683548
20181113115800,43875.0,43878.44812273979
20181113115900,43875.0,43874.19148683548
20181113120000,43887.5,43870.05359828472
20181113120100,43875.0,43878.44812273979
20181113120200,43875.0,43874.19148683548
20181113120300,43875.0,43870.05359828472
20181113120400,43862.5,43870.05359828472
20181113120500,43875.0,43861.65816038847
20181113120600,43912.5,43865.91433957219
20181113120700,43937.5,43895.238998532295
20181113120800,43950.0,43924.436689168215
20181113120900,43912.5,43941.09831303358
20181113121000,43925.0,43920.05171477795
20181113121100,43925.0,43916.042621433735
20181113121200,43912.5,43920.17731294036
20181113121300,43912.5,43911.78324520588
20181113121400,43925.0,43907.648096978664
20181113121500,43925.0,43916.042621433735
20181113121600,43912.5,43920.17731294036
20181113121700,43937.5,43911.78324520588
20181113121800,43937.5,43924.436689168215
20181113121900,43912.5,43932.70470201969
20181113122000,43937.5,43915.9179367125
20181113122100,43925.0,43924.436689168215
20181113122200,43912.5,43924.3110910058
20181113122300,43925.0,43911.78324520588
20181113122400,43937.5,43916.042621433735
20181113122500,43937.5,43928.57092395425
20181113122600,43975.0,43932.70470201969
20181113122700,43975.0,43957.88599178195
20181113122800,43975.0,43970.28093189001
20181113122900,44037.5,43970.28093189001
20181113123000,44062.5,44012.24441975355
20181113123100,44100.0,44049.662624299526
20181113123200,44112.5,44083.08132663369
20181113123300,44087.5,44103.83699387312
20181113123400,44100.0,44091.18080958724
20181113123500,44112.5,44091.32650345564
20181113123600,44112.5,44103.83699387312
20181113123700,44100.0,44107.957527041435
20181113123800,44075.0,44099.56893995404
20181113123900,44062.5,44078.67077589035
20181113124000,44075.0,44062.03564181924
20181113124100,44062.5,44066.30186885595
20181113124200,44050.0,44062.03564181924
20181113124300,44062.5,44049.521954357624
20181113124400,44075.0,44053.78726795316
20181113124500,44062.5,44066.30186885595
20181113124600,44062.5,44062.03564181924
20181113124700,44062.5,44057.91191160679
20181113124800,44062.5,44057.91191160679
20181113124900,44062.5,44057.91191160679
20181113125000,44087.5,44057.91191160679
20181113125100,44062.5,44074.69136938453
20181113125200,44075.0,44066.15937203169
20181113125300,44062.5,44066.30186885595
20181113125400,44112.5,44062.03564181924
20181113125500,44125.0,44091.47174060345
20181113125600,44087.5,44116.34611412883
20181113125700,44075.0,44095.30179947615
20181113125800,44075.0,44074.54841583967
20181113125900,44075.0,44070.42514234781
20181113130000,44062.5,44070.42514234781
20181113130100,44075.0,44062.03564181924
20181113130200,44087.5,44066.30186885595
20181113130300,44112.5,44078.81464287639
20181113130400,44125.0,44099.71554726362
20181113130500,44125.0,44116.34611412883
20181113130600,44112.5,44120.46527713537
20181113130700,44112.5,44112.07760348916
20181113130800,44187.5,44107.957527041435
20181113130900,44237.5,44158.28767940402
20181113131000,44200.0,44216.52914583683
20181113131100,44175.0,44207.82587826252
20181113131200,44200.0,44178.7154212594
20181113131300,44225.0,44187.257009744644
20181113131400,44237.5,44212.25698143244
20181113131500,44212.5,44228.86699587107
20181113131600,44212.5,44216.20989814401
20181113131700,44237.5,44207.984817028046
20181113131800,44225.0,44224.75468367338
20181113131900,44237.5,44224.59391802549
20181113132000,44237.5,44228.86699587107
20181113132100,44225.0,44232.97748118639
20181113132200,44212.5,44224.59391802549
20181113132300,44162.5,44212.09712922573
20181113132400,44175.0,44174.44462701678
20181113132500,44187.5,44166.368893533945
20181113132600,44162.5,44178.870706260204
20181113132700,44175.0,44166.214065253735
20181113132800,44150.0,44166.368893533945
20181113132900,44112.5,44153.712252527475
20181113133000,44087.5,44120.31638622284
20181113133100,44062.5,44091.18080958724
20181113133200,44062.5,44066.15937203169
20181113133300,44075.0,44057.91191160679
20181113133400,44062.5,44066.30186885595
20181113133500,44075.0,44062.03564181924
20181113133600,44087.5,44066.30186885595
20181113133700,44137.5,44078.81464287639
20181113133800,44137.5,44116.49409160018
20181113133900,44137.5,44132.97257050872
20181113134000,44125.0,44132.97257050872
20181113134100,44125.0,44124.58489686251
20181113134200,44112.5,44120.46527713537
20181113134300,44137.5,44112.07760348916
20181113134400,44112.5,44124.73424449563
20181113134500,44125.0,44116.197223216295
20181113134600,44125.0,44116.34611412883
20181113134700,44112.5,44120.46527713537
20181113134800,44125.0,44112.07760348916
20181113134900,44125.0,44116.34611412883
20181113135000,44125.0,44120.46527713537
20181113135100,44125.0,44120.46527713537
20181113135200,44137.5,44120.46527713537
20181113135300,44125.0,44128.853407502174
20181113135400,44125.0,44124.58489686251
20181113135500,44112.5,44120.46527713537
20181113135600,44125.0,44112.07760348916
20181113135700,44125.0,44116.34611412883
20181113135800,44112.5,44120.46527713537
20181113135900,44125.0,44112.07760348916
20181113140000,44112.5,44116.34611412883
20181113140100,44112.5,44112.07760348916
20181113140200,44112.5,44107.957527041435
20181113140300,44125.0,44107.957527041435
20181113140400,44112.5,44116.34611412883
20181113140500,44125.0,44112.07760348916
20181113140600,44112.5,44116.34611412883
20181113140700,44112.5,44112.07760348916
20181113140800,44100.0,44107.957527041435
20181113140900,44087.5,44099.56893995404
20181113141000,44100.0,44087.05936297774
20181113141100,44112.5,44091.32650345564
20181113141200,44087.5,44103.83699387312
20181113141300,44075.0,44091.18080958724
20181113141400,44075.0,44074.54841583967
20181113141500,44075.0,44070.42514234781
20181113141600,44075.0,44070.42514234781
20181113141700,44112.5,44070.42514234781
20181113141800,44137.5,44095.594100654125
20181113141900,44150.0,44124.73424449563
20181113142000,44125.0,44141.36024415493
20181113142100,44112.5,44128.70360314846
20181113142200,44125.0,44112.07760348916
20181113142300,44125.0,44116.34611412883
20181113142400,44125.0,44120.46527713537
20181113142500,44125.0,44120.46527713537
20181113142600,44125.0,44120.46527713537
20181113142700,44137.5,44120.46527713537
20181113142800,44150.0,44128.853407502174
20181113142900,44187.5,44141.36024415493
20181113143000,44200.0,44170.639231055975
20181113143100,44212.5,44191.37206226587
20181113143200,44225.0,44203.87159138918
20181113143300,44200.0,44216.369750350714
20181113143400,44187.5,44203.713109344244
20181113143500,44175.0,44187.10035458207
20181113143600,44137.5,44174.600368738174
20181113143700,44137.5,44145.325949043036
20181113143800,44162.5,44132.97257050872
20181113143900,44162.5,44149.74746108055
20181113144000,44162.5,44157.981676608324
20181113144100,44175.0,44157.981676608324
20181113144200,44187.5,44166.368893533945
20181113144300,44187.5,44178.870706260204
20181113144400,44162.5,44182.986215502024
20181113144500,44175.0,44166.214065253735
20181113144600,44187.5,44166.368893533945
20181113144700,44150.0,44178.870706260204
20181113144800,44087.5,44157.828218489885
20181113144900,44075.0,44103.5419523716
20181113145000,44100.0,44074.54841583967
20181113145100,44137.5,44087.20414340496
20181113145200,44125.0,44120.614168047905
20181113145300,44125.0,44124.58489686251
20181113145400,44125.0,44120.46527713537
20181113145500,44125.0,44120.46527713537
20181113145600,44137.5,44120.46527713537
20181113145700,44137.5,44128.853407502174
20181113145800,44162.5,44132.97257050872
20181113145900,44200.0,44149.74746108055
20181113150000,44287.5,44183.141957223415
20181113150100,44275.0,44254.18347492814
20181113150200,44262.5,44274.566001445055
20181113150300,44275.0,44262.07515001297
20181113150400,44300.0,44266.349141299725
20181113150500,44350.0,44287.222642451525
20181113150600,44412.5,44328.96416410804
20181113150700,44450.0,44387.27916255593
20181113150800,44437.5,44432.91057348251
20181113150900,44425.0,44436.82466894388
20181113151000,44400.0,44424.35162961483
20181113151100,44387.5,44403.49959433079
20181113151200,44350.0,44386.92337721586
20181113151300,44325.0,44357.68777877092
20181113151400,44362.5,44328.62025350332
20181113151500,44362.5,44345.5531693995
20181113151600,44350.0,44357.86270275712
20181113151700,44312.5,44349.48325008154
20181113151800,44350.0,44320.24034410715
20181113151900,44350.0,44333.06871205568
20181113153000,44500.0,44345.380072295666
20181113153500,44500.0,44445.932590961456
20181114090000,44425.0,44495.07801011205
20181114090100,44300.0,44444.83235105872
20181114090200,44200.0,44336.4804148674
20181114090300,44225.0,44228.38195860386
20181114090400,44262.5,44212.25698143244
20181114090500,44200.0,44245.63503563404
20181114090600,44150.0,44216.04958921671
20181114090700,44175.0,44161.944184452295
20181114090800,44225.0,44162.252014130354
20181114090900,44225.0,44204.029616713524
20181114091000,44237.5,44220.4820625484
20181114091100,44237.5,44228.86699587107
20181114091200,44237.5,44232.97748118639
20181114091300,44237.5,44232.97748118639
20181114091400,44225.0,44232.97748118639
20181114091500,44287.5,44224.59391802549
20181114091600,44312.5,44262.403988838196
20181114091700,44337.5,44299.71258044243
20181114091800,44362.5,44324.68788921833
20181114091900,44425.0,44349.657260626554
20181114092000,44450.0,44399.759052693844
20181114092100,44437.5,44437.00735718012
20181114092200,44375.0,44436.82466894388
20181114092300,44375.0,44390.84432348609
20181114092400,44375.0,44370.34350633621
20181114092500,44350.0,44370.34350633621
20181114092600,44325.0,44353.58551442623
20181114092700,44312.5,44328.62025350332
20181114092800,44275.0,44312.03079149127
20181114092900,44275.0,44282.78103470802
20181114093000,44312.5,44270.457343012094
20181114093100,44287.5,44295.60574889183
20181114093200,44262.5,44291.16231426597
20181114093300,44250.0,44266.18380844593
20181114093400,44212.5,44249.58292841911
20181114093500,44187.5,44220.32129690051
20181114093600,44187.5,44191.21495038271
20181114093700,44162.5,44182.986215502024
20181114093800,44150.0,44166.214065253735
20181114093900,44137.5,44149.595373123884
20181114094000,44087.5,44137.09082007408
20181114094100,44050.0,44099.42233264446
20181114094200,44062.5,44057.769871503115
20181114094300,44075.0,44053.78726795316
20181114094400,44050.0,44066.30186885595
20181114094500,44125.0,44053.646141290665
20181114094600,44112.5,44095.73933780193
20181114094700,44075.0,44112.07760348916
20181114094800,44037.5,44082.79267922044
20181114094900,44025.0,44045.25664076209
20181114095000,44025.0,44024.49046894908
20181114095100,44025.0,44020.363998413086
20181114095200,44075.0,44020.363998413086
20181114095300,44125.0,44053.92793789506
20181114095400,44137.5,44103.98314446211
20181114095500,44125.0,44128.853407502174
20181114095600,44125.0,44124.58489686251
20181114095700,44125.0,44120.46527713537
20181114095800,44137.5,44120.46527713537
20181114095900,44125.0,44128.853407502174
20181114100000,44100.0,44124.58489686251
20181114100100,44075.0,44103.68947312236
20181114100200,44050.0,44078.67077589035
20181114100300,44037.5,44053.646141290665
20181114100400,44075.0,44037.00689673424
20181114100500,44150.0,44058.05258154869
20181114100600,44137.5,44120.76305896044
20181114100700,44137.5,44137.09082007408
20181114100800,44137.5,44132.97257050872
20181114100900,44137.5,44132.97257050872
20181114101000,44125.0,44132.97257050872
20181114101100,44162.5,44124.58489686251
20181114101200,44250.0,44145.62921151519
20181114101300,44350.0,44216.688084602356
20181114101400,44337.5,44312.54003494978
20181114101500,44375.0,44337.000619620085
20181114101600,44400.0,44358.037170022726
20181114101700,44412.5,44387.10149824619
20181114101800,44375.0,44403.67954224348
20181114101900,44337.5,44382.64573216438
20181114102000,44312.5,44345.20651847124
20181114102100,44325.0,44316.135796159506
20181114102200,44287.5,44316.30660966039
20181114102300,44300.0,44295.268689095974
20181114102400,44337.5,44291.330844163895
20181114102500,44312.5,44320.58197110891
20181114102600,44275.0,44316.135796159506
20181114102700,44275.0,44282.78103470802
20181114102800,44275.0,44270.457343012094
20181114102900,44275.0,44270.457343012094
20181114103000,44237.5,44270.457343012094
20181114103100,44150.0,44245.30939385295
20181114103200,44200.0,44174.28888529539
20181114103300,44225.0,44179.025991261005
20181114103400,44187.5,44212.25698143244
20181114103500,44150.0,44195.328176021576
20181114103600,44150.0,44157.828218489885
20181114103700,44175.0,44145.4780369997
20181114103800,44187.5,44162.252014130354
20181114103900,44137.5,44178.870706260204
20181114104000,44087.5,44149.44282844663
20181114104100,44025.0,44099.42233264446
20181114104200,44037.5,44040.99178388715
20181114104300,44087.5,44028.75486910343
20181114104400,44075.0,44066.44436568022
20181114104500,44062.5,44074.54841583967
20181114104600,44050.0,44062.03564181924
20181114104700,44075.0,44049.521954357624
20181114104800,44062.5,44062.17768192291
20181114104900,44037.5,44062.03564181924
20181114105000,44025.0,44041.13199710846
20181114105100,44025.0,44024.49046894908
20181114105200,44012.5,44020.363998413086
20181114105300,44025.0,44011.97267100215
20181114105400,44025.0,44016.23615771532
20181114105500,44025.0,44020.363998413086
20181114105600,44025.0,44020.363998413086
20181114105700,44025.0,44020.363998413086
20181114105800,43987.5,44020.363998413086
20181114105900,43962.5,43995.19047290087
20181114110000,43962.5,43966.01881533861
20181114110100,43937.5,43957.75673985481
20181114110200,43937.5,43940.970887988806
20181114110300,43925.0,43932.70470201969
20181114110400,43937.5,43924.3110910058
20181114110500,44000.0,43928.57092395425
20181114110600,44037.5,43974.67367053032
20181114110700,44050.0,44020.50010114908
20181114110800,44025.0,44041.27175360918
20181114110900,44062.5,44028.61648276448
20181114111000,44075.0,44045.537067204714
20181114111100,44012.5,44066.30186885595
20181114111200,44037.5,44028.47718298435
20181114111300,44037.5,44024.62794184685
20181114111400,44037.5,44032.880882918835
20181114111500,44012.5,44032.880882918835
20181114111600,43962.5,44016.099598258734
20181114111700,43962.5,43974.27906394005
20181114111800,44000.0,43957.75673985481
20181114111900,44025.0,43982.93574601412
20181114112000,44012.5,44012.10923045874
20181114112100,44025.0,44011.97267100215
20181114112200,44025.0,44016.23615771532
20181114112300,44025.0,44020.363998413086
20181114112400,44025.0,44020.363998413086
20181114112500,44025.0,44020.363998413086
20181114112600,44025.0,44020.363998413086
20181114112700,44037.5,44020.363998413086
20181114112800,44037.5,44028.75486910343
20181114112900,44037.5,44032.880882918835
20181114113000,44037.5,44032.880882918835
20181114113100,43975.0,44032.880882918835
20181114113200,43925.0,43990.92789962888
20181114113300,43937.5,43936.71105504036
20181114113400,43925.0,43928.57092395425
20181114113500,43862.5,43924.3110910058
20181114113600,43825.0,43878.20880115032
20181114113700,43825.0,43832.333044707775
20181114113800,43862.5,43819.90933120251
20181114113900,43900.0,43845.098841935396
20181114114000,43937.5,43882.705672085285
20181114114100,43975.0,43920.301540941
20181114114200,43975.0,43957.88599178195
20181114114300,43987.5,43970.28093189001
20181114114400,43987.5,43978.67362946272
20181114114500,43987.5,43982.80329704285
20181114114600,43975.0,43982.80329704285
20181114114700,43962.5,43974.41151291132
20181114114800,43975.0,43961.88777759671
20181114114900,43987.5,43966.14989414811
20181114115000,43975.0,43978.67362946272
20181114115100,43975.0,43974.41151291132
20181114115200,43987.5,43970.28093189001
20181114115300,43975.0,43978.67362946272
20181114115400,43975.0,43974.41151291132
20181114115500,43987.5,43970.28093189001
20181114115600,43987.5,43978.67362946272
20181114115700,43987.5,43982.80329704285
20181114115800,43987.5,43982.80329704285
20181114115900,43975.0,43982.80329704285
20181114120000,43987.5,43974.41151291132
20181114120100,43987.5,43978.67362946272
20181114120200,43962.5,43982.80329704285
20181114120300,43975.0,43966.01881533861
20181114120400,43987.5,43966.14989414811
20181114120500,43987.5,43978.67362946272
20181114120600,44012.5,43982.80329704285
20181114120700,44037.5,43999.58777874708
20181114120800,44037.5,44024.62794184685
20181114120900,44050.0,44032.880882918835
20181114121000,44087.5,44041.27175360918
20181114121100,44087.5,44070.56809589267
20181114121200,44075.0,44082.937459647655
20181114121300,44100.0,44074.54841583967
20181114121400,44125.0,44087.20414340496
20181114121500,44112.5,44112.22558096051
20181114121600,44125.0,44112.07760348916
20181114121700,44112.5,44116.34611412883
20181114121800,44137.5,44112.07760348916
20181114121900,44125.0,44124.73424449563
20181114122000,44125.0,44124.58489686251
20181114122100,44150.0,44120.46527713537
20181114122200,44187.5,44137.24153786898
20181114122300,44175.0,44170.639231055975
20181114122400,44162.5,44174.600368738174
20181114122500,44125.0,44162.098099291325
20181114122600,44100.0,44132.82139599323
20181114122700,44087.5,44103.68947312236
20181114122800,44037.5,44087.05936297774
20181114122900,44062.5,44049.38082769513
20181114123000,44112.5,44049.662624299526
20181114123100,44137.5,44091.47174060345
20181114123200,44137.5,44124.73424449563
20181114123300,44125.0,44132.97257050872
20181114123400,44137.5,44124.58489686251
20181114123500,44125.0,44128.853407502174
20181114123600,44112.5,44124.58489686251
20181114123700,44125.0,44112.07760348916
20181114123800,44125.0,44116.34611412883
20181114123900,44125.0,44120.46527713537
20181114124000,44112.5,44120.46527713537
20181114124100,44137.5,44112.07760348916
20181114124200,44112.5,44124.73424449563
20181114124300,44125.0,44116.197223216295
20181114124400,44137.5,44116.34611412883
20181114124500,44125.0,44128.853407502174
20181114124600,44137.5,44124.58489686251
20181114124700,44125.0,44128.853407502174
20181114124800,44125.0,44124.58489686251
20181114124900,44125.0,44120.46527713537
20181114125000,44125.0,44120.46527713537
20181114125100,44125.0,44120.46527713537
20181114125200,44125.0,44120.46527713537
20181114125300,44125.0,44120.46527713537
20181114125400,44112.5,44120.46527713537
20181114125500,44137.5,44112.07760348916
20181114125600,44125.0,44124.73424449563
20181114125700,44125.0,44124.58489686251
20181114125800,44112.5,44120.46527713537
20181114125900,44125.0,44112.07760348916
20181114130000,44125.0,44116.34611412883
20181114130100,44112.5,44120.46527713537
20181114130200,44112.5,44112.07760348916
20181114130300,44125.0,44107.957527041435
20181114130400,44137.5,44116.34611412883
20181114130500,44125.0,44128.853407502174
20181114130600,44125.0,44124.58489686251
20181114130700,44125.0,44120.46527713537
20181114130800,44112.5,44120.46527713537
20181114130900,44125.0,44112.07760348916
20181114131000,44137.5,44116.34611412883
20181114131100,44125.0,44128.853407502174
20181114131200,44125.0,44124.58489686251
20181114131300,44137.5,44120.46527713537
20181114131400,44137.5,44128.853407502174
20181114131500,44137.5,44132.97257050872
20181114131600,44125.0,44132.97257050872
20181114131700,44125.0,44124.58489686251
20181114131800,44125.0,44120.46527713537
20181114131900,44125.0,44120.46527713537
20181114132000,44112.5,44120.46527713537
20181114132100,44125.0,44112.07760348916
20181114132200,44112.5,44116.34611412883
20181114132300,44125.0,44112.07760348916
20181114132400,44112.5,44116.34611412883
20181114132500,44137.5,44112.07760348916
20181114132600,44125.0,44124.73424449563
20181114132700,44112.5,44124.58489686251
20181114132800,44137.5,44112.07760348916
20181114132900,44112.5,44124.73424449563
20181114133000,44112.5,44116.197223216295
20181114133100,44112.5,44107.957527041435
20181114133200,44050.0,44107.957527041435
20181114133300,44025.0,44066.01596176624
20181114133400,44025.0,44028.61648276448
20181114133500,44025.0,44020.363998413086
20181114133600,43987.5,44020.363998413086
20181114133700,44000.0,43995.19047290087
20181114133800,44025.0,43991.195994615555
20181114133900,44037.5,44012.10923045874
20181114134000,44012.5,44028.75486910343
20181114134100,44037.5,44016.099598258734
20181114134200,44037.5,44024.62794184685
20181114134300,44025.0,44032.880882918835
20181114134400,44012.5,44024.49046894908
20181114134500,44025.0,44011.97267100215
20181114134600,44012.5,44016.23615771532
20181114134700,44025.0,44011.97267100215
20181114134800,44037.5,44016.23615771532
20181114134900,44025.0,44028.75486910343
20181114135000,44037.5,44024.49046894908
20181114135100,44012.5,44028.75486910343
20181114135200,44037.5,44016.099598258734
20181114135300,43987.5,44024.62794184685
20181114135400,43950.0,43999.31877031922
20181114135500,43925.0,43957.627031207085
20181114135600,43962.5,43928.444869071245
20181114135700,43962.5,43945.35905942321
20181114135800,43975.0,43957.75673985481
20181114135900,43950.0,43966.14989414811
20181114140000,43925.0,43953.495993465185
20181114140100,43912.5,43928.444869071245
20181114140200,43837.5,43911.78324520588
20181114140300,43862.5,43857.284604012966
20181114140400,43862.5,43849.23901408911
20181114140500,43862.5,43857.51890167594
20181114140600,43875.0,43857.51890167594
20181114140700,43900.0,43865.91433957219
20181114140800,43925.0,43886.84356063604
20181114140900,43962.5,43911.90655976534
20181114141000,43975.0,43945.35905942321
20181114141100,43962.5,43966.14989414811
20181114141200,43975.0,43961.88777759671
20181114141300,43987.5,43966.14989414811
20181114141400,43962.5,43978.67362946272
20181114141500,43987.5,43966.01881533861
20181114141600,43950.0,43974.54304844141
20181114141700,43925.0,43957.627031207085
20181114141800,43925.0,43928.444869071245
20181114141900,43950.0,43920.17731294036
20181114142000,43962.5,43936.96499168873
20181114142100,43975.0,43953.62478867173
20181114142200,43962.5,43966.14989414811
20181114142300,43962.5,43961.88777759671
20181114142400,43962.5,43957.75673985481
20181114142500,44000.0,43957.75673985481
20181114142600,44000.0,43982.93574601412
20181114142700,43975.0,43995.3247487545
20181114142800,43975.0,43978.54118049145
20181114142900,43987.5,43970.28093189001
20181114143000,43975.0,43978.67362946272
20181114143100,43950.0,43974.41151291132
20181114143200,43925.0,43953.495993465185
20181114143300,43912.5,43928.444869071245
20181114143400,43912.5,43911.78324520588
20181114143500,43912.5,43907.648096978664
20181114143600,43925.0,43907.648096978664
20181114143700,43950.0,43916.042621433735
20181114143800,43937.5,43936.96499168873
20181114143900,43925.0,43936.838023364544
20181114144000,43925.0,43924.3110910058
20181114144100,43975.0,43920.17731294036
20181114144200,43962.5,43953.75358387828
20181114144300,43987.5,43961.88777759671
20181114144400,43975.0,43974.54304844141
20181114144500,43987.5,43974.41151291132
20181114144600,43962.5,43978.67362946272
20181114144700,43950.0,43966.01881533861
20181114144800,43937.5,43949.363585561514
20181114144900,43912.5,43936.838023364544
20181114145000,43900.0,43915.9179367125
20181114145100,43875.0,43899.253572523594
20181114145200,43862.5,43878.32891866565
20181114145300,43887.5,43861.65816038847
20181114145400,43837.5,43874.31023418903
20181114145500,43812.5,43849.00791347027
20181114145600,43825.0,43815.65543562174
20181114145700,43875.0,43815.76687544584
20181114145800,43900.0,43853.49564999342
20181114145900,43887.5,43886.84356063604
20181114150000,43912.5,43886.72298640013
20181114150100,43925.0,43899.37597364187
20181114150200,43900.0,43916.042621433735
20181114150300,43875.0,43903.38963419199
20181114150400,43887.5,43878.32891866565
20181114150500,43875.0,43878.44812273979
20181114150600,43862.5,43874.19148683548
20181114150700,43912.5,43861.65816038847
20181114150800,43950.0,43891.10156670213
20181114150900,43950.0,43932.831213623285
20181114151000,43912.5,43945.23163437843
20181114151100,43912.5,43920.05171477795
20181114151200,43900.0,43907.648096978664
20181114151300,43837.5,43899.253572523594
20181114151400,43812.5,43853.14671546221
20181114151500,43825.0,43815.65543562174
20181114151600,43825.0,43815.76687544584
20181114151700,43862.5,43819.90933120251
20181114151800,43850.0,43845.098841935396
20181114151900,43850.0,43849.12346377969
20181114153000,44100.0,43844.98374834657
20181114153500,44100.0,44012.91625574231
20181115100000,43787.5,44095.447950065136
20181115100100,43725.0,43885.74514761567
20181115100200,43900.0,43740.30475914478
20181115100300,43975.0,43837.15418726206
20181115100400,43962.5,43945.48648446798
20181115100500,43912.5,43961.88777759671
20181115100600,43950.0,43924.18594956398
20181115100700,44025.0,43932.831213623285
20181115100800,44050.0,43995.59238702059
20181115100900,44075.0,44037.14573979378
20181115101000,44087.5,44062.17768192291
20181115101100,44162.5,44078.81464287639
20181115101200,44200.0,44133.27263593674
20181115101300,44200.0,44183.141957223415
20181115101400,44200.0,44195.48620134592
20181115101500,44237.5,44195.48620134592
20181115101600,44162.5,44220.641914755106
20181115101700,44137.5,44182.67290517688
20181115101800,44125.0,44141.208612918854
20181115101900,44037.5,44124.58489686251
20181115102000,43987.5,44061.75019145012
20181115102100,44012.5,43999.31877031922
20181115102200,44012.5,43999.58777874708
20181115102300,43987.5,44007.845287024975
20181115102400,43975.0,43991.06217548251
20181115102500,43962.5,43974.41151291132
20181115102600,43987.5,43961.88777759671
20181115102700,43975.0,43974.54304844141
20181115102800,44000.0,43974.41151291132
20181115102900,43987.5,43987.06632703543
20181115103000,43950.0,43986.932964622974
20181115103100,43912.5,43957.627031207085
20181115103200,43962.5,43920.05171477795
20181115103300,43950.0,43941.225281357765
20181115103400,43912.5,43949.363585561514
20181115103500,43900.0,43920.05171477795
20181115103600,43887.5,43899.253572523594
20181115103700,43850.0,43886.72298640013
20181115103800,43812.5,43857.40198120475
20181115103900,43812.5,43819.79697793722
20181115104000,43800.0,43807.37006738782
20181115104100,43775.0,43798.973259329796
20181115104200,43750.0,43778.0362740159
20181115104300,43712.5,43752.95089557767
20181115104400,43712.5,43719.463685154915
20181115104500,43725.0,43707.01348185539
20181115104600,43737.5,43715.41211679578
20181115104700,43812.5,43727.96051502228
20181115104800,43837.5,43782.501174509525
20181115104900,43775.0,43824.163683503866
20181115105000,43737.5,43790.46866521239
20181115105100,43725.0,43744.554087519646
20181115105200,43775.0,43723.712100088596
20181115105300,43850.0,43753.156876564026
20181115105400,43875.0,43820.132210850716
20181115105500,43862.5,43861.77553758025
20181115105600,43837.5,43861.65816038847
20181115105700,43825.0,43840.72848260403
20181115105800,43800.0,43824.05133023858
20181115105900,43800.0,43803.11708524823
20181115110000,43787.5,43794.82989013195
20181115110100,43775.0,43786.432625353336
20181115110200,43787.5,43773.891077935696
20181115110300,43775.0,43778.14268991351
20181115110400,43787.5,43773.891077935696
20181115110500,43787.5,43778.14268991351
20181115110600,43750.0,43782.28834271431
20181115110700,43775.0,43757.09746181965
20181115110800,43925.0,43761.45229265094
20181115110900,43937.5,43870.52356377244
20181115111000,43875.0,43928.57092395425
20181115111100,43850.0,43890.73801711202
20181115111200,43862.5,43853.26317921281
20181115111300,43937.5,43853.37918624282
20181115111400,43900.0,43907.8938126564
20181115111500,43862.5,43907.524782419205
20181115111600,43862.5,43869.93485093117
20181115111700,43875.0,43857.51890167594
20181115111800,43850.0,43865.91433957219
20181115111900,43825.0,43853.26317921281
20181115112000,43837.5,43828.19241583347
20181115112100,43862.5,43828.30522581935
20181115112200,43862.5,43849.23901408911
20181115112300,43825.0,43857.51890167594
20181115112400,43812.5,43832.333044707775
20181115112500,43837.5,43811.512979865074
20181115112600,43812.5,43824.163683503866
20181115112700,43862.5,43815.65543562174
20181115112800,43912.5,43840.957756340504
20181115112900,43912.5,43891.10156670213
20181115113000,43937.5,43907.648096978664
20181115113100,43975.0,43924.436689168215
20181115113200,43962.5,43957.88599178195
20181115113300,43937.5,43961.88777759671
20181115113400,43937.5,43940.970887988806
20181115113500,43937.5,43932.70470201969
20181115113600,43937.5,43932.70470201969
20181115113700,43950.0,43932.70470201969
20181115113800,43962.5,43941.09831303358
20181115113900,43950.0,43953.62478867173
20181115114000,43912.5,43949.363585561514
20181115114100,43912.5,43920.05171477795
20181115114200,43925.0,43907.648096978664
20181115114300,43912.5,43916.042621433735
20181115114400,43875.0,43911.78324520588
20181115114500,43825.0,43882.465893775225
20181115114600,43825.0,43836.47367358208
20181115114700,43837.5,43819.90933120251
20181115114800,43837.5,43828.30522581935
20181115114900,43812.5,43832.44722485542
20181115115000,43787.5,43815.65543562174
20181115115100,43762.5,43790.57690799236
20181115115200,43775.0,43765.49426987767
20181115115300,43775.0,43765.59885889292
20181115115400,43775.0,43769.7454251349
20181115115500,43775.0,43769.7454251349
20181115115600,43787.5,43769.7454251349
20181115115700,43775.0,43778.14268991351
20181115115800,43775.0,43773.891077935696
20181115115900,43762.5,43769.7454251349
20181115120000,43787.5,43761.34816035628
20181115120100,43762.5,43773.99703711271
20181115120200,43787.5,43765.49426987767
20181115120300,43725.0,43773.99703711271
20181115120400,43750.0,43740.30475914478
20181115120500,43775.0,43736.359606683254
20181115120600,43775.0,43761.45229265094
20181115120700,43762.5,43769.7454251349
20181115120800,43762.5,43761.34816035628
20181115120900,43787.5,43757.2015941143
20181115121000,43787.5,43773.99703711271
20181115121100,43775.0,43782.28834271431
20181115121200,43762.5,43773.891077935696
20181115121300,43775.0,43761.34816035628
20181115121400,43787.5,43765.59885889292
20181115121500,43800.0,43778.14268991351
20181115121600,43812.5,43790.685607492924
20181115121700,43837.5,43803.226698189974
20181115121800,43825.0,43824.163683503866
20181115121900,43775.0,43824.05133023858
20181115122000,43787.5,43786.32529601455
20181115122100,43762.5,43778.14268991351
20181115122200,43775.0,43765.49426987767
20181115122300,43787.5,43765.59885889292
20181115122400,43787.5,43778.14268991351
20181115122500,43775.0,43782.28834271431
20181115122600,43800.0,43773.891077935696
20181115122700,43812.5,43786.540411412716
20181115122800,43837.5,43803.226698189974
20181115122900,43812.5,43824.163683503866
20181115123000,43812.5,43815.65543562174
20181115123100,43812.5,43807.37006738782
20181115123200,43837.5,43807.37006738782
20181115123300,43825.0,43824.163683503866
20181115123400,43825.0,43824.05133023858
20181115123500,43812.5,43819.90933120251
20181115123600,43837.5,43811.512979865074
20181115123700,43825.0,43824.163683503866
20181115123800,43837.5,43824.05133023858
20181115123900,43837.5,43828.30522581935
20181115124000,43837.5,43832.44722485542
20181115124100,43837.5,43832.44722485542
20181115124200,43812.5,43832.44722485542
20181115124300,43812.5,43815.65543562174
20181115124400,43812.5,43807.37006738782
20181115124500,43812.5,43807.37006738782
20181115124600,43825.0,43807.37006738782
20181115124700,43837.5,43815.76687544584
20181115124800,43825.0,43828.30522581935
20181115124900,43825.0,43824.05133023858
20181115125000,43812.5,43819.90933120251
20181115125100,43825.0,43811.512979865074
20181115125200,43837.5,43815.76687544584
20181115125300,43825.0,43828.30522581935
20181115125400,43825.0,43824.05133023858
20181115125500,43825.0,43819.90933120251
20181115125600,43837.5,43819.90933120251
20181115125700,43825.0,43828.30522581935
20181115125800,43825.0,43824.05133023858
20181115125900,43837.5,43819.90933120251
20181115130000,43825.0,43828.30522581935
20181115130100,43825.0,43824.05133023858
20181115130200,43825.0,43819.90933120251
20181115130300,43825.0,43819.90933120251
20181115130400,43812.5,43819.90933120251
20181115130500,43812.5,43811.512979865074
20181115130600,43825.0,43807.37006738782
20181115130700,43812.5,43815.76687544584
20181115130800,43812.5,43811.512979865074
20181115130900,43837.5,43807.37006738782
20181115131000,43825.0,43824.163683503866
20181115131100,43825.0,43824.05133023858
20181115131200,43825.0,43819.90933120251
20181115131300,43812.5,43819.90933120251
20181115131400,43825.0,43811.512979865074
20181115131500,43825.0,43815.76687544584
20181115131600,43812.5,43819.90933120251
20181115131700,43825.0,43811.512979865074
20181115131800,43837.5,43815.76687544584
20181115131900,43812.5,43828.30522581935
20181115132000,43825.0,43815.65543562174
20181115132100,43812.5,43815.76687544584
20181115132200,43812.5,43811.512979865074
20181115132300,43837.5,43807.37006738782
20181115132400,43812.5,43824.163683503866
20181115132500,43825.0,43815.65543562174
20181115132600,43825.0,43815.76687544584
20181115132700,43825.0,43819.90933120251
20181115132800,43812.5,43819.90933120251
20181115132900,43825.0,43811.512979865074
20181115133000,43812.5,43815.76687544584
20181115133100,43837.5,43811.512979865074
20181115133200,43825.0,43824.163683503866
20181115133300,43812.5,43824.05133023858
20181115133400,43812.5,43811.512979865074
20181115133500,43825.0,43807.37006738782
20181115133600,43825.0,43815.76687544584
20181115133700,43825.0,43819.90933120251
20181115133800,43837.5,43819.90933120251
20181115133900,43825.0,43828.30522581935
20181115134000,43812.5,43824.05133023858
20181115134100,43825.0,43811.512979865074
20181115134200,43825.0,43815.76687544584
20181115134300,43837.5,43819.90933120251
20181115134400,43812.5,43828.30522581935
20181115134500,43800.0,43815.65543562174
20181115134600,43812.5,43798.973259329796
20181115134700,43812.5,43803.226698189974
20181115134800,43812.5,43807.37006738782
20181115134900,43825.0,43807.37006738782
20181115135000,43812.5,43815.76687544584
20181115135100,43837.5,43811.512979865074
20181115135200,43862.5,43824.163683503866
20181115135300,43850.0,43849.23901408911
20181115135400,43837.5,43849.12346377969
20181115135500,43862.5,43836.587853729725
20181115135600,43900.0,43849.23901408911
20181115135700,43925.0,43882.705672085285
20181115135800,43925.0,43911.90655976534
20181115135900,43925.0,43920.17731294036
20181115140000,43912.5,43920.17731294036
20181115140100,43900.0,43911.78324520588
20181115140200,43862.5,43899.253572523594
20181115140300,43875.0,43869.93485093117
20181115140400,43887.5,43865.91433957219
20181115140500,43862.5,43878.44812273979
20181115140600,43862.5,43865.79650565982
20181115140700,43862.5,43857.51890167594
20181115140800,43862.5,43857.51890167594
20181115140900,43850.0,43857.51890167594
20181115141000,43837.5,43849.12346377969
20181115141100,43850.0,43836.587853729725
20181115141200,43912.5,43840.843119472265
20181115141300,43925.0,43886.96367815137
20181115141400,43925.0,43916.042621433735
20181115141500,43925.0,43920.17731294036
20181115141600,43950.0,43920.17731294036
20181115141700,43962.5,43936.96499168873
20181115141800,43912.5,43953.62478867173
20181115141900,43975.0,43924.18594956398
20181115142000,43937.5,43949.620262533426
20181115142100,43912.5,43945.10375261307
20181115142200,43925.0,43915.9179367125
20181115142300,43912.5,43916.042621433735
20181115142400,43937.5,43911.78324520588
20181115142500,43925.0,43924.436689168215
20181115142600,43950.0,43924.3110910058
20181115142700,43975.0,43936.96499168873
20181115142800,43987.5,43962.01794296503
20181115142900,43950.0,43978.67362946272
20181115143000,43912.5,43957.627031207085
20181115143100,43912.5,43920.05171477795
20181115143200,43925.0,43907.648096978664
20181115143300,43937.5,43916.042621433735
20181115143400,43925.0,43928.57092395425
20181115143500,43925.0,43924.3110910058
20181115143600,43925.0,43920.17731294036
20181115143700,43925.0,43920.17731294036
20181115143800,43925.0,43920.17731294036
20181115143900,43950.0,43920.17731294036
20181115144000,43962.5,43936.96499168873
20181115144100,43975.0,43953.62478867173
20181115144200,43975.0,43966.14989414811
20181115144300,43975.0,43970.28093189001
20181115144400,43975.0,43970.28093189001
20181115144500,43962.5,43970.28093189001
20181115144600,43962.5,43961.88777759671
20181115144700,43975.0,43957.75673985481
20181115144800,43975.0,43966.14989414811
20181115144900,43962.5,43970.28093189001
20181115145000,43975.0,43961.88777759671
20181115145100,43962.5,43966.14989414811
20181115145200,43975.0,43961.88777759671
20181115145300,43987.5,43966.14989414811
20181115145400,43987.5,43978.67362946272
20181115145500,43962.5,43982.80329704285
20181115145600,43987.5,43966.01881533861
20181115145700,43975.0,43974.54304844141
20181115145800,43962.5,43974.41151291132
20181115145900,44000.0,43961.88777759671
20181115150000,44037.5,43982.93574601412
20181115150100,44012.5,44020.50010114908
20181115150200,44037.5,44016.099598258734
20181115150300,44025.0,44024.62794184685
20181115150400,44025.0,44024.49046894908
20181115150500,44050.0,44020.363998413086
20181115150600,44100.0,44037.14573979378
20181115150700,44125.0,44078.95850986242
20181115150800,44137.5,44112.22558096051
20181115150900,44137.5,44128.853407502174
20181115151000,44175.0,44132.97257050872
20181115151100,44212.5,44158.13559144735
20181115151200,44237.5,44195.643313229084
20181115151300,44187.5,44224.75468367338
20181115151400,44175.0,44199.44140166044
20181115151500,44187.5,44174.600368738174
20181115151600,44175.0,44178.870706260204
20181115151700,44187.5,44174.600368738174
20181115151800,44175.0,44178.870706260204
20181115151900,44162.5,44174.600368738174
20181115152000,44125.0,44162.098099291325
20181115152100,44125.0,44132.82139599323
20181115152200,44125.0,44120.46527713537
20181115152300,44125.0,44120.46527713537
20181115152400,44137.5,44120.46527713537
20181115152500,44137.5,44128.853407502174
20181115152600,44125.0,44132.97257050872
20181115152700,44112.5,44124.58489686251
20181115152800,44137.5,44112.07760348916
20181115152900,44125.0,44124.73424449563
20181115153000,44087.5,44124.58489686251
20181115153100,44037.5,44095.30179947615
20181115153200,44025.0,44049.38082769513
20181115153300,44037.5,44024.49046894908
20181115153400,44025.0,44028.75486910343
20181115153500,44012.5,44024.49046894908
20181115153600,44037.5,44011.97267100215
20181115153700,44025.0,44024.62794184685
20181115153800,44025.0,44024.49046894908
20181115153900,44050.0,44020.363998413086
20181115154000,44100.0,44037.14573979378
20181115154100,44137.5,44078.95850986242
20181115154200,44125.0,44120.614168047905
20181115154300,44150.0,44124.58489686251
20181115154400,44175.0,44137.24153786898
20181115154500,44187.5,44162.252014130354
20181115154600,44212.5,44178.870706260204
20181115154700,44225.0,44199.75790902972
20181115154800,44237.5,44216.369750350714
20181115154900,44287.5,44228.86699587107
20181115155000,44275.0,44266.51356071234
20181115155100,44237.5,44274.566001445055
20181115155200,44250.0,44245.30939385295
20181115155300,44237.5,44241.36195778847
20181115155400,44237.5,44237.088879942894
20181115155500,44225.0,44232.97748118639
20181115155600,44212.5,44224.59391802549
20181115155700,44225.0,44212.09712922573
20181115155800,44225.0,44216.369750350714
20181115155900,44212.5,44220.4820625484
20181115160000,44200.0,44212.09712922573
20181115160100,44175.0,44199.59988370538
20181115160200,44162.5,44178.7154212594
20181115160300,44162.5,44162.098099291325
20181115160400,44187.5,44157.981676608324
20181115160500,44200.0,44174.755653738976
20181115160600,44225.0,44191.37206226587
20181115160700,44212.5,44212.25698143244
20181115160800,44225.0,44212.09712922573
20181115160900,44212.5,44216.369750350714
20181115161000,44237.5,44212.09712922573
20181115161100,44237.5,44224.75468367338
20181115161200,44262.5,44232.97748118639
20181115161300,44287.5,44249.746434390545
20181115161400,44300.0,44274.73179101944
20181115161500,44337.5,44291.330844163895
20181115161600,44300.0,44320.58197110891
20181115161700,44262.5,44307.755430042744
20181115161800,44287.5,44270.29155343771
20181115161900,44250.0,44274.73179101944
20181115163000,44250.0,44257.801158726215
20181115163500,44250.0,44245.47289982438
20181116090000,44525.0,44245.47289982438
20181116090100,44512.5,44429.89530414343
20181116090200,44525.0,44511.63550168276
20181116090300,44512.5,44515.91680049896
20181116090400,44487.5,44511.63550168276
20181116090500,44525.0,44490.79671129584
20181116090600,44537.5,44507.733280956745
20181116090700,44512.5,44528.3807054162
20181116090800,44512.5,44515.726348012686
20181116090900,44512.5,44507.54328519106
20181116091000,44525.0,44507.54328519106
20181116091100,44575.0,44515.91680049896
20181116091200,44650.0,44553.49851101637
20181116091300,44712.5,44620.07330134511
20181116091400,44700.0,44686.412423849106
20181116091500,44687.5,44698.44609797001
20181116091600,44687.5,44686.00091859698
20181116091700,44675.0,44681.92103356123
20181116091800,44650.0,44673.55528250337
20181116091900,44612.5,44652.741611748934
20181116092000,44612.5,44619.47362720966
20181116092100,44625.0,44607.22072720528
20181116092200,44625.0,44615.590132027864
20181116092300,44625.0,44619.67458426952
20181116092400,44625.0,44619.67458426952
20181116092500,44612.5,44619.67458426952
20181116092600,44600.0,44611.305636167526
20181116092700,44562.5,44598.85177910328
20181116092800,44537.5,44569.65637207031
20181116092900,44512.5,44540.65004736185
20181116093000,44537.5,44515.726348012686
20181116093100,44525.0,44524.289859086275
20181116093200,44512.5,44524.09849315882
20181116093300,44525.0,44511.63550168276
20181116093400,44512.5,44515.91680049896
20181116093500,44475.0,44511.63550168276
20181116093600,44375.0,44482.42273926735
20181116093700,44262.5,44403.13924178481
20181116093800,44312.5,44294.930259138346
20181116093900,44337.5,44291.49800390005
20181116094000,44337.5,44324.68788921833
20181116094100,44300.0,44332.89698511362
20181116094200,44262.5,44307.755430042744
20181116094300,44275.0,44270.29155343771
20181116094400,44262.5,44266.349141299725
20181116094500,44250.0,44262.07515001297
20181116094600,44287.5,44249.58292841911
20181116094700,44287.5,44270.62313258648
20181116094800,44262.5,44282.94819444418
20181116094900,44225.0,44266.18380844593
20181116095000,44200.0,44232.81625881791
20181116095100,44150.0,44203.713109344244
20181116095200,44162.5,44161.944184452295
20181116095300,44162.5,44153.86479720473
20181116095400,44175.0,44157.981676608324
20181116095500,44175.0,44166.368893533945
20181116095600,44262.5,44170.484402775764
20181116095700,44300.0,44229.18761372566
20181116095800,44275.0,44283.115354180336
20181116095900,44262.5,44278.674203157425
20181116100000,44275.0,44262.07515001297
20181116100100,44250.0,44266.349141299725
20181116100200,44225.0,44253.692043572664
20181116100300,44187.5,44228.70577350259
20181116100400,44175.0,44195.328176021576
20181116100500,44175.0,44174.600368738174
20181116100600,44200.0,44170.484402775764
20181116100700,44212.5,44187.257009744644
20181116100800,44237.5,44203.87159138918
20181116100900,44237.5,44224.75468367338
20181116101000,44262.5,44232.97748118639
20181116101100,44275.0,44249.746434390545
20181116101200,44237.5,44266.349141299725
20181116101300,44187.5,44245.30939385295
20181116101400,44200.0,44199.44140166044
20181116101500,44225.0,44191.37206226587
20181116101600,44237.5,44212.25698143244
20181116101700,44212.5,44228.86699587107
20181116101800,44212.5,44216.20989814401
20181116101900,44212.5,44207.984817028046
20181116102000,44187.5,44207.984817028046
20181116102100,44162.5,44191.21495038271
20181116102200,44175.0,44166.214065253735
20181116102300,44212.5,44166.368893533945
20181116102400,44237.5,44195.643313229084
20181116102500,44250.0,44224.75468367338
20181116102600,44262.5,44241.36195778847
20181116102700,44300.0,44253.85600626469
20181116102800,44312.5,44283.115354180336
20181116102900,44287.5,44303.818955272436
20181116103000,44225.0,44291.16231426597
20181116103100,44175.0,44241.036772727966
20181116103200,44187.5,44186.9436994195
20181116103300,44187.5,44178.870706260204
20181116103400,44212.5,44182.986215502024
20181116103500,44225.0,44199.75790902972
20181116103600,44262.5,44216.369750350714
20181116103700,44287.5,44245.63503563404
20181116103800,44262.5,44274.73179101944
20181116103900,44237.5,44266.18380844593
20181116104000,44237.5,44241.19936525822
20181116104100,44200.0,44232.97748118639
20181116104200,44175.0,44207.82587826252
20181116104300,44200.0,44178.7154212594
20181116104400,44200.0,44187.257009744644
20181116104500,44175.0,44195.48620134592
20181116104600,44162.5,44178.7154212594
20181116104700,44125.0,44162.098099291325
20181116104800,44100.0,44132.82139599323
20181116104900,44100.0,44103.68947312236
20181116105000,44125.0,44095.447950065136
20181116105100,44137.5,44112.22558096051
20181116105200,44125.0,44128.853407502174
20181116105300,44112.5,44124.58489686251
20181116105400,44125.0,44112.07760348916
20181116105500,44125.0,44116.34611412883
20181116105600,44125.0,44120.46527713537
20181116105700,44125.0,44120.46527713537
20181116105800,44162.5,44120.46527713537
20181116105900,44187.5,44145.62921151519
20181116110000,44162.5,44174.755653738976
20181116110100,44112.5,44166.214065253735
20181116110200,44137.5,44124.43509250879
20181116110300,44162.5,44124.73424449563
20181116110400,44137.5,44149.74746108055
20181116110500,44150.0,44141.208612918854
20181116110600,44162.5,44141.36024415493
20181116110700,44150.0,44153.86479720473
20181116110800,44137.5,44149.595373123884
20181116110900,44187.5,44137.09082007408
20181116111000,44150.0,44166.522351652384
20181116111100,44112.5,44157.828218489885
20181116111200,44137.5,44120.31638622284
20181116111300,44175.0,44124.73424449563
20181116111400,44162.5,44158.13559144735
20181116111500,44150.0,44162.098099291325
20181116111600,44137.5,44149.595373123884
20181116111700,44162.5,44137.09082007408
20181116111800,44175.0,44149.74746108055
20181116111900,44175.0,44166.368893533945
20181116112000,44175.0,44170.484402775764
20181116112100,44175.0,44170.484402775764
20181116112200,44162.5,44170.484402775764
20181116112300,44175.0,44162.098099291325
20181116112400,44162.5,44166.368893533945
20181116112500,44187.5,44162.098099291325
20181116112600,44150.0,44174.755653738976
20181116112700,44125.0,44157.828218489885
20181116112800,44112.5,44128.70360314846
20181116112900,44112.5,44112.07760348916
20181116113000,44087.5,44107.957527041435
20181116113100,44075.0,44091.18080958724
20181116113200,44075.0,44074.54841583967
20181116113300,44112.5,44070.42514234781
20181116113400,44137.5,44095.594100654125
20181116113500,44125.0,44124.73424449563
20181116113600,44112.5,44124.58489686251
20181116113700,44125.0,44112.07760348916
20181116113800,44112.5,44116.34611412883
20181116113900,44125.0,44112.07760348916
20181116114000,44112.5,44116.34611412883
20181116114100,44125.0,44112.07760348916
20181116114200,44112.5,44116.34611412883
20181116114300,44137.5,44112.07760348916
20181116114400,44125.0,44124.73424449563
20181116114500,44125.0,44124.58489686251
20181116114600,44112.5,44120.46527713537
20181116114700,44112.5,44112.07760348916
20181116114800,44075.0,44107.957527041435
20181116114900,44075.0,44082.79267922044
20181116115000,44062.5,44070.42514234781
20181116115100,44087.5,44062.03564181924
20181116115200,44075.0,44074.69136938453
20181116115300,44112.5,44074.54841583967
20181116115400,44112.5,44095.594100654125
20181116115500,44125.0,44107.957527041435
20181116115600,44112.5,44116.34611412883
20181116115700,44075.0,44112.07760348916
20181116115800,44075.0,44082.79267922044
20181116115900,44087.5,44070.42514234781
20181116120000,44062.5,44078.81464287639
20181116120100,44075.0,44066.15937203169
20181116120200,44062.5,44066.30186885595
20181116120300,44087.5,44062.03564181924
20181116120400,44075.0,44074.69136938453
20181116120500,44112.5,44074.54841583967
20181116120600,44087.5,44095.594100654125
20181116120700,44075.0,44091.18080958724
20181116120800,44087.5,44074.54841583967
20181116120900,44087.5,44078.81464287639
20181116121000,44075.0,44082.937459647655
20181116121100,44075.0,44074.54841583967
20181116121200,44075.0,44070.42514234781
20181116121300,44087.5,44070.42514234781
20181116121400,44112.5,44078.81464287639
20181116121500,44125.0,44099.71554726362
20181116121600,44125.0,44116.34611412883
20181116121700,44125.0,44120.46527713537
20181116121800,44125.0,44120.46527713537
20181116121900,44112.5,44120.46527713537
20181116122000,44125.0,44112.07760348916
20181116122100,44112.5,44116.34611412883
20181116122200,44137.5,44112.07760348916
20181116122300,44112.5,44124.73424449563
20181116122400,44125.0,44116.197223216295
20181116122500,44137.5,44116.34611412883
20181116122600,44112.5,44128.853407502174
20181116122700,44125.0,44116.197223216295
20181116122800,44125.0,44116.34611412883
20181116122900,44125.0,44120.46527713537
20181116123000,44137.5,44120.46527713537
20181116123100,44137.5,44128.853407502174
20181116123200,44125.0,44132.97257050872
20181116123300,44125.0,44124.58489686251
20181116123400,44112.5,44120.46527713537
20181116123500,44112.5,44112.07760348916
20181116123600,44137.5,44107.957527041435
20181116123700,44125.0,44124.73424449563
20181116123800,44137.5,44124.58489686251
20181116123900,44112.5,44128.853407502174
20181116124000,44125.0,44116.197223216295
20181116124100,44125.0,44116.34611412883
20181116124200,44137.5,44120.46527713537
20181116124300,44112.5,44128.853407502174
20181116124400,44137.5,44116.197223216295
20181116124500,44125.0,44124.73424449563
20181116124600,44112.5,44124.58489686251
20181116124700,44125.0,44112.07760348916
20181116124800,44137.5,44116.34611412883
20181116124900,44137.5,44128.853407502174
20181116125000,44137.5,44132.97257050872
20181116125100,44162.5,44132.97257050872
20181116125200,44175.0,44149.74746108055
20181116125300,44212.5,44166.368893533945
20181116125400,44262.5,44195.643313229084
20181116125500,44287.5,44241.52409359813
20181116125600,44275.0,44274.73179101944
20181116125700,44300.0,44274.566001445055
20181116125800,44287.5,44287.222642451525
20181116125900,44287.5,44287.05548271537
20181116130000,44262.5,44282.94819444418
20181116130100,44250.0,44266.18380844593
20181116130200,44250.0,44249.58292841911
20181116130300,44225.0,44245.47289982438
20181116130400,44237.5,44228.70577350259
20181116130500,44225.0,44228.86699587107
20181116130600,44225.0,44224.59391802549
20181116130700,44237.5,44220.4820625484
20181116130800,44262.5,44228.86699587107
20181116130900,44262.5,44249.746434390545
20181116131000,44262.5,44257.96557813883
20181116131100,44287.5,44257.96557813883
20181116131200,44262.5,44274.73179101944
20181116131300,44275.0,44266.18380844593
20181116131400,44262.5,44266.349141299725
20181116131500,44275.0,44262.07515001297
20181116131600,44275.0,44266.349141299725
20181116131700,44275.0,44270.457343012094
20181116131800,44275.0,44270.457343012094
20181116131900,44262.5,44270.457343012094
20181116132000,44275.0,44262.07515001297
20181116132100,44300.0,44266.349141299725
20181116132200,44312.5,44287.222642451525
20181116132300,44337.5,44303.818955272436
20181116132400,44312.5,44324.68788921833
20181116132500,44350.0,44316.135796159506
20181116132600,44375.0,44333.06871205568
20181116132700,44337.5,44362.13989108801
20181116132800,44325.0,44345.20651847124
20181116132900,44312.5,44324.51616227627
20181116133000,44312.5,44312.03079149127
20181116133100,44312.5,44307.925330102444
20181116133200,44337.5,44307.925330102444
20181116133300,44337.5,44324.68788921833
20181116133400,44325.0,44332.89698511362
20181116133500,44300.0,44324.51616227627
20181116133600,44262.5,44303.64951193333
20181116133700,44287.5,44270.29155343771
20181116133800,44287.5,44274.73179101944
20181116133900,44275.0,44282.94819444418
20181116134000,44262.5,44274.566001445055
20181116134100,44287.5,44262.07515001297
20181116134200,44262.5,44274.73179101944
20181116134300,44262.5,44266.18380844593
20181116134400,44262.5,44257.96557813883
20181116134500,44287.5,44257.96557813883
20181116134600,44287.5,44274.73179101944
20181116134700,44262.5,44282.94819444418
20181116134800,44275.0,44266.18380844593
20181116134900,44275.0,44266.349141299725
20181116135000,44250.0,44270.457343012094
20181116135100,44262.5,44253.692043572664
20181116135200,44262.5,44253.85600626469
20181116135300,44262.5,44257.96557813883
20181116135400,44262.5,44257.96557813883
20181116135500,44262.5,44257.96557813883
20181116135600,44262.5,44257.96557813883
20181116135700,44275.0,44257.96557813883
20181116135800,44262.5,44266.349141299725
20181116135900,44250.0,44262.07515001297
20181116140000,44225.0,44249.58292841911
20181116140100,44225.0,44228.70577350259
20181116140200,44225.0,44220.4820625484
20181116140300,44237.5,44220.4820625484
20181116140400,44187.5,44228.86699587107
20181116140500,44162.5,44199.44140166044
20181116140600,44150.0,44166.214065253735
20181116140700,44112.5,44149.595373123884
20181116140800,44112.5,44120.31638622284
20181116140900,44087.5,44107.957527041435
20181116141000,44075.0,44091.18080958724
20181116141100,44062.5,44074.54841583967
20181116141200,44087.5,44062.03564181924
20181116141300,44062.5,44074.69136938453
20181116141400,44087.5,44066.15937203169
20181116141500,44087.5,44074.69136938453
20181116141600,44075.0,44082.937459647655
20181116141700,44050.0,44074.54841583967
20181116141800,44025.0,44053.646141290665
20181116141900,44000.0,44028.61648276448
20181116142000,43975.0,44003.58134359121
20181116142100,43962.5,43978.54118049145
20181116142200,43975.0,43961.88777759671
20181116142300,43975.0,43966.14989414811
20181116142400,43975.0,43970.28093189001
20181116142500,43987.5,43970.28093189001
20181116142600,43987.5,43978.67362946272
20181116142700,43975.0,43982.80329704285
20181116142800,43925.0,43974.41151291132
20181116142900,43812.5,43936.71105504036
20181116143000,43775.0,43844.63618397713
20181116143100,43775.0,43782.18101337552
20181116143200,43762.5,43769.7454251349
20181116143300,43762.5,43761.34816035628
20181116143400,43775.0,43757.2015941143
20181116143500,43762.5,43765.59885889292
20181116143600,43737.5,43761.34816035628
20181116143700,43725.0,43740.406607836485
20181116143800,43712.5,43723.712100088596
20181116143900,43725.0,43711.16415858269
20181116144000,43737.5,43715.41211679578
20181116144100,43775.0,43727.96051502228
20181116144200,43800.0,43757.30481296778
20181116144300,43837.5,43786.540411412716
20181116144400,43925.0,43820.02077102661
20181116144500,43900.0,43891.22214093804
20181116144600,43887.5,43903.38963419199
20181116144700,43875.0,43886.72298640013
20181116144800,43825.0,43874.19148683548
20181116144900,43787.5,43836.47367358208
20181116145000,43825.0,43794.7207339108
20181116145100,43875.0,43807.48013705015
20181116145200,43887.5,43853.49564999342
20181116145300,43837.5,43878.44812273979
20181116145400,43850.0,43849.00791347027
20181116145500,43887.5,43840.843119472265
20181116145600,43925.0,43870.171432197094
20181116145700,43912.5,43907.77095481753
20181116145800,43912.5,43911.78324520588
20181116145900,43900.0,43907.648096978664
20181116150000,43887.5,43899.253572523594
20181116150100,43887.5,43886.72298640013
20181116150200,43937.5,43882.58601129055
20181116150300,43950.0,43916.165935993195
20181116150400,43875.0,43941.09831303358
20181116150500,43862.5,43894.87362205982
20181116150600,43825.0,43861.65816038847
20181116150700,43825.0,43832.333044707775
20181116150800,43800.0,43819.90933120251
20181116150900,43775.0,43803.11708524823
20181116151000,43800.0,43778.0362740159
20181116151100,43812.5,43786.540411412716
20181116151200,43812.5,43803.226698189974
20181116151300,43837.5,43807.37006738782
20181116151400,43850.0,43824.163683503866
20181116151500,43875.0,43840.843119472265
20181116151600,43925.0,43861.77553758025
20181116151700,43912.5,43903.63443642855
20181116151800,43900.0,43911.78324520588
20181116151900,43875.0,43899.253572523594
20181116153000,44000.0,43878.32891866565
20181116153500,44000.0,43954.0098041296
20181119090000,43962.5,43995.3247487545
20181119090100,44000.0,43970.14939635992
20181119090200,43987.5,43982.93574601412
20181119090300,43962.5,43986.932964622974
20181119090400,44025.0,43966.01881533861
20181119090500,44037.5,43999.722054600716
20181119090600,43987.5,44028.75486910343
20181119090700,43962.5,43999.31877031922
20181119090800,43975.0,43966.01881533861
20181119090900,43962.5,43966.14989414811
20181119091000,43975.0,43961.88777759671
20181119091100,43962.5,43966.14989414811
20181119091200,43962.5,43961.88777759671
20181119091300,43975.0,43957.75673985481
20181119091400,44012.5,43966.14989414811
20181119091500,44100.0,43995.459024608135
20181119091600,44150.0,44066.5859490633
20181119091700,44200.0,44129.00321185589
20181119091800,44137.5,44179.025991261005
20181119091900,44075.0,44153.55879440904
20181119092000,44100.0,44091.03511571884
20181119092100,44137.5,44087.20414340496
20181119092200,44175.0,44120.614168047905
20181119092300,44137.5,44158.13559144735
20181119092400,44125.0,44145.325949043036
20181119092500,44050.0,44124.58489686251
20181119092600,43950.0,44070.13832181692
20181119092700,43937.5,43978.275825828314
20181119092800,43875.0,43936.838023364544
20181119092900,43837.5,43890.73801711202
20181119093000,43825.0,43844.86819803715
20181119093100,43862.5,43824.05133023858
20181119093200,43862.5,43845.098841935396
20181119093300,43850.0,43857.51890167594
20181119093400,43850.0,43849.12346377969
20181119093500,43862.5,43844.98374834657
20181119093600,43850.0,43853.37918624282
20181119093700,43850.0,43849.12346377969
20181119093800,43787.5,43844.98374834657
20181119093900,43712.5,43803.00655886531
20181119094000,43750.0,43731.90840780735
20181119094100,43775.0,43732.20984339714
20181119094200,43762.5,43761.45229265094
20181119094300,43737.5,43761.34816035628
20181119094400,43712.5,43740.406607836485
20181119094500,43750.0,43715.3139218688
20181119094600,43762.5,43732.20984339714
20181119094700,43762.5,43753.05457115173
20181119094800,43737.5,43757.2015941143
20181119094900,43712.5,43740.406607836485
20181119095000,43725.0,43715.3139218688
20181119095100,43775.0,43715.41211679578
20181119095200,43737.5,43753.156876564026
20181119095300,43675.0,43744.554087519646
20181119095400,43612.5,43690.12121409178
20181119095500,43650.0,43627.366891503334
20181119095600,43712.5,43631.78246617317
20181119095700,43700.0,43686.25233396888
20181119095800,43637.5,43698.61484691501
20181119095900,43675.0,43652.471908926964
20181119100000,43650.0,43656.89661800861
20181119100100,43625.0,43652.5623396039
20181119100200,43650.0,43627.453211694956
20181119100300,43637.5,43635.939536988735
20181119100400,43625.0,43635.85230335593
20181119100500,43612.5,43623.29659759998
20181119100600,43612.5,43610.73952168226
20181119100700,43587.5,43606.58108070493
20181119100800,43575.0,43589.7815272212
20181119100900,43575.0,43573.06189984083
20181119101000,43575.0,43568.90026181936
20181119101100,43600.0,43568.90026181936
20181119101200,43662.5,43585.70209890604
20181119101300,43675.0,43636.02585718036
20181119101400,43675.0,43665.206192433834
20181119101500,43662.5,43669.35960948467
20181119101600,43637.5,43660.96097454429
20181119101700,43650.0,43640.008004009724
20181119101800,43662.5,43640.09569436312
20181119101900,43687.5,43652.650943398476
20181119102000,43675.0,43673.6057408154
20181119102100,43675.0,43673.51302653551
20181119102200,43700.0,43669.35960948467
20181119102300,43725.0,43686.15870624781
20181119102400,43762.5,43711.26144006848
20181119102500,43775.0,43744.75778490305
20181119102600,43762.5,43765.59885889292
20181119102700,43775.0,43761.34816035628
20181119102800,43750.0,43765.59885889292
20181119102900,43712.5,43752.95089557767
20181119103000,43725.0,43719.463685154915
20181119103100,43700.0,43715.41211679578
20181119103200,43675.0,43702.76598036289
20181119103300,43700.0,43677.66644358635
20181119103400,43725.0,43686.15870624781
20181119103500,43712.5,43711.26144006848
20181119103600,43675.0,43711.16415858269
20181119103700,43650.0,43681.818033754826
20181119103800,43662.5,43652.5623396039
20181119103900,43637.5,43652.650943398476
20181119104000,43625.0,43640.008004009724
20181119104100,43650.0,43623.29659759998
20181119104200,43662.5,43635.939536988735
20181119104300,43675.0,43652.650943398476
20181119104400,43737.5,43665.206192433834
20181119104500,43837.5,43711.35826483369
20181119104600,43800.0,43799.29935783148
20181119104700,43762.5,43807.259541004896
20181119104800,43775.0,43769.63992267847
20181119104900,43787.5,43765.59885889292
20181119105000,43712.5,43778.14268991351
20181119105100,43687.5,43731.90840780735
20181119105200,43687.5,43690.21621197462
20181119105300,43662.5,43681.91211819649
20181119105400,43700.0,43665.114848315716
20181119105500,43712.5,43682.00574591756
20181119105600,43712.5,43702.86234840751
20181119105700,43737.5,43707.01348185539
20181119105800,43725.0,43723.810751736164
20181119105900,43712.5,43723.712100088596
20181119110000,43737.5,43711.16415858269
20181119110100,43762.5,43723.810751736164
20181119110200,43775.0,43748.90617802739
20181119110300,43750.0,43765.59885889292
20181119110400,43725.0,43752.95089557767
20181119110500,43725.0,43727.86094993353
20181119110600,43737.5,43719.56233680248
20181119110700,43712.5,43727.96051502228
20181119110800,43725.0,43715.3139218688
20181119110900,43725.0,43715.41211679578
20181119111000,43725.0,43719.56233680248
20181119111100,43725.0,43719.56233680248
20181119111200,43725.0,43719.56233680248
20181119111300,43725.0,43719.56233680248
20181119111400,43725.0,43719.56233680248
20181119111500,43725.0,43719.56233680248
20181119111600,43712.5,43719.56233680248
20181119111700,43712.5,43711.16415858269
20181119111800,43725.0,43707.01348185539
20181119111900,43725.0,43715.41211679578
20181119112000,43725.0,43719.56233680248
20181119112100,43725.0,43719.56233680248
20181119112200,43712.5,43719.56233680248
20181119112300,43700.0,43711.16415858269
20181119112400,43687.5,43698.61484691501
20181119112500,43662.5,43686.064621806145
20181119112600,43662.5,43665.114848315716
20181119112700,43675.0,43656.80618733168
20181119112800,43687.5,43665.206192433834
20181119112900,43650.0,43677.75915786624
20181119113000,43612.5,43656.71621337533
20181119113100,43612.5,43619.05412003398
20181119113200,43612.5,43606.58108070493
20181119113300,43612.5,43606.58108070493
20181119113400,43612.5,43606.58108070493
20181119113500,43625.0,43606.58108070493
20181119113600,43612.5,43614.981542527676
20181119113700,43612.5,43610.73952168226
20181119113800,43575.0,43606.58108070493
20181119113900,43587.5,43581.381978839636
20181119114000,43562.5,43577.3011803627
20181119114100,43575.0,43564.66098129749
20181119114200,43587.5,43564.73862379789
20181119114300,43587.5,43577.3011803627
20181119114400,43562.5,43581.46190494299
20181119114500,43587.5,43564.66098129749
20181119114600,43625.0,43573.13954234123
20181119114700,43600.0,43606.663747131824
20181119114800,43587.5,43602.339516580105
20181119114900,43575.0,43585.621716082096
20181119115000,43575.0,43573.06189984083
20181119115100,43575.0,43568.90026181936
20181119115200,43575.0,43568.90026181936
20181119115300,43575.0,43568.90026181936
20181119115400,43587.5,43568.90026181936
20181119115500,43587.5,43577.3011803627
20181119115600,43575.0,43581.46190494299
20181119115700,43587.5,43573.06189984083
20181119115800,43562.5,43577.3011803627
20181119115900,43562.5,43564.66098129749
20181119120000,43575.0,43556.337705254555
20181119120100,43575.0,43564.73862379789
20181119120200,43575.0,43568.90026181936
20181119120300,43575.0,43568.90026181936
20181119120400,43575.0,43568.90026181936
20181119120500,43587.5,43568.90026181936
20181119120600,43575.0,43577.3011803627
20181119120700,43575.0,43573.06189984083
20181119120800,43562.5,43568.90026181936
20181119120900,43562.5,43560.499799996614
20181119121000,43575.0,43556.337705254555
20181119121100,43587.5,43564.73862379789
20181119121200,43562.5,43577.3011803627
20181119121300,43562.5,43564.66098129749
20181119121400,43562.5,43556.337705254555
20181119121500,43562.5,43556.337705254555
20181119121600,43562.5,43556.337705254555
20181119121700,43575.0,43556.337705254555
20181119121800,43562.5,43564.73862379789
20181119121900,43575.0,43560.499799996614
20181119122000,43562.5,43564.73862379789
20181119122100,43562.5,43560.499799996614
20181119122200,43575.0,43556.337705254555
20181119122300,43562.5,43564.73862379789
20181119122400,43562.5,43560.499799996614
20181119122500,43562.5,43556.337705254555
20181119122600,43550.0,43556.337705254555
20181119122700,43550.0,43547.936786711216
20181119122800,43575.0,43543.773778527975
20181119122900,43562.5,43560.576529055834
20181119123000,43575.0,43560.499799996614
20181119123100,43575.0,43564.73862379789
20181119123200,43587.5,43568.90026181936
20181119123300,43587.5,43577.3011803627
20181119123400,43562.5,43581.46190494299
20181119123500,43587.5,43564.66098129749
20181119123600,43562.5,43573.13954234123
20181119123700,43575.0,43564.66098129749
20181119123800,43575.0,43564.73862379789
20181119123900,43575.0,43568.90026181936
20181119124000,43562.5,43568.90026181936
20181119124100,43575.0,43560.499799996614
20181119124200,43575.0,43564.73862379789
20181119124300,43587.5,43568.90026181936
20181119124400,43575.0,43577.3011803627
20181119124500,43575.0,43573.06189984083
20181119124600,43562.5,43568.90026181936
20181119124700,43575.0,43560.499799996614
20181119124800,43562.5,43564.73862379789
20181119124900,43562.5,43560.499799996614
20181119125000,43562.5,43556.337705254555
20181119125100,43562.5,43556.337705254555
20181119125200,43562.5,43556.337705254555
20181119125300,43562.5,43556.337705254555
20181119125400,43575.0,43556.337705254555
20181119125500,43562.5,43564.73862379789
20181119125600,43575.0,43560.499799996614
20181119125700,43562.5,43564.73862379789
20181119125800,43575.0,43560.499799996614
20181119125900,43562.5,43564.73862379789
20181119130000,43575.0,43560.499799996614
20181119130100,43562.5,43564.73862379789
20181119130200,43575.0,43560.499799996614
20181119130300,43575.0,43564.73862379789
20181119130400,43575.0,43568.90026181936
20181119130500,43562.5,43568.90026181936
20181119130600,43575.0,43560.499799996614
20181119130700,43562.5,43564.73862379789
20181119130800,43575.0,43560.499799996614
20181119130900,43575.0,43564.73862379789
20181119131000,43562.5,43568.90026181936
20181119131100,43575.0,43560.499799996614
20181119131200,43575.0,43564.73862379789
20181119131300,43575.0,43568.90026181936
20181119131400,43562.5,43568.90026181936
20181119131500,43562.5,43560.499799996614
20181119131600,43562.5,43556.337705254555
20181119131700,43562.5,43556.337705254555
20181119131800,43562.5,43556.337705254555
20181119131900,43550.0,43556.337705254555
20181119132000,43512.5,43547.936786711216
20181119132100,43537.5,43518.57239305973
20181119132200,43537.5,43522.87926822901
20181119132300,43525.0,43531.208938360214
20181119132400,43525.0,43522.808476537466
20181119132500,43525.0,43518.64318475127
20181119132600,43525.0,43518.64318475127
20181119132700,43525.0,43518.64318475127
20181119132800,43525.0,43518.64318475127
20181119132900,43525.0,43518.64318475127
20181119133000,43525.0,43518.64318475127
20181119133100,43525.0,43518.64318475127
20181119133200,43512.5,43518.64318475127
20181119133300,43525.0,43510.242722928524
20181119133400,43512.5,43514.47789296508
20181119133500,43525.0,43510.242722928524
20181119133600,43525.0,43514.47789296508
20181119133700,43512.5,43518.64318475127
20181119133800,43537.5,43510.242722928524
20181119133900,43525.0,43522.87926822901
20181119134000,43525.0,43522.808476537466
20181119134100,43500.0,43518.64318475127
20181119134200,43462.5,43501.841804385185
20181119134300,43462.5,43468.30663830042
20181119134400,43462.5,43455.79888820648
20181119134500,43487.5,43455.79888820648
20181119134600,43475.0,43472.60255217552
20181119134700,43462.5,43472.53861129284
20181119134800,43462.5,43459.96874719858
20181119134900,43475.0,43455.79888820648
20181119135000,43500.0,43464.200720191
20181119135100,43512.5,43485.17378643155
20181119135200,43512.5,43501.910312473774
20181119135300,43512.5,43506.07651770115
20181119135400,43512.5,43506.07651770115
20181119135500,43525.0,43506.07651770115
20181119135600,43512.5,43514.47789296508
20181119135700,43512.5,43510.242722928524
20181119135800,43512.5,43506.07651770115
20181119135900,43512.5,43506.07651770115
20181119140000,43525.0,43506.07651770115
20181119140100,43537.5,43514.47789296508
20181119140200,43587.5,43527.0445600152
20181119140300,43612.5,43564.81535285711
20181119140400,43625.0,43598.262828588486
20181119140500,43587.5,43614.981542527676
20181119140600,43612.5,43593.94042491913
20181119140700,43587.5,43598.262828588486
20181119140800,43550.0,43589.7815272212
20181119140900,43575.0,43556.261432915926
20181119141000,43575.0,43560.576529055834
20181119141100,43562.5,43568.90026181936
20181119141200,43575.0,43560.499799996614
20181119141300,43562.5,43564.73862379789
20181119141400,43575.0,43560.499799996614
20181119141500,43537.5,43564.73862379789
20181119141600,43512.5,43543.6997897923
20181119141700,43525.0,43514.40801471472
20181119141800,43512.5,43514.47789296508
20181119141900,43512.5,43510.242722928524
20181119142000,43562.5,43506.07651770115
20181119142100,43637.5,43539.68338891864
20181119142200,43637.5,43606.74641355872
20181119142300,43625.0,43631.69614598155
20181119142400,43625.0,43623.29659759998
20181119142500,43637.5,43619.13907006383
20181119142600,43600.0,43627.53953188658
20181119142700,43587.5,43606.49750083685
20181119142800,43625.0,43585.621716082096
20181119142900,43650.0,43606.663747131824
20181119143000,43637.5,43635.939536988735
20181119143100,43625.0,43635.85230335593
20181119143200,43625.0,43623.29659759998
20181119143300,43612.5,43619.13907006383
20181119143400,43612.5,43610.73952168226
20181119143500,43625.0,43606.58108070493
20181119143600,43625.0,43614.981542527676
20181119143700,43612.5,43619.13907006383
20181119143800,43637.5,43610.73952168226
20181119143900,43612.5,43623.38154762983
20181119144000,43612.5,43614.896592497826
20181119144100,43625.0,43606.58108070493
20181119144200,43625.0,43614.981542527676
20181119144300,43612.5,43619.13907006383
20181119144400,43637.5,43610.73952168226
20181119144500,43612.5,43623.38154762983
20181119144600,43587.5,43614.896592497826
20181119144700,43612.5,43589.7815272212
20181119144800,43625.0,43598.262828588486
20181119144900,43625.0,43614.981542527676
20181119145000,43662.5,43619.13907006383
20181119145100,43675.0,43644.33999881148
20181119145200,43675.0,43665.206192433834
20181119145300,43712.5,43669.35960948467
20181119145400,43712.5,43694.55825462937
20181119145500,43700.0,43707.01348185539
20181119145600,43612.5,43698.61484691501
20181119145700,43537.5,43635.676922649145
20181119145800,43512.5,43556.18470385671
20181119145900,43562.5,43514.40801471472
20181119150000,43612.5,43539.68338891864
20181119150100,43600.0,43589.94229286909
20181119150200,43562.5,43598.18107560277
20181119150300,43537.5,43568.82216259837
20181119150400,43537.5,43539.53678160906
20181119150500,43550.0,43531.208938360214
20181119150600,43562.5,43539.60985690355
20181119150700,43562.5,43552.174697071314
20181119150800,43562.5,43556.337705254555
20181119150900,43562.5,43556.337705254555
20181119151000,43562.5,43556.337705254555
20181119151100,43600.0,43556.337705254555
20181119151200,43625.0,43581.54091760516
20181119151300,43650.0,43610.82264482975
20181119151400,43675.0,43635.939536988735
20181119151500,43662.5,43661.051405221224
20181119151600,43662.5,43660.96097454429
20181119151700,43662.5,43656.80618733168
20181119151800,43675.0,43656.80618733168
20181119151900,43650.0,43665.206192433834
20181119153000,43650.0,43652.5623396039
20181119153500,43650.0,43644.2518517375
20181120090000,42337.5,43644.2518517375
20181120090100,42475.0,42764.59474936128
20181120090200,42600.0,42413.816437125206
20181120090300,42537.5,42544.252640753984
20181120090400,42612.5,42544.68972235918
20181120090500,42675.0,42573.80931377411
20181120090600,42725.0,42641.1194242537
20181120090700,42762.5,42695.80486416817
20181120090800,42812.5,42737.867003679276
20181120090900,42812.5,42784.09489169717
20181120091000,42825.0,42800.96752047539
20181120091100,42812.5,42809.359304606915
20181120091200,42825.0,42805.18442168832
20181120091300,42837.5,42809.359304606915
20181120091400,42800.0,42821.96844667196
20181120091500,42775.0,42801.00999549031
20181120091600,42775.0,42771.57846391201
20181120091700,42775.0,42763.14055100083
20181120091800,42787.5,42763.14055100083
20181120091900,42787.5,42771.53096497059
20181120092000,42812.5,42775.75014978647
20181120092100,42825.0,42792.532804608345
20181120092200,42862.5,42809.359304606915
20181120092300,42850.0,42838.75521197915
20181120092400,42812.5,42843.005910515785
20181120092500,42800.0,42813.61594051123
20181120092600,42850.0,42792.57664978504
20181120092700,42887.5,42821.92916870117
20181120092800,42900.0,42863.97349610925
20181120092900,42912.5,42885.006849467754
20181120093000,42862.5,42897.61279448867
20181120093100,42875.0,42868.24885755777
20181120093200,42887.5,42859.79267582297
20181120093300,42875.0,42872.39999100566
20181120093400,42875.0,42868.218257278204
20181120093500,42875.0,42864.00592327118
20181120093600,42900.0,42864.00592327118
20181120093700,42925.0,42880.79497218132
20181120093800,42912.5,42906.00868910551
20181120093900,42925.0,42906.03380873799
20181120094000,42925.0,42910.21873950958
20181120094100,42912.5,42914.428789913654
20181120094200,42937.5,42906.03380873799
20181120094300,42925.0,42918.615090847015
20181120094400,42862.5,42918.637470155954
20181120094500,42837.5,42872.46027812362
20181120094600,42825.0,42834.61366966367
20181120094700,42812.5,42817.792193591595
20181120094800,42800.0,42805.18442168832
20181120094900,42775.0,42792.57664978504
20181120095000,42787.5,42771.57846391201
20181120095100,42825.0,42771.53096497059
20181120095200,42862.5,42800.92504546046
20181120095300,42887.5,42838.75521197915
20181120095400,42850.0,42868.187200278044
20181120095500,42825.0,42851.43286213279
20181120095600,42862.5,42822.00726792216
20181120095700,42875.0,42838.75521197915
20181120095800,42900.0,42859.79267582297
20181120095900,42900.0,42880.79497218132
20181120100000,42875.0,42889.21781331301
20181120100100,42837.5,42872.43059128523
20181120100200,42800.0,42838.827830553055
20181120100300,42825.0,42801.00999549031
20181120100400,42825.0,42805.142860114574
20181120100500,42812.5,42813.575749099255
20181120100600,42787.5,42805.18442168832
20181120100700,42825.0,42784.18623581529
20181120100800,42850.0,42800.92504546046
20181120100900,42837.5,42830.36160096526
20181120101000,42837.5,42830.39950877428
20181120101100,42825.0,42826.18397772312
20181120101200,42825.0,42817.792193591595
20181120101300,42825.0,42813.575749099255
20181120101400,42812.5,42813.575749099255
20181120101500,42850.0,42805.18442168832
20181120101600,42900.0,42826.14561319351
20181120101700,42875.0,42872.3689340055
20181120101800,42900.0,42872.43059128523
20181120101900,42925.0,42880.79497218132
20181120102000,42925.0,42906.00868910551
20181120102100,42912.5,42914.428789913654
20181120102200,42900.0,42906.03380873799
20181120102300,42862.5,42893.42877715826
20181120102400,42862.5,42864.03743699193
20181120102500,42875.0,42851.399064809084
20181120102600,42912.5,42859.79267582297
20181120102700,42887.5,42889.19041007757
20181120102800,42887.5,42885.03470942378
20181120102900,42875.0,42876.612325012684
20181120103000,42862.5,42868.218257278204
20181120103100,42875.0,42855.61231225729
20181120103200,42875.0,42859.79267582297
20181120103300,42850.0,42864.00592327118
20181120103400,42825.0,42847.21961468458
20181120103500,42825.0,42822.00726792216
20181120103600,42812.5,42813.575749099255
20181120103700,42837.5,42805.18442168832
20181120103800,42862.5,42817.75245890021
20181120103900,42875.0,42842.97028630972
20181120104000,42875.0,42859.79267582297
20181120104100,42862.5,42864.00592327118
20181120104200,42837.5,42855.61231225729
20181120104300,42825.0,42834.61366966367
20181120104400,42825.0,42817.792193591595
20181120104500,42812.5,42813.575749099255
20181120104600,42812.5,42805.18442168832
20181120104700,42825.0,42800.96752047539
20181120104800,42825.0,42809.359304606915
20181120104900,42825.0,42813.575749099255
20181120105000,42837.5,42813.575749099255
20181120105100,42862.5,42821.96844667196
20181120105200,42887.5,42842.97028630972
20181120105300,42887.5,42868.187200278044
20181120105400,42887.5,42876.612325012684
20181120105500,42887.5,42876.612325012684
20181120105600,42862.5,42876.612325012684
20181120105700,42887.5,42859.825102984905
20181120105800,42875.0,42868.187200278044
20181120105900,42875.0,42868.218257278204
20181120110000,42875.0,42864.00592327118
20181120110100,42875.0,42864.00592327118
20181120110200,42862.5,42864.00592327118
20181120110300,42862.5,42855.61231225729
20181120110400,42825.0,42851.399064809084
20181120110500,42825.0,42826.22234225273
20181120110600,42837.5,42813.575749099255
20181120110700,42825.0,42821.96844667196
20181120110800,42812.5,42817.792193591595
20181120110900,42775.0,42805.18442168832
20181120111000,42800.0,42775.79673528671
20181120111100,42837.5,42779.921835660934
20181120111200,42825.0,42813.53555768728
20181120111300,42825.0,42817.792193591595
20181120111400,42812.5,42813.575749099255
20181120111500,42825.0,42805.18442168832
20181120111600,42812.5,42809.359304606915
20181120111700,42837.5,42805.18442168832
20181120111800,42825.0,42817.75245890021
20181120111900,42825.0,42817.792193591595
20181120112000,42825.0,42813.575749099255
20181120112100,42837.5,42813.575749099255
20181120112200,42825.0,42821.96844667196
20181120112300,42837.5,42817.792193591595
20181120112400,42825.0,42821.96844667196
20181120112500,42825.0,42817.792193591595
20181120112600,42825.0,42813.575749099255
20181120112700,42812.5,42813.575749099255
20181120112800,42825.0,42805.18442168832
20181120112900,42812.5,42809.359304606915
20181120113000,42825.0,42805.18442168832
20181120113100,42812.5,42809.359304606915
20181120113200,42850.0,42805.18442168832
20181120113300,42887.5,42826.14561319351
20181120113400,42862.5,42863.97349610925
20181120113500,42875.0,42859.825102984905
20181120113600,42887.5,42859.79267582297
20181120113700,42900.0,42872.39999100566
20181120113800,42887.5,42885.006849467754
20181120113900,42875.0,42880.82420229912
20181120114000,42887.5,42868.218257278204
20181120114100,42887.5,42872.39999100566
20181120114200,42887.5,42876.612325012684
20181120114300,42875.0,42876.612325012684
20181120114400,42862.5,42868.218257278204
20181120114500,42875.0,42855.61231225729
20181120114600,42887.5,42859.79267582297
20181120114700,42862.5,42872.39999100566
20181120114800,42862.5,42859.825102984905
20181120114900,42875.0,42851.399064809084
20181120115000,42862.5,42859.79267582297
20181120115100,42887.5,42855.61231225729
20181120115200,42875.0,42868.187200278044
20181120115300,42875.0,42868.218257278204
20181120115400,42862.5,42864.00592327118
20181120115500,42875.0,42855.61231225729
20181120115600,42875.0,42859.79267582297
20181120115700,42875.0,42864.00592327118
20181120115800,42887.5,42864.00592327118
20181120115900,42862.5,42872.39999100566
20181120120000,42875.0,42859.825102984905
20181120120100,42875.0,42859.79267582297
20181120120200,42887.5,42864.00592327118
20181120120300,42837.5,42872.39999100566
20181120120400,42812.5,42843.04107800126
20181120120500,42812.5,42809.40040946007
20181120120600,42812.5,42800.96752047539
20181120120700,42825.0,42800.96752047539
20181120120800,42837.5,42809.359304606915
20181120120900,42825.0,42821.96844667196
20181120121000,42837.5,42817.792193591595
20181120121100,42812.5,42821.96844667196
20181120121200,42812.5,42809.40040946007
20181120121300,42812.5,42800.96752047539
20181120121400,42775.0,42800.96752047539
20181120121500,42775.0,42775.79673528671
20181120121600,42775.0,42763.14055100083
20181120121700,42787.5,42763.14055100083
20181120121800,42787.5,42771.53096497059
20181120121900,42775.0,42775.75014978647
20181120122000,42737.5,42767.36019253731
20181120122100,42737.5,42737.973876297474
20181120122200,42737.5,42725.310384482145
20181120122300,42737.5,42725.310384482145
20181120122400,42687.5,42725.310384482145
20181120122500,42637.5,42691.76334366202
20181120122600,42612.5,42641.329972445965
20181120122700,42625.0,42607.65596330166
20181120122800,42662.5,42607.58014768362
20181120122900,42700.0,42636.96189671755
20181120123000,42637.5,42674.80302453041
20181120123100,42662.5,42645.55555135012
20181120123200,42712.5,42641.190215945244
20181120123300,42700.0,42683.19069817662
20181120123400,42687.5,42691.702599823475
20181120123500,42737.5,42679.092087596655
20181120123600,42762.5,42708.41811671853
20181120123700,42762.5,42742.0889288187
20181120123800,42812.5,42750.530495494604
20181120123900,42800.0,42784.09489169717
20181120124000,42762.5,42792.57664978504
20181120124100,42712.5,42763.18942010403
20181120124200,42725.0,42716.97888746858
20181120124300,42700.0,42708.47703367472
20181120124400,42675.0,42695.925895124674
20181120124500,42675.0,42670.706697553396
20181120124600,42712.5,42662.25599646568
20181120124700,42737.5,42687.416277080774
20181120124800,42737.5,42716.86562076211
20181120124900,42725.0,42725.310384482145
20181120125000,42725.0,42716.92225411534
20181120125100,42725.0,42712.699872255325
20181120125200,42725.0,42712.699872255325
20181120125300,42750.0,42712.699872255325
20181120125400,42775.0,42729.47704643011
20181120125500,42750.0,42754.700354486704
20181120125600,42725.0,42746.362006664276
20181120125700,42725.0,42721.14417925477
20181120125800,42737.5,42712.699872255325
20181120125900,42712.5,42721.08800262213
20181120130000,42725.0,42708.53549391031
20181120130100,42737.5,42708.47703367472
20181120130200,42712.5,42721.08800262213
20181120130300,42712.5,42708.53549391031
20181120130400,42750.0,42700.089360028505
20181120130500,42762.5,42725.25466457009
20181120130600,42775.0,42746.30994051695
20181120130700,42750.0,42758.92090946436
20181120130800,42725.0,42746.362006664276
20181120130900,42712.5,42721.14417925477
20181120131000,42725.0,42704.312655329704
20181120131100,42725.0,42708.47703367472
20181120131200,42750.0,42712.699872255325
20181120131300,42762.5,42729.47704643011
20181120131400,42750.0,42746.30994051695
20181120131500,42725.0,42742.14145168662
20181120131600,42725.0,42721.14417925477
20181120131700,42712.5,42712.699872255325
20181120131800,42750.0,42704.312655329704
20181120131900,42775.0,42725.25466457009
20181120132000,42762.5,42754.700354486704
20181120132100,42787.5,42754.75059375167
20181120132200,42812.5,42767.311323434114
20181120132300,42787.5,42792.532804608345
20181120132400,42787.5,42784.18623581529
20181120132500,42812.5,42775.75014978647
20181120132600,42775.0,42792.532804608345
20181120132700,42775.0,42775.79673528671
20181120132800,42762.5,42763.14055100083
20181120132900,42762.5,42754.75059375167
20181120133000,42775.0,42750.530495494604
20181120133100,42800.0,42758.92090946436
20181120133200,42812.5,42779.921835660934
20181120133300,42800.0,42796.75061926246
20181120133400,42762.5,42792.57664978504
20181120133500,42775.0,42763.18942010403
20181120133600,42787.5,42758.92090946436
20181120133700,42750.0,42771.53096497059
20181120133800,42712.5,42750.58164820075
20181120133900,42725.0,42712.75741904974
20181120134000,42737.5,42708.47703367472
20181120134100,42712.5,42721.08800262213
20181120134200,42725.0,42708.53549391031
20181120134300,42737.5,42708.47703367472
20181120134400,42700.0,42721.08800262213
20181120134500,42675.0,42700.14873370528
20181120134600,42700.0,42670.706697553396
20181120134700,42712.5,42679.02860343456
20181120134800,42675.0,42695.865608006716
20181120134900,42700.0,42674.93090629578
20181120135000,42687.5,42679.02860343456
20181120135100,42675.0,42679.092087596655
20181120135200,42675.0,42666.481575369835
20181120135300,42675.0,42662.25599646568
20181120135400,42662.5,42662.25599646568
20181120135500,42725.0,42653.871063143015
20181120135600,42762.5,42691.579285264015
20181120135700,42725.0,42737.867003679276
20181120135800,42725.0,42725.36564767361
20181120135900,42712.5,42712.699872255325
20181120140000,42725.0,42704.312655329704
20181120140100,42750.0,42708.47703367472
20181120140200,42750.0,42729.47704643011
20181120140300,42725.0,42737.920439988375
20181120140400,42737.5,42721.14417925477
20181120140500,42737.5,42721.08800262213
20181120140600,42712.5,42725.310384482145
20181120140700,42737.5,42708.53549391031
20181120140800,42725.0,42716.86562076211
20181120140900,42737.5,42716.92225411534
20181120141000,42750.0,42721.08800262213
20181120141100,42775.0,42733.69897156954
20181120141200,42775.0,42754.700354486704
20181120141300,42775.0,42763.14055100083
20181120141400,42762.5,42763.14055100083
20181120141500,42775.0,42754.75059375167
20181120141600,42775.0,42758.92090946436
20181120141700,42775.0,42763.14055100083
20181120141800,42787.5,42763.14055100083
20181120141900,42787.5,42771.53096497059
20181120142000,42762.5,42775.75014978647
20181120142100,42775.0,42758.97023528814
20181120142200,42787.5,42758.92090946436
20181120142300,42775.0,42771.53096497059
20181120142400,42762.5,42767.36019253731
20181120142500,42775.0,42754.75059375167
20181120142600,42762.5,42758.92090946436
20181120142700,42775.0,42754.75059375167
20181120142800,42750.0,42758.92090946436
20181120142900,42712.5,42746.362006664276
20181120143000,42712.5,42712.75741904974
20181120143100,42712.5,42700.089360028505
20181120143200,42712.5,42700.089360028505
20181120143300,42725.0,42700.089360028505
20181120143400,42687.5,42708.47703367472
20181120143500,42687.5,42687.540048360825
20181120143600,42675.0,42674.86696541309
20181120143700,42675.0,42666.481575369835
20181120143800,42675.0,42662.25599646568
20181120143900,42712.5,42662.25599646568
20181120144000,42725.0,42687.416277080774
20181120144100,42737.5,42708.47703367472
20181120144200,42750.0,42721.08800262213
20181120144300,42775.0,42733.69897156954
20181120144400,42775.0,42754.700354486704
20181120144500,42750.0,42763.14055100083
20181120144600,42725.0,42746.362006664276
20181120144700,42712.5,42721.14417925477
20181120144800,42725.0,42704.312655329704
20181120144900,42725.0,42708.47703367472
20181120145000,42712.5,42712.699872255325
20181120145100,42725.0,42704.312655329704
20181120145200,42725.0,42708.47703367472
20181120145300,42737.5,42712.699872255325
20181120145400,42725.0,42721.08800262213
20181120145500,42737.5,42716.92225411534
20181120145600,42712.5,42721.08800262213
20181120145700,42725.0,42708.53549391031
20181120145800,42737.5,42708.47703367472
20181120145900,42737.5,42721.08800262213
20181120150000,42762.5,42725.310384482145
20181120150100,42750.0,42742.0889288187
20181120150200,42725.0,42742.14145168662
20181120150300,42725.0,42721.14417925477
20181120150400,42737.5,42712.699872255325
20181120150500,42750.0,42721.08800262213
20181120150600,42787.5,42733.69897156954
20181120150700,42787.5,42763.09168189764
20181120150800,42787.5,42775.75014978647
20181120150900,42762.5,42775.75014978647
20181120151000,42725.0,42758.97023528814
20181120151100,42725.0,42725.36564767361
20181120151200,42725.0,42712.699872255325
20181120151300,42750.0,42712.699872255325
20181120151400,42750.0,42729.47704643011
20181120151500,42725.0,42737.920439988375
20181120151600,42712.5,42721.14417925477
20181120151700,42725.0,42704.312655329704
20181120151800,42725.0,42708.47703367472
20181120151900,42725.0,42712.699872255325
20181120153000,42800.0,42712.699872255325
20181120153500,42800.0,42763.041442632675
20181121090000,41950.0,42788.35929185152
20181121090100,42062.5,42219.89881172776
20181121090200,42112.5,42006.13576322794
20181121090300,42062.5,42077.8404392302
20181121090400,42037.5,42061.50719746947
20181121090500,42037.5,42027.80578508973
20181121090600,42050.0,42019.28840279579
20181121090700,42050.0,42027.624010294676
20181121090800,42050.0,42031.88292980194
20181121090900,42012.5,42031.88292980194
20181121091000,42037.5,42006.8802177906
20181121091100,42037.5,42010.76919361949
20181121091200,42012.5,42019.28840279579
20181121091300,41975.0,42002.62129828334
20181121091400,41987.5,41969.112165272236
20181121091500,41962.5,41964.65822607279
20181121091600,41950.0,41952.26374268532
20181121091700,41937.5,41935.41486337781
20181121091800,41962.5,41922.828328981996
20181121091900,41962.5,41935.21573320031
20181121092000,41975.0,41943.740651383996
20181121092100,41975.0,41952.067809551954
20181121092200,41975.0,41956.32946938276
20181121092300,41987.5,41956.32946938276
20181121092400,41975.0,41964.65822607279
20181121092500,41950.0,41960.59067249298
20181121092600,41912.5,41939.67652320862
20181121092700,41912.5,41906.18428885937
20181121092800,41912.5,41893.39542724192
20181121092900,41925.0,41893.39542724192
20181121093000,41925.0,41901.7166480422
20181121093100,41925.0,41905.98013475537
20181121093200,41912.5,41905.98013475537
20181121093300,41875.0,41897.65891395509
20181121093400,41825.0,41868.44135597348
20181121093500,41862.5,41822.39821143448
20181121093600,41862.5,41830.27024753392
20181121093700,41850.0,41843.06847192347
20181121093800,41812.5,41834.75501537323
20181121093900,41812.5,41805.55937997997
20181121094000,41825.0,41792.760698869824
20181121094100,41812.5,41801.06890313327
20181121094200,41825.0,41797.02738262713
20181121094300,41812.5,41801.06890313327
20181121094400,41812.5,41797.02738262713
20181121094500,41812.5,41792.760698869824
20181121094600,41812.5,41792.760698869824
20181121094700,41837.5,41792.760698869824
20181121094800,41825.0,41809.37870591879
20181121094900,41850.0,41809.60204228759
20181121095000,41912.5,41821.95701934397
20181121095100,41925.0,41872.07114286721
20181121095200,41887.5,41901.7166480422
20181121095300,41837.5,41881.02103956044
20181121095400,41862.5,41834.97287109494
20181121095500,41875.0,41834.53670293093
20181121095600,41875.0,41851.38329863548
20181121095700,41875.0,41855.648612231016
20181121095800,41862.5,41855.648612231016
20181121095900,41875.0,41847.33355715871
20181121100000,41875.0,41851.38329863548
20181121100100,41862.5,41855.648612231016
20181121100200,41875.0,41847.33355715871
20181121100300,41862.5,41851.38329863548
20181121100400,41875.0,41847.33355715871
20181121100500,41875.0,41851.38329863548
20181121100600,41862.5,41855.648612231016
20181121100700,41862.5,41847.33355715871
20181121100800,41875.0,41843.06847192347
20181121100900,41875.0,41851.38329863548
20181121101000,41887.5,41855.648612231016
20181121101100,41887.5,41863.9648091048
20181121101200,41862.5,41868.22943761945
20181121101300,41887.5,41851.598185673356
20181121101400,41875.0,41859.69972386956
20181121101500,41875.0,41859.91301238537
20181121101600,41875.0,41855.648612231016
20181121101700,41887.5,41855.648612231016
20181121101800,41875.0,41863.9648091048
20181121101900,41887.5,41859.91301238537
20181121102000,41912.5,41863.9648091048
20181121102100,41912.5,41884.86708365381
20181121102200,41875.0,41893.39542724192
20181121102300,41900.0,41868.44135597348
20181121102400,41937.5,41872.28283286095
20181121102500,41925.0,41905.7750672102
20181121102600,41912.5,41910.24316474795
20181121102700,41925.0,41897.65891395509
20181121102800,41925.0,41901.7166480422
20181121102900,41925.0,41905.98013475537
20181121103000,41925.0,41905.98013475537
20181121103100,41925.0,41905.98013475537
20181121103200,41937.5,41905.98013475537
20181121103300,41925.0,41914.302725717425
20181121103400,41937.5,41910.24316474795
20181121103500,41962.5,41914.302725717425
20181121103600,41925.0,41935.21573320031
20181121103700,41937.5,41918.76808293164
20181121103800,41925.0,41914.302725717425
20181121103900,41975.0,41910.24316474795
20181121104000,41975.0,41939.279633015394
20181121104100,41987.5,41956.32946938276
20181121104200,42025.0,41964.65822607279
20181121104300,42012.5,41993.91392022371
20181121104400,42000.0,41998.36192205548
20181121104500,42062.5,41985.77059209347
20181121104600,42037.5,42023.18194583058
20181121104700,42037.5,42027.80578508973
20181121104800,42000.0,42019.28840279579
20181121104900,41987.5,41994.28980126977
20181121105000,42000.0,41973.180175572634
20181121105100,42025.0,41977.2495560348
20181121105200,42025.0,41998.17466661334
20181121105300,42037.5,42006.69478923082
20181121105400,42025.0,42015.029026567936
20181121105500,42037.5,42010.95416545868
20181121105600,42037.5,42015.029026567936
20181121105700,42025.0,42019.28840279579
20181121105800,42037.5,42010.95416545868
20181121105900,42025.0,42015.029026567936
20181121110000,42025.0,42010.95416545868
20181121110100,42025.0,42006.69478923082
20181121110200,42025.0,42006.69478923082
20181121110300,42025.0,42006.69478923082
20181121110400,42012.5,42006.69478923082
20181121110500,42025.0,41998.36192205548
20181121110600,42062.5,42002.43495628238
20181121110700,42050.0,42031.70206844807
20181121110800,42050.0,42036.141392588615
20181121110900,42050.0,42031.88292980194
20181121111000,42112.5,42031.88292980194
20181121111100,42125.0,42073.58197644353
20181121111200,42100.0,42103.21172475815
20181121111300,42075.0,42090.78161716461
20181121111400,42087.5,42065.58890938759
20181121111500,42100.0,42065.41444212198
20181121111600,42087.5,42078.01307961345
20181121111700,42087.5,42073.92862737179
20181121111800,42087.5,42069.671534746885
20181121111900,42087.5,42069.671534746885
20181121112000,42062.5,42069.671534746885
20181121112100,42062.5,42052.99346894026
20181121112200,42087.5,42044.47837024927
20181121112300,42075.0,42061.1564360559
20181121112400,42037.5,42061.33227348328
20181121112500,42025.0,42032.063791155815
20181121112600,42037.5,42010.95416545868
20181121112700,42025.0,42015.029026567936
20181121112800,42050.0,42010.95416545868
20181121112900,42075.0,42023.36509078741
20181121113000,42087.5,42048.558712005615
20181121113100,42087.5,42065.41444212198
20181121113200,42062.5,42069.671534746885
20181121113300,42075.0,42052.99346894026
20181121113400,42075.0,42052.8167180717
20181121113500,42050.0,42057.07472413778
20181121113600,42012.5,42040.3993986547
20181121113700,42025.0,42006.8802177906
20181121113800,42012.5,42002.43495628238
20181121113900,42037.5,41998.36192205548
20181121114000,42025.0,42010.76919361949
20181121114100,42037.5,42010.95416545868
20181121114200,42025.0,42015.029026567936
20181121114300,42025.0,42010.95416545868
20181121114400,42037.5,42006.69478923082
20181121114500,42025.0,42015.029026567936
20181121114600,42012.5,42010.95416545868
20181121114700,42037.5,41998.36192205548
20181121114800,42062.5,42010.76919361949
20181121114900,42075.0,42035.96144467592
20181121115000,42075.0,42052.8167180717
20181121115100,42075.0,42057.07472413778
20181121115200,42075.0,42057.07472413778
20181121115300,42075.0,42057.07472413778
20181121115400,42062.5,42057.07472413778
20181121115500,42075.0,42048.736376315355
20181121115600,42087.5,42052.8167180717
20181121115700,42125.0,42065.41444212198
20181121115800,42137.5,42094.698909670115
20181121115900,42125.0,42115.812645852566
20181121120000,42162.5,42111.72316968441
20181121120100,42162.5,42132.50624015927
20181121120200,42237.5,42145.27021050453
20181121120300,42275.0,42195.38068026304
20181121120400,42287.5,42245.96248567104
20181121120500,42287.5,42267.069371044636
20181121120600,42250.0,42271.31778597832
20181121120700,42237.5,42246.24473899603
20181121120800,42225.0,42225.14196410775
20181121120900,42225.0,42212.5378459692
20181121121000,42225.0,42208.286690711975
20181121121100,42212.5,42208.286690711975
20181121121200,42212.5,42199.93372783065
20181121121300,42262.5,42195.68211585283
20181121121400,42250.0,42229.10310178995
20181121121500,42237.5,42237.746995687485
20181121121600,42262.5,42225.14196410775
20181121121700,42250.0,42237.60449886322
20181121121800,42225.0,42237.746995687485
20181121121900,42250.0,42216.788087785244
20181121122000,42237.5,42224.997183680534
20181121122100,42237.5,42225.14196410775
20181121122200,42225.0,42220.8921790123
20181121122300,42237.5,42212.5378459692
20181121122400,42262.5,42216.641480475664
20181121122500,42250.0,42237.60449886322
20181121122600,42237.5,42237.746995687485
20181121122700,42250.0,42225.14196410775
20181121122800,42237.5,42229.24788221717
20181121122900,42225.0,42225.14196410775
20181121123000,42225.0,42212.5378459692
20181121123100,42225.0,42208.286690711975
20181121123200,42237.5,42208.286690711975
20181121123300,42250.0,42216.641480475664
20181121123400,42225.0,42229.24788221717
20181121123500,42225.0,42216.788087785244
20181121123600,42212.5,42208.286690711975
20181121123700,42225.0,42199.93372783065
20181121123800,42225.0,42204.03553545475
20181121123900,42212.5,42208.286690711975
20181121124000,42225.0,42199.93372783065
20181121124100,42225.0,42204.03553545475
20181121124200,42212.5,42208.286690711975
20181121124300,42212.5,42199.93372783065
20181121124400,42225.0,42195.68211585283
20181121124500,42225.0,42204.03553545475
20181121124600,42225.0,42208.286690711975
20181121124700,42212.5,42208.286690711975
20181121124800,42237.5,42199.93372783065
20181121124900,42212.5,42212.39032521844
20181121125000,42225.0,42204.18442636728
20181121125100,42225.0,42204.03553545475
20181121125200,42225.0,42208.286690711975
20181121125300,42225.0,42208.286690711975
20181121125400,42212.5,42208.286690711975
20181121125500,42187.5,42199.93372783065
20181121125600,42187.5,42178.97938713431
20181121125700,42175.0,42170.47479301691
20181121125800,42162.5,42162.12502717972
20181121125900,42187.5,42149.52364936471
20181121130000,42187.5,42161.968828737736
20181121130100,42175.0,42170.47479301691
20181121130200,42175.0,42162.12502717972
20181121130300,42187.5,42157.87204504013
20181121130400,42175.0,42166.22181087732
20181121130500,42187.5,42162.12502717972
20181121130600,42175.0,42166.22181087732
20181121130700,42175.0,42162.12502717972
20181121130800,42175.0,42157.87204504013
20181121130900,42212.5,42157.87204504013
20181121131000,42225.0,42182.92545303702
20181121131100,42237.5,42204.03553545475
20181121131200,42225.0,42216.641480475664
20181121131300,42237.5,42212.5378459692
20181121131400,42237.5,42216.641480475664
20181121131500,42200.0,42220.8921790123
20181121131600,42212.5,42195.83237692714
20181121131700,42200.0,42191.43096059561
20181121131800,42175.0,42187.33052313328
20181121131900,42187.5,42166.378009319305
20181121132000,42175.0,42166.22181087732
20181121132100,42175.0,42162.12502717972
20181121132200,42175.0,42157.87204504013
20181121132300,42187.5,42157.87204504013
20181121132400,42175.0,42166.22181087732
20181121132500,42162.5,42162.12502717972
20181121132600,42175.0,42149.52364936471
20181121132700,42162.5,42153.61906290054
20181121132800,42175.0,42149.52364936471
20181121132900,42175.0,42153.61906290054
20181121133000,42187.5,42157.87204504013
20181121133100,42175.0,42166.22181087732
20181121133200,42175.0,42162.12502717972
20181121133300,42187.5,42157.87204504013
20181121133400,42175.0,42166.22181087732
20181121133500,42175.0,42162.12502717972
20181121133600,42175.0,42157.87204504013
20181121133700,42162.5,42157.87204504013
20181121133800,42162.5,42149.52364936471
20181121133900,42162.5,42145.27021050453
20181121134000,42162.5,42145.27021050453
20181121134100,42175.0,42145.27021050453
20181121134200,42162.5,42153.61906290054
20181121134300,42175.0,42149.52364936471
20181121134400,42187.5,42153.61906290054
20181121134500,42212.5,42166.22181087732
20181121134600,42225.0,42187.17843517661
20181121134700,42212.5,42204.03553545475
20181121134800,42225.0,42199.93372783065
20181121134900,42225.0,42204.03553545475
20181121135000,42237.5,42208.286690711975
20181121135100,42225.0,42216.641480475664
20181121135200,42187.5,42212.5378459692
20181121135300,42200.0,42183.23099911213
20181121135400,42187.5,42178.825929015875
20181121135500,42187.5,42174.7277751565
20181121135600,42187.5,42170.47479301691
20181121135700,42187.5,42170.47479301691
20181121135800,42175.0,42170.47479301691
20181121135900,42187.5,42162.12502717972
20181121140000,42200.0,42166.22181087732
20181121140100,42187.5,42178.825929015875
20181121140200,42187.5,42174.7277751565
20181121140300,42187.5,42170.47479301691
20181121140400,42187.5,42170.47479301691
20181121140500,42162.5,42170.47479301691
20181121140600,42112.5,42153.7766315043
20181121140700,42125.0,42111.888502538204
20181121140800,42137.5,42103.21172475815
20181121140900,42137.5,42115.812645852566
20181121141000,42125.0,42120.067911595106
20181121141100,42112.5,42111.72316968441
20181121141200,42112.5,42099.124075472355
20181121141300,42125.0,42094.868353009224
20181121141400,42125.0,42103.21172475815
20181121141500,42125.0,42107.46744722128
20181121141600,42137.5,42107.46744722128
20181121141700,42125.0,42115.812645852566
20181121141800,42125.0,42111.72316968441
20181121141900,42125.0,42107.46744722128
20181121142000,42125.0,42107.46744722128
20181121142100,42125.0,42107.46744722128
20181121142200,42125.0,42107.46744722128
20181121142300,42112.5,42107.46744722128
20181121142400,42050.0,42099.124075472355
20181121142500,42025.0,42053.17021980882
20181121142600,42037.5,42015.213084965944
20181121142700,42037.5,42015.029026567936
20181121142800,42037.5,42019.28840279579
20181121142900,42062.5,42019.28840279579
20181121143000,42075.0,42035.96144467592
20181121143100,42087.5,42052.8167180717
20181121143200,42075.0,42065.41444212198
20181121143300,42075.0,42061.33227348328
20181121143400,42112.5,42057.07472413778
20181121143500,42137.5,42082.0979885757
20181121143600,42112.5,42111.556923389435
20181121143700,42112.5,42103.379341214895
20181121143800,42162.5,42094.868353009224
20181121143900,42175.0,42128.25097441673
20181121144000,42187.5,42153.61906290054
20181121144100,42175.0,42166.22181087732
20181121144200,42175.0,42162.12502717972
20181121144300,42162.5,42157.87204504013
20181121144400,42200.0,42149.52364936471
20181121144500,42237.5,42170.31950801611
20181121144600,42212.5,42208.13871324062
20181121144700,42212.5,42204.18442636728
20181121144800,42225.0,42195.68211585283
20181121144900,42225.0,42204.03553545475
20181121145000,42212.5,42208.286690711975
20181121145100,42237.5,42199.93372783065
20181121145200,42225.0,42212.39032521844
20181121145300,42237.5,42212.5378459692
20181121145400,42225.0,42216.641480475664
20181121145500,42225.0,42212.5378459692
20181121145600,42225.0,42208.286690711975
20181121145700,42237.5,42208.286690711975
20181121145800,42225.0,42216.641480475664
20181121145900,42187.5,42212.5378459692
20181121150000,42187.5,42183.23099911213
20181121150100,42175.0,42170.47479301691
20181121150200,42175.0,42162.12502717972
20181121150300,42175.0,42157.87204504013
20181121150400,42187.5,42157.87204504013
20181121150500,42175.0,42166.22181087732
20181121150600,42200.0,42162.12502717972
20181121150700,42212.5,42174.57340359688
20181121150800,42237.5,42191.43096059561
20181121150900,42212.5,42212.39032521844
20181121151000,42162.5,42204.18442636728
20181121151100,42187.5,42162.28168234229
20181121151200,42162.5,42161.968828737736
20181121151300,42137.5,42153.7766315043
20181121151400,42137.5,42128.576616197824
20181121151500,42125.0,42120.067911595106
20181121151600,42137.5,42111.72316968441
20181121151700,42137.5,42115.812645852566
20181121151800,42137.5,42120.067911595106
20181121151900,42200.0,42120.067911595106
20181121153000,42100.0,42161.81171685457
20181121153500,42100.0,42116.306360810995
20181122090000,42125.0,42082.26971551776
20181122090100,42212.5,42098.95600229502
20181122090200,42225.0,42165.90941399336
20181122090300,42250.0,42204.03553545475
20181122090400,42237.5,42224.997183680534
20181122090500,42212.5,42225.14196410775
20181122090600,42237.5,42204.18442636728
20181122090700,42262.5,42212.39032521844
20181122090800,42262.5,42237.60449886322
20181122090900,42237.5,42246.10406905413
20181122091000,42225.0,42229.391749203205
20181122091100,42212.5,42212.5378459692
20181122091200,42212.5,42199.93372783065
20181122091300,42225.0,42195.68211585283
20181122091400,42237.5,42204.03553545475
20181122091500,42262.5,42216.641480475664
20181122091600,42287.5,42237.60449886322
20181122091700,42275.0,42262.820956110954
20181122091800,42312.5,42262.95888572931
20181122091900,42325.0,42283.79082530737
20181122092000,42350.0,42304.89497035742
20181122092100,42375.0,42325.86895003915
20181122092200,42400.0,42351.09088793397
20181122092300,42412.5,42376.31419599056
20181122092400,42437.5,42393.16809922457
20181122092500,42462.5,42414.15075659752
20181122092600,42450.0,42439.375891536474
20181122092700,42437.5,42439.48185071349
20181122092800,42462.5,42426.87133848667
20181122092900,42462.5,42439.375891536474
20181122093000,42500.0,42447.85445258021
20181122093100,42525.0,42472.97728210688
20181122093200,42525.0,42502.44215428829
20181122093300,42550.0,42510.91295108199
20181122093400,42575.0,42527.66911610961
20181122093500,42562.5,42552.89607793093
20181122093600,42600.0,42552.98194140196
20181122093700,42637.5,42573.891523480415
20181122093800,42612.5,42611.73402145505
20181122093900,42625.0,42607.65596330166
20181122094000,42575.0,42607.58014768362
20181122094100,42525.0,42578.285175561905
20181122094200,42537.5,42527.84860730171
20181122094300,42537.5,42519.29057687521
20181122094400,42525.0,42523.52529019117
20181122094500,42512.5,42515.148121118546
20181122094600,42525.0,42502.536695450544
20181122094700,42525.0,42506.67778104544
20181122094800,42512.5,42510.91295108199
20181122094900,42512.5,42502.536695450544
20181122095000,42462.5,42498.3010686934
20181122095100,42412.5,42464.80426713824
20181122095200,42450.0,42414.370895922184
20181122095300,42450.0,42422.52244502306
20181122095400,42462.5,42435.24302691221
20181122095500,42475.0,42443.615628778934
20181122095600,42475.0,42456.22796788812
20181122095700,42462.5,42460.465878248215
20181122095800,42462.5,42452.0928196609
20181122095900,42487.5,42447.85445258021
20181122100000,42475.0,42464.60193991661
20181122100100,42475.0,42464.70333188772
20181122100200,42475.0,42460.465878248215
20181122100300,42475.0,42460.465878248215
20181122100400,42475.0,42460.465878248215
20181122100500,42450.0,42460.465878248215
20181122100600,42425.0,42443.72067451477
20181122100700,42412.5,42418.50056350231
20181122100800,42425.0,42401.65077075362
20181122100900,42412.5,42405.77952489257
20181122101000,42412.5,42401.65077075362
20181122101100,42375.0,42397.41012006998
20181122101200,42337.5,42372.30692952871
20181122101300,42362.5,42334.484070539474
20181122101400,42350.0,42338.47991898656
20181122101500,42350.0,42338.60369026661
20181122101600,42362.5,42334.35938581824
20181122101700,42337.5,42342.724680155516
20181122101800,42350.0,42330.2402228117
20181122101900,42362.5,42330.114167928696
20181122102000,42375.0,42342.724680155516
20181122102100,42375.0,42355.335192382336
20181122102200,42375.0,42359.57904011011
20181122102300,42412.5,42359.57904011011
20181122102400,42437.5,42384.68314409256
20181122102500,42437.5,42414.15075659752
20181122102600,42437.5,42422.6320579648
20181122102700,42437.5,42422.6320579648
20181122102800,42425.0,42422.6320579648
20181122102900,42412.5,42414.26128298044
20181122103000,42400.0,42401.65077075362
20181122103100,42387.5,42389.04117196798
20181122103200,42387.5,42376.431573182344
20181122103300,42387.5,42372.18909561634
20181122103400,42387.5,42372.18909561634
20181122103500,42387.5,42372.18909561634
20181122103600,42375.0,42372.18909561634
20181122103700,42362.5,42363.821974396706
20181122103800,42350.0,42351.21283233166
20181122103900,42337.5,42338.60369026661
20181122104000,42350.0,42325.99546164274
20181122104100,42362.5,42330.114167928696
20181122104200,42362.5,42342.724680155516
20181122104300,42337.5,42346.96898460388
20181122104400,42325.0,42330.2402228117
20181122104500,42325.0,42313.387233018875
20181122104600,42325.0,42309.14155840874
20181122104700,42337.5,42309.14155840874
20181122104800,42337.5,42317.50456914306
20181122104900,42325.0,42321.750243753195
20181122105000,42325.0,42313.387233018875
20181122105100,42325.0,42309.14155840874
20181122105200,42325.0,42309.14155840874
20181122105300,42337.5,42309.14155840874
20181122105400,42325.0,42317.50456914306
20181122105500,42325.0,42313.387233018875
20181122105600,42362.5,42309.14155840874
20181122105700,42387.5,42334.23470109701
20181122105800,42375.0,42363.70231360197
20181122105900,42375.0,42363.821974396706
20181122110000,42375.0,42359.57904011011
20181122110100,42375.0,42359.57904011011
20181122110200,42375.0,42359.57904011011
20181122110300,42362.5,42359.57904011011
20181122110400,42387.5,42351.21283233166
20181122110500,42387.5,42363.70231360197
20181122110600,42375.0,42372.18909561634
20181122110700,42387.5,42363.821974396706
20181122110800,42412.5,42367.946161329746
20181122110900,42462.5,42388.926078379154
20181122111000,42462.5,42430.89550361037
20181122111100,42487.5,42447.85445258021
20181122111200,42487.5,42464.60193991661
20181122111300,42487.5,42473.07776063681
20181122111400,42475.0,42473.07776063681
20181122111500,42475.0,42464.70333188772
20181122111600,42487.5,42460.465878248215
20181122111700,42487.5,42468.8403069973
20181122111800,42487.5,42473.07776063681
20181122111900,42475.0,42473.07776063681
20181122112000,42475.0,42464.70333188772
20181122112100,42475.0,42460.465878248215
20181122112200,42462.5,42460.465878248215
20181122112300,42475.0,42452.0928196609
20181122112400,42475.0,42456.22796788812
20181122112500,42475.0,42460.465878248215
20181122112600,42462.5,42460.465878248215
20181122112700,42475.0,42452.0928196609
20181122112800,42487.5,42456.22796788812
20181122112900,42512.5,42468.8403069973
20181122113000,42525.0,42489.82844501734
20181122113100,42487.5,42506.67778104544
20181122113200,42500.0,42485.7864677906
20181122113300,42525.0,42481.45264610648
20181122113400,42537.5,42502.44215428829
20181122113500,42525.0,42519.29057687521
20181122113600,42537.5,42515.148121118546
20181122113700,42537.5,42519.29057687521
20181122113800,42537.5,42523.52529019117
20181122113900,42562.5,42523.52529019117
20181122114000,42550.0,42540.28236865997
20181122114100,42525.0,42540.37097245455
20181122114200,42525.0,42519.38192099333
20181122114300,42525.0,42510.91295108199
20181122114400,42537.5,42510.91295108199
20181122114500,42537.5,42519.29057687521
20181122114600,42525.0,42523.52529019117
20181122114700,42537.5,42515.148121118546
20181122114800,42525.0,42519.29057687521
20181122114900,42537.5,42515.148121118546
20181122115000,42525.0,42519.29057687521
20181122115100,42537.5,42515.148121118546
20181122115200,42525.0,42519.29057687521
20181122115300,42537.5,42515.148121118546
20181122115400,42525.0,42519.29057687521
20181122115500,42512.5,42515.148121118546
20181122115600,42512.5,42502.536695450544
20181122115700,42512.5,42498.3010686934
20181122115800,42512.5,42498.3010686934
20181122115900,42512.5,42498.3010686934
20181122120000,42525.0,42498.3010686934
20181122120100,42537.5,42506.67778104544
20181122120200,42525.0,42519.29057687521
20181122120300,42525.0,42515.148121118546
20181122120400,42512.5,42510.91295108199
20181122120500,42525.0,42502.536695450544
20181122120600,42525.0,42506.67778104544
20181122120700,42525.0,42510.91295108199
20181122120800,42512.5,42510.91295108199
20181122120900,42525.0,42502.536695450544
20181122121000,42512.5,42506.67778104544
20181122121100,42475.0,42502.536695450544
20181122121200,42462.5,42473.177325725555
20181122121300,42462.5,42452.0928196609
20181122121400,42475.0,42447.85445258021
20181122121500,42475.0,42456.22796788812
20181122121600,42475.0,42460.465878248215
20181122121700,42475.0,42460.465878248215
20181122121800,42475.0,42460.465878248215
20181122121900,42475.0,42460.465878248215
20181122122000,42487.5,42460.465878248215
20181122122100,42487.5,42468.8403069973
20181122122200,42462.5,42473.07776063681
20181122122300,42487.5,42456.330730021
20181122122400,42462.5,42464.60193991661
20181122122500,42475.0,42456.330730021
20181122122600,42462.5,42456.22796788812
20181122122700,42475.0,42452.0928196609
20181122122800,42475.0,42456.22796788812
20181122122900,42462.5,42460.465878248215
20181122123000,42487.5,42452.0928196609
20181122123100,42487.5,42464.60193991661
20181122123200,42487.5,42473.07776063681
20181122123300,42475.0,42473.07776063681
20181122123400,42487.5,42464.70333188772
20181122123500,42475.0,42468.8403069973
20181122123600,42475.0,42464.70333188772
20181122123700,42487.5,42460.465878248215
20181122123800,42487.5,42468.8403069973
20181122123900,42475.0,42473.07776063681
20181122124000,42475.0,42464.70333188772
20181122124100,42475.0,42460.465878248215
20181122124200,42475.0,42460.465878248215
20181122124300,42437.5,42460.465878248215
20181122124400,42375.0,42435.34898608923
20181122124500,42387.5,42380.78914433718
20181122124600,42375.0,42367.946161329746
20181122124700,42412.5,42363.821974396706
20181122124800,42437.5,42384.68314409256
20181122124900,42437.5,42414.15075659752
20181122125000,42437.5,42422.6320579648
20181122125100,42425.0,42422.6320579648
20181122125200,42437.5,42414.26128298044
20181122125300,42437.5,42418.39140728116
20181122125400,42437.5,42422.6320579648
20181122125500,42425.0,42422.6320579648
20181122125600,42425.0,42414.26128298044
20181122125700,42437.5,42410.02108901739
20181122125800,42425.0,42418.39140728116
20181122125900,42412.5,42414.26128298044
20181122130000,42425.0,42401.65077075362
20181122130100,42412.5,42405.77952489257
20181122130200,42425.0,42401.65077075362
20181122130300,42425.0,42405.77952489257
20181122130400,42437.5,42410.02108901739
20181122130500,42412.5,42418.39140728116
20181122130600,42412.5,42405.89142143726
20181122130700,42437.5,42397.41012006998
20181122130800,42437.5,42414.15075659752
20181122130900,42437.5,42422.6320579648
20181122131000,42425.0,42422.6320579648
20181122131100,42437.5,42414.26128298044
20181122131200,42437.5,42418.39140728116
20181122131300,42437.5,42422.6320579648
20181122131400,42462.5,42422.6320579648
20181122131500,42475.0,42439.375891536474
20181122131600,42487.5,42456.22796788812
20181122131700,42487.5,42468.8403069973
20181122131800,42475.0,42473.07776063681
20181122131900,42475.0,42464.70333188772
20181122132000,42462.5,42460.465878248215
20181122132100,42437.5,42452.0928196609
20181122132200,42425.0,42431.11061900854
20181122132300,42425.0,42414.26128298044
20181122132400,42425.0,42410.02108901739
20181122132500,42437.5,42410.02108901739
20181122132600,42437.5,42418.39140728116
20181122132700,42425.0,42422.6320579648
20181122132800,42425.0,42414.26128298044
20181122132900,42425.0,42410.02108901739
20181122133000,42400.0,42410.02108901739
20181122133100,42375.0,42393.282279372215
20181122133200,42387.5,42368.06445196271
20181122133300,42412.5,42367.946161329746
20181122133400,42412.5,42388.926078379154
20181122133500,42437.5,42397.41012006998
20181122133600,42425.0,42414.15075659752
20181122133700,42437.5,42414.26128298044
20181122133800,42425.0,42418.39140728116
20181122133900,42412.5,42414.26128298044
20181122134000,42437.5,42401.65077075362
20181122134100,42425.0,42414.15075659752
20181122134200,42437.5,42414.26128298044
20181122134300,42425.0,42418.39140728116
20181122134400,42425.0,42414.26128298044
20181122134500,42425.0,42410.02108901739
20181122134600,42437.5,42410.02108901739
20181122134700,42437.5,42418.39140728116
20181122134800,42425.0,42422.6320579648
20181122134900,42425.0,42414.26128298044
20181122135000,42437.5,42410.02108901739
20181122135100,42437.5,42418.39140728116
20181122135200,42425.0,42422.6320579648
20181122135300,42437.5,42414.26128298044
20181122135400,42462.5,42418.39140728116
20181122135500,42487.5,42439.375891536474
20181122135600,42487.5,42464.60193991661
20181122135700,42475.0,42473.07776063681
20181122135800,42487.5,42464.70333188772
20181122135900,42475.0,42468.8403069973
20181122140000,42475.0,42464.70333188772
20181122140100,42462.5,42460.465878248215
20181122140200,42400.0,42452.0928196609
20181122140300,42362.5,42406.00286126137
20181122140400,42362.5,42359.69915762544
20181122140500,42387.5,42346.96898460388
20181122140600,42375.0,42363.70231360197
20181122140700,42375.0,42363.821974396706
20181122140800,42387.5,42359.57904011011
20181122140900,42375.0,42367.946161329746
20181122141000,42350.0,42363.821974396706
20181122141100,42312.5,42342.847537994385
20181122141200,42325.0,42309.270810335875
20181122141300,42312.5,42304.89497035742
20181122141400,42312.5,42300.7794611156
20181122141500,42325.0,42296.53332978487
20181122141600,42325.0,42304.89497035742
20181122141700,42262.5,42309.14155840874
20181122141800,42225.0,42267.34340339899
20181122141900,42275.0,42221.03741616011
20181122142000,42312.5,42241.712243855
20181122142100,42275.0,42283.79082530737
20181122142200,42312.5,42271.45388871431
20181122142300,42312.5,42283.79082530737
20181122142400,42287.5,42296.53332978487
20181122142500,42287.5,42279.81233224273
20181122142600,42275.0,42271.31778597832
20181122142700,42275.0,42262.95888572931
20181122142800,42287.5,42258.71047079563
20181122142900,42262.5,42267.069371044636
20181122143000,42287.5,42254.60135564208
20181122143100,42287.5,42262.820956110954
20181122143200,42287.5,42271.31778597832
20181122143300,42262.5,42271.31778597832
20181122143400,42262.5,42254.60135564208
20181122143500,42275.0,42246.10406905413
20181122143600,42287.5,42254.46159914136
20181122143700,42325.0,42267.069371044636
20181122143800,42325.0,42296.4008808136
20181122143900,42325.0,42309.14155840874
20181122144000,42325.0,42309.14155840874
20181122144100,42337.5,42309.14155840874
20181122144200,42362.5,42317.50456914306
20181122144300,42362.5,42338.47991898656
20181122144400,42387.5,42346.96898460388
20181122144500,42362.5,42363.70231360197
20181122144600,42387.5,42355.45622333884
20181122144700,42375.0,42363.70231360197
20181122144800,42337.5,42363.821974396706
20181122144900,42287.5,42334.484070539474
20181122145000,42312.5,42288.305051624775
20181122145100,42325.0,42288.03878352046
20181122145200,42337.5,42304.89497035742
20181122145300,42337.5,42317.50456914306
20181122145400,42325.0,42321.750243753195
20181122145500,42362.5,42313.387233018875
20181122145600,42387.5,42334.23470109701
20181122145700,42375.0,42363.70231360197
20181122145800,42375.0,42363.821974396706
20181122145900,42387.5,42359.57904011011
20181122150000,42387.5,42367.946161329746
20181122150100,42387.5,42372.18909561634
20181122150200,42375.0,42372.18909561634
20181122150300,42375.0,42363.821974396706
20181122150400,42362.5,42359.57904011011
20181122150500,42375.0,42351.21283233166
20181122150600,42387.5,42355.335192382336
20181122150700,42362.5,42367.946161329746
20181122150800,42375.0,42355.45622333884
20181122150900,42362.5,42355.335192382336
20181122151000,42362.5,42351.21283233166
20181122151100,42375.0,42346.96898460388
20181122151200,42362.5,42355.335192382336
20181122151300,42375.0,42351.21283233166
20181122151400,42375.0,42355.335192382336
20181122151500,42375.0,42359.57904011011
20181122151600,42387.5,42359.57904011011
20181122151700,42375.0,42367.946161329746
20181122151800,42387.5,42363.821974396706
20181122151900,42387.5,42367.946161329746
20181122153000,42450.0,42372.18909561634
20181122153500,42450.0,42414.039773494005
20181123090000,42425.0,42435.24302691221
20181123090100,42437.5,42418.50056350231
20181123090200,42462.5,42418.39140728116
20181123090300,42537.5,42439.375891536474
20181123090400,42512.5,42498.10970276594
20181123090500,42487.5,42506.7718654871
20181123090600,42475.0,42481.55084103346
20181123090700,42487.5,42464.70333188772
20181123090800,42487.5,42468.8403069973
20181123090900,42475.0,42473.07776063681
20181123091000,42475.0,42464.70333188772
20181123091100,42475.0,42460.465878248215
20181123091200,42475.0,42460.465878248215
20181123091300,42412.5,42460.465878248215
20181123091400,42350.0,42418.610176444054
20181123091500,42387.5,42355.57634085417
20181123091600,42362.5,42359.458465874195
20181123091700,42325.0,42355.45622333884
20181123091800,42312.5,42321.87721207738
20181123091900,42312.5,42300.7794611156
20181123092000,42325.0,42296.53332978487
20181123092100,42362.5,42304.89497035742
20181123092200,42387.5,42334.23470109701
20181123092300,42387.5,42363.70231360197
20181123092400,42387.5,42372.18909561634
20181123092500,42375.0,42372.18909561634
20181123092600,42375.0,42363.821974396706
20181123092700,42375.0,42359.57904011011
20181123092800,42387.5,42359.57904011011
20181123092900,42362.5,42367.946161329746
20181123093000,42337.5,42355.45622333884
20181123093100,42325.0,42330.2402228117
20181123093200,42325.0,42313.387233018875
20181123093300,42325.0,42309.14155840874
20181123093400,42337.5,42309.14155840874
20181123093500,42312.5,42317.50456914306
20181123093600,42325.0,42305.02559244633
20181123093700,42312.5,42304.89497035742
20181123093800,42312.5,42300.7794611156
20181123093900,42337.5,42296.53332978487
20181123094000,42337.5,42313.25843781233
20181123094100,42312.5,42321.750243753195
20181123094200,42325.0,42305.02559244633
20181123094300,42325.0,42304.89497035742
20181123094400,42337.5,42309.14155840874
20181123094500,42350.0,42317.50456914306
20181123094600,42387.5,42330.114167928696
20181123094700,42375.0,42359.458465874195
20181123094800,42375.0,42363.821974396706
20181123094900,42375.0,42359.57904011011
20181123095000,42362.5,42359.57904011011
20181123095100,42375.0,42351.21283233166
20181123095200,42375.0,42355.335192382336
20181123095300,42362.5,42359.57904011011
20181123095400,42362.5,42351.21283233166
20181123095500,42362.5,42346.96898460388
20181123095600,42362.5,42346.96898460388
20181123095700,42387.5,42346.96898460388
20181123095800,42387.5,42363.70231360197
20181123095900,42362.5,42372.18909561634
20181123100000,42362.5,42355.45622333884
20181123100100,42375.0,42346.96898460388
20181123100200,42387.5,42355.335192382336
20181123100300,42387.5,42367.946161329746
20181123100400,42375.0,42372.18909561634
20181123100500,42362.5,42363.821974396706
20181123100600,42362.5,42351.21283233166
20181123100700,42375.0,42346.96898460388
20181123100800,42362.5,42355.335192382336
20181123100900,42375.0,42351.21283233166
20181123101000,42387.5,42355.335192382336
20181123101100,42362.5,42367.946161329746
20181123101200,42375.0,42355.45622333884
20181123101300,42375.0,42355.335192382336
20181123101400,42387.5,42359.57904011011
20181123101500,42400.0,42367.946161329746
20181123101600,42437.5,42380.55713027716
20181123101700,42425.0,42409.909192472696
20181123101800,42425.0,42414.26128298044
20181123101900,42412.5,42410.02108901739
20181123102000,42425.0,42401.65077075362
20181123102100,42412.5,42405.77952489257
20181123102200,42362.5,42401.65077075362
20181123102300,42387.5,42363.94117847085
20181123102400,42387.5,42363.70231360197
20181123102500,42362.5,42372.18909561634
20181123102600,42387.5,42355.45622333884
20181123102700,42387.5,42363.70231360197
20181123102800,42337.5,42372.18909561634
20181123102900,42362.5,42338.72791826725
20181123103000,42362.5,42338.47991898656
20181123103100,42375.0,42346.96898460388
20181123103200,42375.0,42355.335192382336
20181123103300,42362.5,42359.57904011011
20181123103400,42375.0,42351.21283233166
20181123103500,42375.0,42355.335192382336
20181123103600,42375.0,42359.57904011011
20181123103700,42362.5,42359.57904011011
20181123103800,42375.0,42351.21283233166
20181123103900,42375.0,42355.335192382336
20181123104000,42375.0,42359.57904011011
20181123104100,42362.5,42359.57904011011
20181123104200,42362.5,42351.21283233166
20181123104300,42362.5,42346.96898460388
20181123104400,42337.5,42346.96898460388
20181123104500,42275.0,42330.2402228117
20181123104600,42225.0,42279.94660809636
20181123104700,42200.0,42225.28674453497
20181123104800,42175.0,42191.5816783905
20181123104900,42175.0,42166.378009319305
20181123105000,42187.5,42157.87204504013
20181123105100,42137.5,42166.22181087732
20181123105200,42112.5,42137.08349391818
20181123105300,42125.0,42103.379341214895
20181123105400,42112.5,42103.21172475815
20181123105500,42112.5,42099.124075472355
20181123105600,42137.5,42094.868353009224
20181123105700,42087.5,42111.556923389435
20181123105800,42075.0,42086.69625148177
20181123105900,42075.0,42061.33227348328
20181123110000,42075.0,42057.07472413778
20181123110100,42087.5,42057.07472413778
20181123110200,42112.5,42065.41444212198
20181123110300,42125.0,42086.35553792119
20181123110400,42112.5,42103.21172475815
20181123110500,42125.0,42099.124075472355
20181123110600,42125.0,42103.21172475815
20181123110700,42100.0,42107.46744722128
20181123110800,42037.5,42090.78161716461
20181123110900,42037.5,42040.57797640562
20181123111000,42037.5,42019.28840279579
20181123111100,42087.5,42019.28840279579
20181123111200,42062.5,42052.63951048255
20181123111300,42112.5,42052.99346894026
20181123111400,42125.0,42077.8404392302
20181123111500,42087.5,42103.21172475815
20181123111600,42062.5,42082.44098573923
20181123111700,42062.5,42052.99346894026
20181123111800,42062.5,42044.47837024927
20181123111900,42062.5,42044.47837024927
20181123112000,42075.0,42044.47837024927
20181123112100,42112.5,42052.8167180717
20181123112200,42125.0,42082.0979885757
20181123112300,42112.5,42103.21172475815
20181123112400,42125.0,42099.124075472355
20181123112500,42137.5,42103.21172475815
20181123112600,42125.0,42115.812645852566
20181123112700,42112.5,42111.72316968441
20181123112800,42137.5,42099.124075472355
20181123112900,42112.5,42111.556923389435
20181123113000,42075.0,42103.379341214895
20181123113100,42087.5,42069.8455452919
20181123113200,42075.0,42065.41444212198
20181123113300,42062.5,42061.33227348328
20181123113400,42075.0,42048.736376315355
20181123113500,42075.0,42052.8167180717
20181123113600,42075.0,42057.07472413778
20181123113700,42075.0,42057.07472413778
20181123113800,42062.5,42057.07472413778
20181123113900,42062.5,42048.736376315355
20181123114000,42075.0,42044.47837024927
20181123114100,42075.0,42052.8167180717
20181123114200,42075.0,42057.07472413778
20181123114300,42075.0,42057.07472413778
20181123114400,42075.0,42057.07472413778
20181123114500,42075.0,42057.07472413778
20181123114600,42062.5,42057.07472413778
20181123114700,42062.5,42048.736376315355
20181123114800,42062.5,42044.47837024927
20181123114900,42062.5,42044.47837024927
20181123115000,42075.0,42044.47837024927
20181123115100,42087.5,42052.8167180717
20181123115200,42087.5,42065.41444212198
20181123115300,42150.0,42069.671534746885
20181123115400,42175.0,42111.39067709446
20181123115500,42187.5,42149.364710599184
20181123115600,42175.0,42166.22181087732
20181123115700,42187.5,42162.12502717972
20181123115800,42187.5,42166.22181087732
20181123115900,42175.0,42170.47479301691
20181123120000,42162.5,42162.12502717972
20181123120100,42175.0,42149.52364936471
20181123120200,42150.0,42153.61906290054
20181123120300,42112.5,42141.17616713047
20181123120400,42125.0,42107.634150236845
20181123120500,42112.5,42103.21172475815
20181123120600,42125.0,42099.124075472355
20181123120700,42112.5,42103.21172475815
20181123120800,42075.0,42099.124075472355
20181123120900,42075.0,42069.8455452919
20181123121000,42075.0,42057.07472413778
20181123121100,42062.5,42057.07472413778
20181123121200,42062.5,42048.736376315355
20181123121300,42062.5,42044.47837024927
20181123121400,42087.5,42044.47837024927
20181123121500,42062.5,42061.1564360559
20181123121600,42075.0,42052.99346894026
20181123121700,42087.5,42052.8167180717
20181123121800,42100.0,42065.41444212198
20181123121900,42075.0,42078.01307961345
20181123122000,42075.0,42065.58890938759
20181123122100,42087.5,42057.07472413778
20181123122200,42075.0,42065.41444212198
20181123122300,42075.0,42061.33227348328
20181123122400,42075.0,42057.07472413778
20181123122500,42062.5,42057.07472413778
20181123122600,42075.0,42048.736376315355
20181123122700,42062.5,42052.8167180717
20181123122800,42062.5,42048.736376315355
20181123122900,42062.5,42044.47837024927
20181123123000,42075.0,42044.47837024927
20181123123100,42062.5,42052.8167180717
20181123123200,42062.5,42048.736376315355
20181123123300,42075.0,42044.47837024927
20181123123400,42075.0,42052.8167180717
20181123123500,42075.0,42057.07472413778
20181123123600,42075.0,42057.07472413778
20181123123700,42075.0,42057.07472413778
20181123123800,42075.0,42057.07472413778
20181123123900,42062.5,42057.07472413778
20181123124000,42062.5,42048.736376315355
20181123124100,42062.5,42044.47837024927
20181123124200,42075.0,42044.47837024927
20181123124300,42112.5,42052.8167180717
20181123124400,42125.0,42082.0979885757
20181123124500,42112.5,42103.21172475815
20181123124600,42137.5,42099.124075472355
20181123124700,42137.5,42111.556923389435
20181123124800,42112.5,42120.067911595106
20181123124900,42125.0,42103.379341214895
20181123125000,42137.5,42103.21172475815
20181123125100,42125.0,42115.812645852566
20181123125200,42125.0,42111.72316968441
20181123125300,42112.5,42107.46744722128
20181123125400,42137.5,42099.124075472355
20181123125500,42137.5,42111.556923389435
20181123125600,42125.0,42120.067911595106
20181123125700,42112.5,42111.72316968441
20181123125800,42125.0,42099.124075472355
20181123125900,42112.5,42103.21172475815
20181123130000,42125.0,42099.124075472355
20181123130100,42125.0,42103.21172475815
20181123130200,42112.5,42107.46744722128
20181123130300,42125.0,42099.124075472355
20181123130400,42112.5,42103.21172475815
20181123130500,42075.0,42099.124075472355
20181123130600,42087.5,42069.8455452919
20181123130700,42075.0,42065.41444212198
20181123130800,42075.0,42061.33227348328
20181123130900,42087.5,42057.07472413778
20181123131000,42087.5,42065.41444212198
20181123131100,42075.0,42069.671534746885
20181123131200,42087.5,42061.33227348328
20181123131300,42087.5,42065.41444212198
20181123131400,42075.0,42069.671534746885
20181123131500,42062.5,42061.33227348328
20181123131600,42075.0,42048.736376315355
20181123131700,42075.0,42052.8167180717
20181123131800,42087.5,42057.07472413778
20181123131900,42125.0,42065.41444212198
20181123132000,42112.5,42094.698909670115
20181123132100,42112.5,42099.124075472355
20181123132200,42075.0,42094.868353009224
20181123132300,42062.5,42069.8455452919
20181123132400,42075.0,42048.736376315355
20181123132500,42087.5,42052.8167180717
20181123132600,42062.5,42065.41444212198
20181123132700,42075.0,42052.99346894026
20181123132800,42075.0,42052.8167180717
20181123132900,42087.5,42057.07472413778
20181123133000,42075.0,42065.41444212198
20181123133100,42062.5,42061.33227348328
20181123133200,42075.0,42048.736376315355
20181123133300,42075.0,42052.8167180717
20181123133400,42062.5,42057.07472413778
20181123133500,42062.5,42048.736376315355
20181123133600,42062.5,42044.47837024927
20181123133700,42075.0,42044.47837024927
20181123133800,42075.0,42052.8167180717
20181123133900,42075.0,42057.07472413778
20181123134000,42050.0,42057.07472413778
20181123134100,42012.5,42040.3993986547
20181123134200,42012.5,42006.8802177906
20181123134300,41975.0,41994.10208910704
20181123134400,41962.5,41969.112165272236
20181123134500,41975.0,41948.002311214805
20181123134600,41975.0,41952.067809551954
20181123134700,41987.5,41956.32946938276
20181123134800,41975.0,41964.65822607279
20181123134900,41962.5,41960.59067249298
20181123135000,41987.5,41948.002311214805
20181123135100,41962.5,41960.39656624198
20181123135200,41962.5,41952.26374268532
20181123135300,41975.0,41943.740651383996
20181123135400,41962.5,41952.067809551954
20181123135500,41962.5,41948.002311214805
20181123135600,41975.0,41943.740651383996
20181123135700,41975.0,41952.067809551954
20181123135800,41962.5,41956.32946938276
20181123135900,41975.0,41948.002311214805
20181123140000,41975.0,41952.067809551954
20181123140100,41962.5,41956.32946938276
20181123140200,41975.0,41948.002311214805
20181123140300,41975.0,41952.067809551954
20181123140400,41975.0,41956.32946938276
20181123140500,41975.0,41956.32946938276
20181123140600,41975.0,41956.32946938276
20181123140700,41987.5,41956.32946938276
20181123140800,41975.0,41964.65822607279
20181123140900,41987.5,41960.59067249298
20181123141000,41975.0,41964.65822607279
20181123141100,41962.5,41960.59067249298
20181123141200,41975.0,41948.002311214805
20181123141300,41987.5,41952.067809551954
20181123141400,42025.0,41964.65822607279
20181123141500,42012.5,41993.91392022371
20181123141600,42037.5,41998.36192205548
20181123141700,42025.0,42010.76919361949
20181123141800,42025.0,42010.95416545868
20181123141900,42012.5,42006.69478923082
20181123142000,42025.0,41998.36192205548
20181123142100,42012.5,42002.43495628238
20181123142200,42037.5,41998.36192205548
20181123142300,42037.5,42010.76919361949
20181123142400,42025.0,42019.28840279579
20181123142500,42037.5,42010.95416545868
20181123142600,42025.0,42015.029026567936
20181123142700,42000.0,42010.95416545868
20181123142800,41987.5,41990.030425041914
20181123142900,41975.0,41973.180175572634
20181123143000,41975.0,41960.59067249298
20181123143100,41975.0,41956.32946938276
20181123143200,41975.0,41956.32946938276
20181123143300,41962.5,41956.32946938276
20181123143400,42012.5,41948.002311214805
20181123143500,42037.5,41977.057733386755
20181123143600,42000.0,42010.76919361949
20181123143700,41975.0,41994.28980126977
20181123143800,41962.5,41964.85141888261
20181123143900,41950.0,41948.002311214805
20181123144000,41950.0,41935.41486337781
20181123144100,41962.5,41931.15274682641
20181123144200,41975.0,41939.4783064723
20181123144300,41962.5,41952.067809551954
20181123144400,41962.5,41948.002311214805
20181123144500,41975.0,41943.740651383996
20181123144600,41975.0,41952.067809551954
20181123144700,41987.5,41956.32946938276
20181123144800,41975.0,41964.65822607279
20181123144900,41975.0,41960.59067249298
20181123145000,41987.5,41956.32946938276
20181123145100,41987.5,41964.65822607279
20181123145200,41975.0,41968.919429183006
20181123145300,41925.0,41960.59067249298
20181123145400,41925.0,41923.02951440215
20181123145500,41925.0,41905.98013475537
20181123145600,41937.5,41905.98013475537
20181123145700,41937.5,41914.302725717425
20181123145800,41950.0,41918.56552734971
20181123145900,42000.0,41926.889945194125
20181123150000,42075.0,41964.46411982179
20181123150100,42150.0,42031.52029365301
20181123150200,42200.0,42107.133127748966
20181123150300,42200.0,42166.06606915593
20181123150400,42187.5,42183.07845443487
20181123150500,42200.0,42174.7277751565
20181123150600,42212.5,42178.825929015875
20181123150700,42187.5,42191.43096059561
20181123150800,42187.5,42178.97938713431
20181123150900,42187.5,42170.47479301691
20181123151000,42212.5,42170.47479301691
20181123151100,42212.5,42187.17843517661
20181123151200,42237.5,42195.68211585283
20181123151300,42225.0,42212.39032521844
20181123151400,42225.0,42212.5378459692
20181123151500,42262.5,42208.286690711975
20181123151600,42275.0,42233.354257047176
20181123151700,42287.5,42254.46159914136
20181123151800,42262.5,42267.069371044636
20181123151900,42275.0,42254.60135564208
20181123153000,42400.0,42254.46159914136
20181123153500,42400.0,42342.352452874184
20181126090000,42187.5,42384.79915112257
20181126090100,42150.0,42242.69830361009
20181126090200,42175.0,42145.42960599065
20181126090300,42275.0,42149.364710599184
20181126090400,42362.5,42224.70579594374
20181126090500,42450.0,42317.247892171144
20181126090600,42437.5,42405.554818362
20181126090700,42400.0,42426.87133848667
20181126090800,42350.0,42397.52293005586
20181126090900,42412.5,42351.333863288164
20181126091000,42412.5,42376.19636207819
20181126091100,42425.0,42397.41012006998
20181126091200,42512.5,42405.77952489257
20181126091300,42575.0,42468.63752305508
20181126091400,42550.0,42540.19467830658
20181126091500,42537.5,42544.60294544697
20181126091600,42512.5,42527.759090065956
20181126091700,42487.5,42506.7718654871
20181126091800,42462.5,42481.55084103346
20181126091900,42475.0,42456.330730021
20181126092000,42475.0,42456.22796788812
20181126092100,42475.0,42460.465878248215
20181126092200,42475.0,42460.465878248215
20181126092300,42400.0,42460.465878248215
20181126092400,42387.5,42410.24214178324
20181126092500,42412.5,42376.431573182344
20181126092600,42412.5,42388.926078379154
20181126092700,42412.5,42397.41012006998
20181126092800,42387.5,42397.41012006998
20181126092900,42412.5,42380.67313730717
20181126093000,42412.5,42388.926078379154
20181126093100,42425.0,42397.41012006998
20181126093200,42462.5,42405.77952489257
20181126093300,42487.5,42435.136154294014
20181126093400,42475.0,42464.60193991661
20181126093500,42475.0,42464.70333188772
20181126093600,42487.5,42460.465878248215
20181126093700,42500.0,42468.8403069973
20181126093800,42537.5,42481.45264610648
20181126093900,42537.5,42510.8202368021
20181126094000,42525.0,42523.52529019117
20181126094100,42537.5,42515.148121118546
20181126094200,42525.0,42519.29057687521
20181126094300,42512.5,42515.148121118546
20181126094400,42537.5,42502.536695450544
20181126094500,42512.5,42515.055863559246
20181126094600,42462.5,42506.7718654871
20181126094700,42462.5,42464.80426713824
20181126094800,42462.5,42447.85445258021
20181126094900,42425.0,42447.85445258021
20181126095000,42437.5,42422.74030074477
20181126095100,42475.0,42418.39140728116
20181126095200,42475.0,42447.74986356497
20181126095300,42475.0,42460.465878248215
20181126095400,42500.0,42460.465878248215
20181126095500,42512.5,42477.215649187565
20181126095600,42525.0,42494.064985215664
20181126095700,42525.0,42506.67778104544
20181126095800,42525.0,42510.91295108199
20181126095900,42500.0,42510.91295108199
20181126100000,42487.5,42494.16089653969
20181126100100,42462.5,42477.31430083513
20181126100200,42462.5,42456.330730021
20181126100300,42475.0,42447.85445258021
20181126100400,42525.0,42456.22796788812
20181126100500,42562.5,42493.96861717105
20181126100600,42587.5,42536.04856878519
20181126100700,42612.5,42565.50978720188
20181126100800,42612.5,42590.7367490232
20181126100900,42600.0,42599.197497963905
20181126101000,42550.0,42590.81576168537
20181126101100,42562.5,42553.06689143181
20181126101200,42537.5,42544.516168534756
20181126101300,42512.5,42531.99288994074
20181126101400,42550.0,42506.7718654871
20181126101500,42575.0,42523.433946073055
20181126101600,42575.0,42552.89607793093
20181126101700,42575.0,42561.36139407754
20181126101800,42575.0,42561.36139407754
20181126101900,42562.5,42561.36139407754
20181126102000,42562.5,42552.98194140196
20181126102100,42562.5,42548.74951168895
20181126102200,42575.0,42548.74951168895
20181126102300,42575.0,42557.12896436453
20181126102400,42550.0,42561.36139407754
20181126102500,42525.0,42544.60294544697
20181126102600,42512.5,42519.38192099333
20181126102700,42512.5,42502.536695450544
20181126102800,42512.5,42498.3010686934
20181126102900,42512.5,42498.3010686934
20181126103000,42525.0,42498.3010686934
20181126103100,42525.0,42506.67778104544
20181126103200,42500.0,42510.91295108199
20181126103300,42500.0,42494.16089653969
20181126103400,42512.5,42485.68918630481
20181126103500,42537.5,42494.064985215664
20181126103600,42575.0,42515.055863559246
20181126103700,42537.5,42548.663191497326
20181126103800,42550.0,42536.22577637434
20181126103900,42575.0,42531.90337270498
20181126104000,42562.5,42552.89607793093
20181126104100,42562.5,42552.98194140196
20181126104200,42600.0,42548.74951168895
20181126104300,42587.5,42573.891523480415
20181126104400,42587.5,42578.20479273796
20181126104500,42587.5,42573.97373318672
20181126104600,42600.0,42573.97373318672
20181126104700,42600.0,42582.354556024075
20181126104800,42562.5,42586.58561557531
20181126104900,42575.0,42561.44497394562
20181126105000,42587.5,42557.12896436453
20181126105100,42650.0,42569.7417601943
20181126105200,42675.0,42615.88880866766
20181126105300,42687.5,42653.80301177502
20181126105400,42662.5,42670.64184322953
20181126105500,42662.5,42658.09709876776
20181126105600,42687.5,42649.64457079768
20181126105700,42675.0,42666.41580760479
20181126105800,42675.0,42666.481575369835
20181126105900,42662.5,42662.25599646568
20181126110000,42687.5,42653.871063143015
20181126110100,42675.0,42666.41580760479
20181126110200,42675.0,42666.481575369835
20181126110300,42675.0,42662.25599646568
20181126110400,42675.0,42662.25599646568
20181126110500,42662.5,42662.25599646568
20181126110600,42675.0,42653.871063143015
20181126110700,42675.0,42658.02950412035
20181126110800,42662.5,42662.25599646568
20181126110900,42675.0,42653.871063143015
20181126111000,42675.0,42658.02950412035
20181126111100,42662.5,42662.25599646568
20181126111200,42687.5,42653.871063143015
20181126111300,42662.5,42666.41580760479
20181126111400,42700.0,42658.09709876776
20181126111500,42712.5,42674.80302453041
20181126111600,42687.5,42695.865608006716
20181126111700,42675.0,42683.316296339035
20181126111800,42662.5,42666.481575369835
20181126111900,42700.0,42653.871063143015
20181126112000,42725.0,42674.80302453041
20181126112100,42737.5,42704.25328165293
20181126112200,42750.0,42721.08800262213
20181126112300,42725.0,42733.69897156954
20181126112400,42725.0,42721.14417925477
20181126112500,42725.0,42712.699872255325
20181126112600,42700.0,42712.699872255325
20181126112700,42675.0,42695.925895124674
20181126112800,42675.0,42670.706697553396
20181126112900,42687.5,42662.25599646568
20181126113000,42687.5,42670.64184322953
20181126113100,42700.0,42674.86696541309
20181126113200,42700.0,42683.253725618124
20181126113300,42712.5,42687.478391081095
20181126113400,42700.0,42695.865608006716
20181126113500,42675.0,42691.702599823475
20181126113600,42675.0,42670.706697553396
20181126113700,42675.0,42662.25599646568
20181126113800,42675.0,42662.25599646568
20181126113900,42675.0,42662.25599646568
20181126114000,42675.0,42662.25599646568
20181126114100,42662.5,42662.25599646568
20181126114200,42675.0,42653.871063143015
20181126114300,42662.5,42658.02950412035
20181126114400,42650.0,42653.871063143015
20181126114500,42625.0,42641.260550916195
20181126114600,42612.5,42620.26647552848
20181126114700,42612.5,42603.42718735337
20181126114800,42612.5,42599.197497963905
20181126114900,42625.0,42599.197497963905
20181126115000,42612.5,42607.58014768362
20181126115100,42650.0,42603.42718735337
20181126115200,42687.5,42624.348187446594
20181126115300,42675.0,42662.18931525946
20181126115400,42625.0,42666.481575369835
20181126115500,42637.5,42628.72128710151
20181126115600,42625.0,42620.19294351339
20181126115700,42612.5,42616.03815630078
20181126115800,42637.5,42603.42718735337
20181126115900,42625.0,42615.96371084452
20181126120000,42625.0,42616.03815630078
20181126120100,42612.5,42611.8093803525
20181126120200,42625.0,42603.42718735337
20181126120300,42612.5,42607.58014768362
20181126120400,42637.5,42603.42718735337
20181126120500,42650.0,42615.96371084452
20181126120600,42675.0,42632.804825901985
20181126120700,42700.0,42653.80301177502
20181126120800,42725.0,42679.02860343456
20181126120900,42725.0,42704.25328165293
20181126121000,42725.0,42712.699872255325
20181126121100,42750.0,42712.699872255325
20181126121200,42750.0,42729.47704643011
20181126121300,42750.0,42737.920439988375
20181126121400,42725.0,42737.920439988375
20181126121500,42737.5,42721.14417925477
20181126121600,42737.5,42721.08800262213
20181126121700,42725.0,42725.310384482145
20181126121800,42737.5,42716.92225411534
20181126121900,42700.0,42721.08800262213
20181126122000,42675.0,42700.14873370528
20181126122100,42675.0,42670.706697553396
20181126122200,42662.5,42662.25599646568
20181126122300,42687.5,42653.871063143015
20181126122400,42675.0,42666.41580760479
20181126122500,42675.0,42666.481575369835
20181126122600,42687.5,42662.25599646568
20181126122700,42725.0,42670.64184322953
20181126122800,42712.5,42700.02952963114
20181126122900,42687.5,42704.312655329704
20181126123000,42687.5,42683.316296339035
20181126123100,42675.0,42674.86696541309
20181126123200,42687.5,42666.481575369835
20181126123300,42662.5,42670.64184322953
20181126123400,42675.0,42658.09709876776
20181126123500,42687.5,42658.02950412035
20181126123600,42700.0,42670.64184322953
20181126123700,42725.0,42683.253725618124
20181126123800,42725.0,42704.25328165293
20181126123900,42687.5,42712.699872255325
20181126124000,42687.5,42687.540048360825
20181126124100,42725.0,42674.86696541309
20181126124200,42725.0,42700.02952963114
20181126124300,42712.5,42712.699872255325
20181126124400,42725.0,42704.312655329704
20181126124500,42737.5,42708.47703367472
20181126124600,42725.0,42721.08800262213
20181126124700,42687.5,42716.92225411534
20181126124800,42687.5,42687.540048360825
20181126124900,42675.0,42674.86696541309
20181126125000,42687.5,42666.481575369835
20181126125100,42675.0,42670.64184322953
20181126125200,42675.0,42666.481575369835
20181126125300,42675.0,42662.25599646568
20181126125400,42687.5,42662.25599646568
20181126125500,42662.5,42670.64184322953
20181126125600,42687.5,42658.09709876776
20181126125700,42675.0,42666.41580760479
20181126125800,42675.0,42666.481575369835
20181126125900,42650.0,42662.25599646568
20181126130000,42662.5,42645.48704326153
20181126130100,42650.0,42645.41762173176
20181126130200,42625.0,42641.260550916195
20181126130300,42625.0,42620.26647552848
20181126130400,42637.5,42611.8093803525
20181126130500,42637.5,42620.19294351339
20181126130600,42637.5,42624.42126274109
20181126130700,42625.0,42624.42126274109
20181126130800,42625.0,42616.03815630078
20181126130900,42612.5,42611.8093803525
20181126131000,42625.0,42603.42718735337
20181126131100,42625.0,42607.58014768362
20181126131200,42637.5,42611.8093803525
20181126131300,42637.5,42620.19294351339
20181126131400,42625.0,42624.42126274109
20181126131500,42600.0,42616.03815630078
20181126131600,42575.0,42595.04590779543
20181126131700,42587.5,42569.8244266212
20181126131800,42600.0,42569.7417601943
20181126131900,42575.0,42582.354556024075
20181126132000,42600.0,42569.8244266212
20181126132100,42625.0,42578.123496472836
20181126132200,42637.5,42603.35045829415
20181126132300,42600.0,42620.19294351339
20181126132400,42562.5,42599.274683743715
20181126132500,42562.5,42561.44497394562
20181126132600,42587.5,42548.74951168895
20181126132700,42562.5,42565.50978720188
20181126132800,42575.0,42557.21391439438
20181126132900,42562.5,42557.12896436453
20181126133000,42575.0,42552.98194140196
20181126133100,42575.0,42557.12896436453
20181126133200,42575.0,42561.36139407754
20181126133300,42562.5,42561.36139407754
20181126133400,42575.0,42552.98194140196
20181126133500,42587.5,42557.12896436453
20181126133600,42562.5,42569.7417601943
20181126133700,42587.5,42557.21391439438
20181126133800,42575.0,42565.50978720188
20181126133900,42587.5,42565.59336706996
20181126134000,42575.0,42569.7417601943
20181126134100,42575.0,42565.59336706996
20181126134200,42562.5,42561.36139407754
20181126134300,42575.0,42552.98194140196
20181126134400,42550.0,42557.12896436453
20181126134500,42525.0,42544.60294544697
20181126134600,42525.0,42519.38192099333
20181126134700,42512.5,42510.91295108199
20181126134800,42525.0,42502.536695450544
20181126134900,42525.0,42506.67778104544
20181126135000,42550.0,42510.91295108199
20181126135100,42575.0,42527.66911610961
20181126135200,42562.5,42552.89607793093
20181126135300,42562.5,42552.98194140196
20181126135400,42575.0,42548.74951168895
20181126135500,42575.0,42557.12896436453
20181126135600,42587.5,42561.36139407754
20181126135700,42575.0,42569.7417601943
20181126135800,42575.0,42565.59336706996
20181126135900,42575.0,42561.36139407754
20181126140000,42575.0,42561.36139407754
20181126140100,42562.5,42561.36139407754
20181126140200,42587.5,42552.98194140196
20181126140300,42562.5,42565.50978720188
20181126140400,42612.5,42557.21391439438
20181126140500,42600.0,42582.27417320013
20181126140600,42625.0,42590.81576168537
20181126140700,42600.0,42603.35045829415
20181126140800,42600.0,42595.04590779543
20181126140900,42625.0,42586.58561557531
20181126141000,42625.0,42603.35045829415
20181126141100,42625.0,42611.8093803525
20181126141200,42637.5,42611.8093803525
20181126141300,42625.0,42620.19294351339
20181126141400,42612.5,42616.03815630078
20181126141500,42625.0,42603.42718735337
20181126141600,42637.5,42607.58014768362
20181126141700,42625.0,42620.19294351339
20181126141800,42637.5,42616.03815630078
20181126141900,42637.5,42620.19294351339
20181126142000,42637.5,42624.42126274109
20181126142100,42625.0,42624.42126274109
20181126142200,42625.0,42616.03815630078
20181126142300,42625.0,42611.8093803525
20181126142400,42600.0,42611.8093803525
20181126142500,42587.5,42595.04590779543
20181126142600,42587.5,42578.20479273796
20181126142700,42550.0,42573.97373318672
20181126142800,42550.0,42548.83537515998
20181126142900,42562.5,42536.137172579765
20181126143000,42575.0,42544.516168534756
20181126143100,42587.5,42557.12896436453
20181126143200,42587.5,42569.7417601943
20181126143300,42562.5,42573.97373318672
20181126143400,42587.5,42557.21391439438
20181126143500,42575.0,42565.50978720188
20181126143600,42575.0,42565.59336706996
20181126143700,42575.0,42561.36139407754
20181126143800,42562.5,42561.36139407754
20181126143900,42575.0,42552.98194140196
20181126144000,42562.5,42557.12896436453
20181126144100,42550.0,42552.98194140196
20181126144200,42575.0,42540.37097245455
20181126144300,42587.5,42552.89607793093
20181126144400,42537.5,42569.7417601943
20181126144500,42537.5,42540.45820608735
20181126144600,42550.0,42523.52529019117
20181126144700,42575.0,42531.90337270498
20181126144800,42587.5,42552.89607793093
20181126144900,42575.0,42569.7417601943
20181126145000,42587.5,42565.59336706996
20181126145100,42575.0,42569.7417601943
20181126145200,42562.5,42565.59336706996
20181126145300,42575.0,42552.98194140196
20181126145400,42562.5,42557.12896436453
20181126145500,42562.5,42552.98194140196
20181126145600,42587.5,42548.74951168895
20181126145700,42537.5,42565.50978720188
20181126145800,42525.0,42540.45820608735
20181126145900,42512.5,42515.148121118546
20181126150000,42537.5,42502.536695450544
20181126150100,42537.5,42515.055863559246
20181126150200,42500.0,42523.52529019117
20181126150300,42512.5,42498.39652329683
20181126150400,42512.5,42494.064985215664
20181126150500,42525.0,42498.3010686934
20181126150600,42525.0,42506.67778104544
20181126150700,42525.0,42510.91295108199
20181126150800,42512.5,42510.91295108199
20181126150900,42512.5,42502.536695450544
20181126151000,42525.0,42498.3010686934
20181126151100,42537.5,42506.67778104544
20181126151200,42525.0,42519.29057687521
20181126151300,42487.5,42515.148121118546
20181126151400,42475.0,42485.7864677906
20181126151500,42487.5,42464.70333188772
20181126151600,42487.5,42468.8403069973
20181126151700,42475.0,42473.07776063681
20181126151800,42487.5,42464.70333188772
20181126151900,42500.0,42468.8403069973
20181126153000,42600.0,42481.45264610648
20181126153500,42600.0,42552.723437547684
20181127090000,42762.5,42586.58561557531
20181127090100,42687.5,42695.61943560839
20181127090200,42700.0,42700.20810738206
20181127090300,42700.0,42683.253725618124
20181127090400,42662.5,42687.478391081095
20181127090500,42675.0,42662.32222095132
20181127090600,42637.5,42658.02950412035
20181127090700,42637.5,42637.10348010063
20181127090800,42625.0,42624.42126274109
20181127090900,42600.0,42616.03815630078
20181127091000,42600.0,42595.04590779543
20181127091100,42612.5,42586.58561557531
20181127091200,42625.0,42594.96735185385
20181127091300,42650.0,42607.58014768362
20181127091400,42675.0,42628.57696339488
20181127091500,42650.0,42653.80301177502
20181127091600,42662.5,42645.48704326153
20181127091700,42675.0,42645.41762173176
20181127091800,42700.0,42658.02950412035
20181127091900,42712.5,42679.02860343456
20181127092000,42675.0,42695.865608006716
20181127092100,42612.5,42674.93090629578
20181127092200,42600.0,42620.33955082297
20181127092300,42625.0,42590.81576168537
20181127092400,42637.5,42603.35045829415
20181127092500,42625.0,42620.19294351339
20181127092600,42625.0,42616.03815630078
20181127092700,42612.5,42611.8093803525
20181127092800,42625.0,42603.42718735337
20181127092900,42600.0,42607.58014768362
20181127093000,42587.5,42595.04590779543
20181127093100,42562.5,42578.20479273796
20181127093200,42587.5,42557.21391439438
20181127093300,42537.5,42565.50978720188
20181127093400,42525.0,42540.45820608735
20181127093500,42537.5,42515.148121118546
20181127093600,42575.0,42519.29057687521
20181127093700,42575.0,42548.663191497326
20181127093800,42575.0,42561.36139407754
20181127093900,42587.5,42561.36139407754
20181127094000,42562.5,42569.7417601943
20181127094100,42587.5,42557.21391439438
20181127094200,42575.0,42565.50978720188
20181127094300,42587.5,42565.59336706996
20181127094400,42562.5,42569.7417601943
20181127094500,42512.5,42557.21391439438
20181127094600,42550.0,42515.239921957254
20181127094700,42575.0,42523.433946073055
20181127094800,42562.5,42552.89607793093
20181127094900,42562.5,42552.98194140196
20181127095000,42575.0,42548.74951168895
20181127095100,42575.0,42557.12896436453
20181127095200,42587.5,42561.36139407754
20181127095300,42587.5,42569.7417601943
20181127095400,42575.0,42573.97373318672
20181127095500,42587.5,42565.59336706996
20181127095600,42575.0,42569.7417601943
20181127095700,42575.0,42565.59336706996
20181127095800,42550.0,42561.36139407754
20181127095900,42525.0,42544.60294544697
20181127100000,42525.0,42519.38192099333
20181127100100,42525.0,42510.91295108199
20181127100200,42512.5,42510.91295108199
20181127100300,42525.0,42502.536695450544
20181127100400,42525.0,42506.67778104544
20181127100500,42537.5,42510.91295108199
20181127100600,42525.0,42519.29057687521
20181127100700,42537.5,42515.148121118546
20181127100800,42537.5,42519.29057687521
20181127100900,42537.5,42523.52529019117
20181127101000,42537.5,42523.52529019117
20181127101100,42562.5,42523.52529019117
20181127101200,42587.5,42540.28236865997
20181127101300,42587.5,42565.50978720188
20181127101400,42575.0,42573.97373318672
20181127101500,42587.5,42565.59336706996
20181127101600,42562.5,42569.7417601943
20181127101700,42562.5,42557.21391439438
20181127101800,42575.0,42548.74951168895
20181127101900,42587.5,42557.12896436453
20181127102000,42575.0,42569.7417601943
20181127102100,42562.5,42565.59336706996
20181127102200,42562.5,42552.98194140196
20181127102300,42587.5,42548.74951168895
20181127102400,42575.0,42565.50978720188
20181127102500,42575.0,42565.59336706996
20181127102600,42550.0,42561.36139407754
20181127102700,42537.5,42544.60294544697
20181127102800,42562.5,42527.759090065956
20181127102900,42562.5,42540.28236865997
20181127103000,42562.5,42548.74951168895
20181127103100,42512.5,42548.74951168895
20181127103200,42550.0,42515.239921957254
20181127103300,42587.5,42523.433946073055
20181127103400,42587.5,42561.27690076828
20181127103500,42575.0,42573.97373318672
20181127103600,42562.5,42565.59336706996
20181127103700,42537.5,42552.98194140196
20181127103800,42537.5,42531.99288994074
20181127103900,42525.0,42523.52529019117
20181127104000,42525.0,42515.148121118546
20181127104100,42537.5,42510.91295108199
20181127104200,42537.5,42519.29057687521
20181127104300,42525.0,42523.52529019117
20181127104400,42537.5,42515.148121118546
20181127104500,42537.5,42519.29057687521
20181127104600,42525.0,42523.52529019117
20181127104700,42525.0,42515.148121118546
20181127104800,42575.0,42510.91295108199
20181127104900,42587.5,42544.42893490195
20181127105000,42587.5,42569.7417601943
20181127105100,42587.5,42573.97373318672
20181127105200,42550.0,42573.97373318672
20181127105300,42525.0,42548.83537515998
20181127105400,42562.5,42519.38192099333
20181127105500,42562.5,42536.04856878519
20181127105600,42575.0,42548.74951168895
20181127105700,42575.0,42557.12896436453
20181127105800,42575.0,42561.36139407754
20181127105900,42600.0,42561.36139407754
20181127110000,42575.0,42578.123496472836
20181127110100,42575.0,42569.8244266212
20181127110200,42587.5,42561.36139407754
20181127110300,42575.0,42569.7417601943
20181127110400,42575.0,42565.59336706996
20181127110500,42587.5,42561.36139407754
20181127110600,42575.0,42569.7417601943
20181127110700,42587.5,42565.59336706996
20181127110800,42587.5,42569.7417601943
20181127110900,42587.5,42573.97373318672
20181127111000,42612.5,42573.97373318672
20181127111100,42612.5,42590.7367490232
20181127111200,42625.0,42599.197497963905
20181127111300,42625.0,42607.58014768362
20181127111400,42625.0,42611.8093803525
20181127111500,42650.0,42611.8093803525
20181127111600,42675.0,42628.57696339488
20181127111700,42687.5,42653.80301177502
20181127111800,42675.0,42670.64184322953
20181127111900,42675.0,42666.481575369835
20181127112000,42687.5,42662.25599646568
20181127112100,42687.5,42670.64184322953
20181127112200,42675.0,42674.86696541309
20181127112300,42675.0,42666.481575369835
20181127112400,42675.0,42662.25599646568
20181127112500,42712.5,42662.25599646568
20181127112600,42712.5,42687.416277080774
20181127112700,42712.5,42700.089360028505
20181127112800,42725.0,42700.089360028505
20181127112900,42725.0,42708.47703367472
20181127113000,42725.0,42712.699872255325
20181127113100,42712.5,42712.699872255325
20181127113200,42725.0,42704.312655329704
20181127113300,42737.5,42708.47703367472
20181127113400,42725.0,42721.08800262213
20181127113500,42737.5,42716.92225411534
20181127113600,42762.5,42721.08800262213
20181127113700,42787.5,42742.0889288187
20181127113800,42787.5,42767.311323434114
20181127113900,42775.0,42775.75014978647
20181127114000,42775.0,42767.36019253731
20181127114100,42775.0,42763.14055100083
20181127114200,42775.0,42763.14055100083
20181127114300,42775.0,42763.14055100083
20181127114400,42787.5,42763.14055100083
20181127114500,42775.0,42771.53096497059
20181127114600,42787.5,42767.36019253731
20181127114700,42800.0,42771.53096497059
20181127114800,42812.5,42784.14102047682
20181127114900,42812.5,42796.75061926246
20181127115000,42825.0,42800.96752047539
20181127115100,42837.5,42809.359304606915
20181127115200,42825.0,42821.96844667196
20181127115300,42837.5,42817.792193591595
20181127115400,42825.0,42821.96844667196
20181127115500,42825.0,42817.792193591595
20181127115600,42837.5,42813.575749099255
20181127115700,42825.0,42821.96844667196
20181127115800,42812.5,42817.792193591595
20181127115900,42825.0,42805.18442168832
20181127120000,42825.0,42809.359304606915
20181127120100,42825.0,42813.575749099255
20181127120200,42812.5,42813.575749099255
20181127120300,42825.0,42805.18442168832
20181127120400,42875.0,42809.359304606915
20181127120500,42862.5,42847.15019315481
20181127120600,42862.5,42855.61231225729
20181127120700,42862.5,42851.399064809084
20181127120800,42875.0,42851.399064809084
20181127120900,42875.0,42859.79267582297
20181127121000,42850.0,42864.00592327118
20181127121100,42837.5,42847.21961468458
20181127121200,42862.5,42830.39950877428
20181127121300,42875.0,42842.97028630972
20181127121400,42862.5,42859.79267582297
20181127121500,42862.5,42855.61231225729
20181127121600,42862.5,42851.399064809084
20181127121700,42862.5,42851.399064809084
20181127121800,42875.0,42851.399064809084
20181127121900,42887.5,42859.79267582297
20181127122000,42875.0,42872.39999100566
20181127122100,42875.0,42868.218257278204
20181127122200,42875.0,42864.00592327118
20181127122300,42875.0,42864.00592327118
20181127122400,42887.5,42864.00592327118
20181127122500,42950.0,42872.39999100566
20181127122600,43012.5,42918.591798096895
20181127122700,43037.5,42981.62563368678
20181127122800,43037.5,43019.445295631886
20181127122900,43012.5,43027.84986793995
20181127123000,43012.5,43011.05442494154
20181127123100,43012.5,43002.648939192295
20181127123200,42975.0,43002.648939192295
20181127123300,42962.5,42977.458971738815
20181127123400,42962.5,42956.447084248066
20181127123500,42962.5,42952.24068760872
20181127123600,42962.5,42952.24068760872
20181127123700,42937.5,42952.24068760872
20181127123800,42937.5,42935.448898375034
20181127123900,42962.5,42927.0333647728
20181127124000,42975.0,42943.82606744766
20181127124100,42962.5,42960.63749566674
20181127124200,42962.5,42956.447084248066
20181127124300,42962.5,42952.24068760872
20181127124400,42962.5,42952.24068760872
20181127124500,42950.0,42952.24068760872
20181127124600,42912.5,42943.844336271286
20181127124700,42912.5,42914.451625943184
20181127124800,42912.5,42901.82375833392
20181127124900,42912.5,42901.82375833392
20181127125000,42925.0,42901.82375833392
20181127125100,42925.0,42910.21873950958
20181127125200,42950.0,42914.428789913654
20181127125300,42962.5,42931.22057914734
20181127125400,42950.0,42948.03337752819
20181127125500,42912.5,42943.844336271286
20181127125600,42925.0,42914.451625943184
20181127125700,42925.0,42910.21873950958
20181127125800,42925.0,42914.428789913654
20181127125900,42925.0,42914.428789913654
20181127130000,42937.5,42914.428789913654
20181127130100,42912.5,42922.824227809906
20181127130200,42912.5,42910.243402421474
20181127130300,42925.0,42901.82375833392
20181127130400,42950.0,42910.21873950958
20181127130500,42937.5,42931.22057914734
20181127130600,42962.5,42931.241588294506
20181127130700,42950.0,42943.82606744766
20181127130800,42925.0,42943.844336271286
20181127130900,42925.0,42922.846150398254
20181127131000,42925.0,42914.428789913654
20181127131100,42962.5,42914.428789913654
20181127131200,42962.5,42939.61738720536
20181127131300,42962.5,42952.24068760872
20181127131400,42962.5,42952.24068760872
20181127131500,42987.5,42952.24068760872
20181127131600,42975.0,42969.034303724766
20181127131700,42962.5,42969.049375504255
20181127131800,42962.5,42956.447084248066
20181127131900,42975.0,42952.24068760872
20181127132000,42987.5,42960.63749566674
20181127132100,42962.5,42973.24070036411
20181127132200,42975.0,42960.65302416682
20181127132300,42987.5,42960.63749566674
20181127132400,42975.0,42973.24070036411
20181127132500,42987.5,42969.049375504255
20181127132600,42975.0,42973.24070036411
20181127132700,42975.0,42969.049375504255
20181127132800,42975.0,42964.8434355855
20181127132900,42975.0,42964.8434355855
20181127133000,42987.5,42964.8434355855
20181127133100,42987.5,42973.24070036411
20181127133200,42975.0,42977.44572684169
20181127133300,42975.0,42969.049375504255
20181127133400,42962.5,42964.8434355855
20181127133500,42975.0,42956.447084248066
20181127133600,42987.5,42960.63749566674
20181127133700,42975.0,42973.24070036411
20181127133800,42962.5,42969.049375504255
20181127133900,42987.5,42956.447084248066
20181127134000,42987.5,42969.034303724766
20181127134100,43012.5,42977.44572684169
20181127134200,43062.5,42994.24162656069
20181127134300,43075.0,43036.24439239502
20181127134400,43075.0,43061.447148025036
20181127134500,43062.5,43065.64623713493
20181127134600,43087.5,43057.24760219455
20181127134700,43062.5,43069.84623968601
20181127134800,43025.0,43061.446234583855
20181127134900,43037.5,43027.854435145855
20181127135000,43012.5,43023.64803850651
20181127135100,43012.5,43011.05442494154
20181127135200,43012.5,43002.648939192295
20181127135300,42987.5,43002.648939192295
20181127135400,42962.5,42985.85486635566
20181127135500,42975.0,42960.65302416682
20181127135600,42962.5,42960.63749566674
20181127135700,42962.5,42956.447084248066
20181127135800,42975.0,42952.24068760872
20181127135900,42962.5,42960.63749566674
20181127140000,42975.0,42956.447084248066
20181127140100,42962.5,42960.63749566674
20181127140200,42962.5,42956.447084248066
20181127140300,42975.0,42952.24068760872
20181127140400,42987.5,42960.63749566674
20181127140500,42962.5,42973.24070036411
20181127140600,42987.5,42960.65302416682
20181127140700,42987.5,42969.034303724766
20181127140800,43000.0,42977.44572684169
20181127140900,42975.0,42985.84344834089
20181127141000,42962.5,42973.25440198183
20181127141100,42975.0,42956.447084248066
20181127141200,42975.0,42960.63749566674
20181127141300,42975.0,42964.8434355855
20181127141400,42975.0,42964.8434355855
20181127141500,42987.5,42964.8434355855
20181127141600,42987.5,42973.24070036411
20181127141700,42975.0,42977.44572684169
20181127141800,42975.0,42969.049375504255
20181127141900,42975.0,42964.8434355855
20181127142000,42987.5,42964.8434355855
20181127142100,42962.5,42973.24070036411
20181127142200,42925.0,42960.65302416682
20181127142300,42925.0,42927.054373919964
20181127142400,42912.5,42914.428789913654
20181127142500,42950.0,42906.03380873799
20181127142600,42962.5,42927.01144218445
20181127142700,42975.0,42948.03337752819
20181127142800,42975.0,42960.63749566674
20181127142900,42975.0,42964.8434355855
20181127143000,42950.0,42964.8434355855
20181127143100,42912.5,42948.051189631224
20181127143200,42912.5,42914.451625943184
20181127143300,42925.0,42901.82375833392
20181127143400,42925.0,42910.21873950958
20181127143500,42937.5,42914.428789913654
20181127143600,42925.0,42922.824227809906
20181127143700,42925.0,42918.637470155954
20181127143800,42925.0,42914.428789913654
20181127143900,42925.0,42914.428789913654
20181127144000,42925.0,42914.428789913654
20181127144100,42925.0,42914.428789913654
20181127144200,42925.0,42914.428789913654
20181127144300,42925.0,42914.428789913654
20181127144400,42925.0,42914.428789913654
20181127144500,42925.0,42914.428789913654
20181127144600,42937.5,42914.428789913654
20181127144700,42925.0,42922.824227809906
20181127144800,42925.0,42918.637470155954
20181127144900,42962.5,42914.428789913654
20181127145000,42975.0,42939.61738720536
20181127145100,42975.0,42960.63749566674
20181127145200,42950.0,42964.8434355855
20181127145300,42925.0,42948.051189631224
20181127145400,42937.5,42922.846150398254
20181127145500,42925.0,42922.824227809906
20181127145600,42900.0,42918.637470155954
20181127145700,42862.5,42897.63928428292
20181127145800,42887.5,42864.03743699193
20181127145900,42912.5,42868.187200278044
20181127150000,42925.0,42893.401830643415
20181127150100,42900.0,42910.21873950958
20181127150200,42875.0,42897.63928428292
20181127150300,42900.0,42872.43059128523
20181127150400,42887.5,42880.79497218132
20181127150500,42862.5,42880.82420229912
20181127150600,42875.0,42859.825102984905
20181127150700,42875.0,42859.79267582297
20181127150800,42862.5,42864.00592327118
20181127150900,42875.0,42855.61231225729
20181127151000,42887.5,42859.79267582297
20181127151100,42900.0,42872.39999100566
20181127151200,42925.0,42885.006849467754
20181127151300,42937.5,42906.00868910551
20181127151400,42937.5,42922.824227809906
20181127151500,42925.0,42927.0333647728
20181127151600,42925.0,42918.637470155954
20181127151700,42925.0,42914.428789913654
20181127151800,42925.0,42914.428789913654
20181127151900,42937.5,42914.428789913654
20181127153000,43050.0,42922.824227809906
20181127153500,43050.0,43002.62062251568
20181128090000,42912.5,43040.448962152004
20181128090100,42975.0,42948.10188561678
20181128090200,42900.0,42943.80688518286
20181128090300,42875.0,42914.47446197271
20181128090400,42837.5,42872.43059128523
20181128090500,42825.0,42838.827830553055
20181128090600,42812.5,42817.792193591595
20181128090700,42812.5,42805.18442168832
20181128090800,42787.5,42800.96752047539
20181128090900,42800.0,42784.18623581529
20181128091000,42812.5,42784.14102047682
20181128091100,42825.0,42796.75061926246
20181128091200,42837.5,42809.359304606915
20181128091300,42837.5,42821.96844667196
20181128091400,42837.5,42826.18397772312
20181128091500,42825.0,42826.18397772312
20181128091600,42825.0,42817.792193591595
20181128091700,42837.5,42813.575749099255
20181128091800,42825.0,42821.96844667196
20181128091900,42825.0,42817.792193591595
20181128092000,42825.0,42813.575749099255
20181128092100,42825.0,42813.575749099255
20181128092200,42787.5,42813.575749099255
20181128092300,42775.0,42788.40359374881
20181128092400,42775.0,42767.36019253731
20181128092500,42787.5,42763.14055100083
20181128092600,42800.0,42771.53096497059
20181128092700,42812.5,42784.14102047682
20181128092800,42812.5,42796.75061926246
20181128092900,42825.0,42800.96752047539
20181128093000,42812.5,42809.359304606915
20181128093100,42825.0,42805.18442168832
20181128093200,42837.5,42809.359304606915
20181128093300,42825.0,42821.96844667196
20181128093400,42825.0,42817.792193591595
20181128093500,42837.5,42813.575749099255
20181128093600,42825.0,42821.96844667196
20181128093700,42825.0,42817.792193591595
20181128093800,42825.0,42813.575749099255
20181128093900,42825.0,42813.575749099255
20181128094000,42837.5,42813.575749099255
20181128094100,42837.5,42821.96844667196
20181128094200,42825.0,42826.18397772312
20181128094300,42825.0,42817.792193591595
20181128094400,42862.5,42813.575749099255
20181128094500,42862.5,42838.75521197915
20181128094600,42825.0,42851.399064809084
20181128094700,42875.0,42826.22234225273
20181128094800,42887.5,42847.15019315481
20181128094900,42912.5,42872.39999100566
20181128095000,42937.5,42893.401830643415
20181128095100,42962.5,42918.615090847015
20181128095200,42950.0,42943.82606744766
20181128095300,42887.5,42943.844336271286
20181128095400,42900.0,42897.664860635996
20181128095500,42887.5,42885.006849467754
20181128095600,42875.0,42880.82420229912
20181128095700,42875.0,42868.218257278204
20181128095800,42912.5,42864.00592327118
20181128095900,42925.0,42889.19041007757
20181128100000,42925.0,42910.21873950958
20181128100100,42925.0,42914.428789913654
20181128100200,42925.0,42914.428789913654
20181128100300,42937.5,42914.428789913654
20181128100400,42925.0,42922.824227809906
20181128100500,42925.0,42918.637470155954
20181128100600,42925.0,42914.428789913654
20181128100700,42937.5,42914.428789913654
20181128100800,42925.0,42922.824227809906
20181128100900,42937.5,42918.637470155954
20181128101000,42925.0,42922.824227809906
20181128101100,42962.5,42918.637470155954
20181128101200,42962.5,42939.61738720536
20181128101300,42937.5,42952.24068760872
20181128101400,42925.0,42935.448898375034
20181128101500,42925.0,42918.637470155954
20181128101600,42937.5,42914.428789913654
20181128101700,42962.5,42922.824227809906
20181128101800,42987.5,42943.82606744766
20181128101900,42975.0,42969.034303724766
20181128102000,42975.0,42969.049375504255
20181128102100,42962.5,42964.8434355855
20181128102200,42925.0,42956.447084248066
20181128102300,42937.5,42927.054373919964
20181128102400,42912.5,42922.824227809906
20181128102500,42925.0,42910.243402421474
20181128102600,42925.0,42910.21873950958
20181128102700,42937.5,42914.428789913654
20181128102800,42937.5,42922.824227809906
20181128102900,42937.5,42927.0333647728
20181128103000,42937.5,42927.0333647728
20181128103100,42937.5,42927.0333647728
20181128103200,42962.5,42927.0333647728
20181128103300,42987.5,42943.82606744766
20181128103400,43012.5,42969.034303724766
20181128103500,42962.5,42994.24162656069
20181128103600,42975.0,42969.06353384256
20181128103700,42975.0,42960.63749566674
20181128103800,42987.5,42964.8434355855
20181128103900,43012.5,42973.24070036411
20181128104000,43012.5,42994.24162656069
20181128104100,42975.0,43002.648939192295
20181128104200,42975.0,42977.458971738815
20181128104300,42987.5,42964.8434355855
20181128104400,42975.0,42973.24070036411
20181128104500,42975.0,42969.049375504255
20181128104600,42950.0,42964.8434355855
20181128104700,42912.5,42948.051189631224
20181128104800,42925.0,42914.451625943184
20181128104900,42912.5,42910.21873950958
20181128105000,42912.5,42906.03380873799
20181128105100,42900.0,42901.82375833392
20181128105200,42887.5,42893.42877715826
20181128105300,42875.0,42880.82420229912
20181128105400,42887.5,42868.218257278204
20181128105500,42862.5,42872.39999100566
20181128105600,42862.5,42859.825102984905
20181128105700,42825.0,42851.399064809084
20181128105800,42825.0,42826.22234225273
20181128105900,42812.5,42813.575749099255
20181128110000,42812.5,42805.18442168832
20181128110100,42812.5,42800.96752047539
20181128110200,42850.0,42800.96752047539
20181128110300,42875.0,42826.14561319351
20181128110400,42875.0,42855.57897165418
20181128110500,42875.0,42864.00592327118
20181128110600,42862.5,42864.00592327118
20181128110700,42875.0,42855.61231225729
20181128110800,42887.5,42859.79267582297
20181128110900,42875.0,42872.39999100566
20181128111000,42887.5,42868.218257278204
20181128111100,42925.0,42872.39999100566
20181128111200,42912.5,42901.79772526026
20181128111300,42937.5,42906.03380873799
20181128111400,42925.0,42918.615090847015
20181128111500,42912.5,42918.637470155954
20181128111600,42937.5,42906.03380873799
20181128111700,42937.5,42918.615090847015
20181128111800,42937.5,42927.0333647728
20181128111900,42912.5,42927.0333647728
20181128112000,42912.5,42910.243402421474
20181128112100,42925.0,42901.82375833392
20181128112200,42925.0,42910.21873950958
20181128112300,42937.5,42914.428789913654
20181128112400,42925.0,42922.824227809906
20181128112500,42925.0,42918.637470155954
20181128112600,42925.0,42914.428789913654
20181128112700,42925.0,42914.428789913654
20181128112800,42925.0,42914.428789913654
20181128112900,42925.0,42914.428789913654
20181128113000,42950.0,42914.428789913654
20181128113100,42987.5,42931.22057914734
20181128113200,42975.0,42964.82790708542
20181128113300,42975.0,42969.049375504255
20181128113400,42962.5,42964.8434355855
20181128113500,42962.5,42956.447084248066
20181128113600,42987.5,42952.24068760872
20181128113700,42975.0,42969.034303724766
20181128113800,42975.0,42969.049375504255
20181128113900,42975.0,42964.8434355855
20181128114000,42975.0,42964.8434355855
20181128114100,42962.5,42964.8434355855
20181128114200,42950.0,42956.447084248066
20181128114300,42925.0,42943.844336271286
20181128114400,42950.0,42922.846150398254
20181128114500,42987.5,42931.22057914734
20181128114600,42987.5,42964.82790708542
20181128114700,42975.0,42977.44572684169
20181128114800,42987.5,42969.049375504255
20181128114900,42975.0,42973.24070036411
20181128115000,42987.5,42969.049375504255
20181128115100,43000.0,42973.24070036411
20181128115200,43037.5,42985.84344834089
20181128115300,43037.5,43015.24255275726
20181128115400,43037.5,43027.84986793995
20181128115500,43037.5,43027.84986793995
20181128115600,43062.5,43027.84986793995
20181128115700,43075.0,43044.64713782072
20181128115800,43050.0,43061.447148025036
20181128115900,43012.5,43048.84942397475
20181128120000,43050.0,43015.25625437498
20181128120100,43025.0,43027.84484401345
20181128120200,43025.0,43023.653519153595
20181128120300,43037.5,43015.24986028671
20181128120400,42987.5,43023.64803850651
20181128120500,43000.0,42994.261722266674
20181128120600,43037.5,42985.84344834089
20181128120700,43037.5,43015.24255275726
20181128120800,43037.5,43027.84986793995
20181128120900,43012.5,43027.84986793995
20181128121000,43037.5,43011.05442494154
20181128121100,43012.5,43019.445295631886
20181128121200,43025.0,43011.05442494154
20181128121300,43037.5,43011.04711741209
20181128121400,43037.5,43023.64803850651
20181128121500,43025.0,43027.84986793995
20181128121600,43025.0,43019.451689720154
20181128121700,43037.5,43015.24986028671
20181128121800,43012.5,43023.64803850651
20181128121900,43025.0,43011.05442494154
20181128122000,43025.0,43011.04711741209
20181128122100,42987.5,43015.24986028671
20181128122200,42937.5,42990.05852267146
20181128122300,42925.0,42943.86260509491
20181128122400,42950.0,42918.637470155954
20181128122500,42975.0,42931.22057914734
20181128122600,42962.5,42956.430642306805
20181128122700,42962.5,42956.447084248066
20181128122800,42975.0,42952.24068760872
20181128122900,42975.0,42960.63749566674
20181128123000,42987.5,42964.8434355855
20181128123100,42975.0,42973.24070036411
20181128123200,42987.5,42969.049375504255
20181128123300,42975.0,42973.24070036411
20181128123400,42975.0,42969.049375504255
20181128123500,42975.0,42964.8434355855
20181128123600,42975.0,42964.8434355855
20181128123700,42962.5,42964.8434355855
20181128123800,42962.5,42956.447084248066
20181128123900,42975.0,42952.24068760872
20181128124000,42987.5,42960.63749566674
20181128124100,42975.0,42973.24070036411
20181128124200,42987.5,42969.049375504255
20181128124300,42975.0,42973.24070036411
20181128124400,42975.0,42969.049375504255
20181128124500,42950.0,42964.8434355855
20181128124600,42937.5,42948.051189631224
20181128124700,42912.5,42931.241588294506
20181128124800,42925.0,42910.243402421474
20181128124900,42900.0,42910.21873950958
20181128125000,42900.0,42897.63928428292
20181128125100,42887.5,42889.21781331301
20181128125200,42875.0,42880.82420229912
20181128125300,42862.5,42868.218257278204
20181128125400,42887.5,42855.61231225729
20181128125500,42875.0,42868.187200278044
20181128125600,42875.0,42868.218257278204
20181128125700,42887.5,42864.00592327118
20181128125800,42887.5,42872.39999100566
20181128125900,42875.0,42876.612325012684
20181128130000,42875.0,42868.218257278204
20181128130100,42887.5,42864.00592327118
20181128130200,42875.0,42872.39999100566
20181128130300,42887.5,42868.218257278204
20181128130400,42912.5,42872.39999100566
20181128130500,42925.0,42893.401830643415
20181128130600,42937.5,42910.21873950958
20181128130700,42937.5,42922.824227809906
20181128130800,42937.5,42927.0333647728
20181128130900,42937.5,42927.0333647728
20181128131000,42937.5,42927.0333647728
20181128131100,42912.5,42927.0333647728
20181128131200,42925.0,42910.243402421474
20181128131300,42937.5,42910.21873950958
20181128131400,42925.0,42922.824227809906
20181128131500,42912.5,42918.637470155954
20181128131600,42925.0,42906.03380873799
20181128131700,42937.5,42910.21873950958
20181128131800,42937.5,42922.824227809906
20181128131900,42925.0,42927.0333647728
20181128132000,42925.0,42918.637470155954
20181128132100,42925.0,42914.428789913654
20181128132200,42962.5,42914.428789913654
20181128132300,42975.0,42939.61738720536
20181128132400,42987.5,42960.63749566674
20181128132500,42987.5,42973.24070036411
20181128132600,42975.0,42977.44572684169
20181128132700,42962.5,42969.049375504255
20181128132800,42975.0,42956.447084248066
20181128132900,42975.0,42960.63749566674
20181128133000,42962.5,42964.8434355855
20181128133100,42975.0,42956.447084248066
20181128133200,42975.0,42960.63749566674
20181128133300,42962.5,42964.8434355855
20181128133400,42987.5,42956.447084248066
20181128133500,42975.0,42969.034303724766
20181128133600,42975.0,42969.049375504255
20181128133700,42987.5,42964.8434355855
20181128133800,42975.0,42973.24070036411
20181128133900,42962.5,42969.049375504255
20181128134000,42987.5,42956.447084248066
20181128134100,42987.5,42969.034303724766
20181128134200,42987.5,42977.44572684169
20181128134300,42975.0,42977.44572684169
20181128134400,42975.0,42969.049375504255
20181128134500,43025.0,42964.8434355855
20181128134600,43037.5,42998.4352350235
20181128134700,43037.5,43023.64803850651
20181128134800,43025.0,43027.84986793995
20181128134900,43000.0,43019.451689720154
20181128135000,43025.0,42998.454874008894
20181128135100,43012.5,43006.84391781688
20181128135200,43012.5,43006.85213878751
20181128135300,43025.0,43002.648939192295
20181128135400,43025.0,43011.04711741209
20181128135500,43025.0,43015.24986028671
20181128135600,43037.5,43015.24986028671
20181128135700,43025.0,43023.64803850651
20181128135800,43012.5,43019.451689720154
20181128135900,42975.0,43006.85213878751
20181128140000,43000.0,42977.458971738815
20181128140100,43012.5,42981.63796514273
20181128140200,43012.5,42998.44528287649
20181128140300,43025.0,43002.648939192295
20181128140400,43037.5,43011.04711741209
20181128140500,43037.5,43023.64803850651
20181128140600,43025.0,43027.84986793995
20181128140700,43025.0,43019.451689720154
20181128140800,43012.5,43015.24986028671
20181128140900,43037.5,43006.85213878751
20181128141000,43025.0,43019.445295631886
20181128141100,43037.5,43019.451689720154
20181128141200,43037.5,43023.64803850651
20181128141300,43012.5,43027.84986793995
20181128141400,43012.5,43011.05442494154
20181128141500,43025.0,43002.648939192295
20181128141600,43025.0,43011.04711741209
20181128141700,43012.5,43015.24986028671
20181128141800,43025.0,43006.85213878751
20181128141900,43025.0,43011.04711741209
20181128142000,43025.0,43015.24986028671
20181128142100,43012.5,43015.24986028671
20181128142200,43025.0,43006.85213878751
20181128142300,43025.0,43011.04711741209
20181128142400,43037.5,43015.24986028671
20181128142500,43025.0,43023.64803850651
20181128142600,43037.5,43019.451689720154
20181128142700,43037.5,43023.64803850651
20181128142800,43025.0,43027.84986793995
20181128142900,43012.5,43019.451689720154
20181128143000,43025.0,43006.85213878751
20181128143100,43037.5,43011.04711741209
20181128143200,43037.5,43023.64803850651
20181128143300,43062.5,43027.84986793995
20181128143400,43075.0,43044.64713782072
20181128143500,43087.5,43061.447148025036
20181128143600,43087.5,43074.04532879591
20181128143700,43087.5,43078.243504464626
20181128143800,43087.5,43078.243504464626
20181128143900,43075.0,43078.243504464626
20181128144000,43075.0,43069.84486952424
20181128144100,43075.0,43065.64623713493
20181128144200,43087.5,43065.64623713493
20181128144300,43062.5,43074.04532879591
20181128144400,43087.5,43061.446234583855
20181128144500,43087.5,43069.84623968601
20181128144600,43087.5,43078.243504464626
20181128144700,43112.5,43078.243504464626
20181128144800,43112.5,43095.04305794835
20181128144900,43100.0,43103.43621224165
20181128145000,43075.0,43095.037577301264
20181128145100,43075.0,43074.042588472366
20181128145200,43075.0,43065.64623713493
20181128145300,43037.5,43065.64623713493
20181128145400,43000.0,43040.45170247555
20181128145500,42975.0,43002.657616883516
20181128145600,42975.0,42973.25440198183
20181128145700,43012.5,42964.8434355855
20181128145800,43025.0,42990.03660008311
20181128145900,43037.5,43011.04711741209
20181128150000,43037.5,43023.64803850651
20181128150100,43050.0,43027.84986793995
20181128150200,43075.0,43036.248046159744
20181128150300,43087.5,43057.24714547396
20181128150400,43087.5,43074.04532879591
20181128150500,43112.5,43078.243504464626
20181128150600,43125.0,43095.04305794835
20181128150700,43125.0,43111.8366740644
20181128150800,43112.5,43116.03165268898
20181128150900,43125.0,43107.632561028004
20181128151000,43125.0,43111.8366740644
20181128151100,43100.0,43116.03165268898
20181128151200,43062.5,43099.23346936703
20181128151300,43087.5,43065.64441025257
20181128151400,43087.5,43069.84623968601
20181128151500,43087.5,43078.243504464626
20181128151600,43112.5,43078.243504464626
20181128151700,43137.5,43095.04305794835
20181128151800,43150.0,43120.236679166555
20181128151900,43137.5,43137.02709823847
20181128153000,43150.0,43132.82070159912
20181128153500,43150.0,43137.02709823847
20181129090000,43775.0,43141.22070670128
20181129090100,43712.5,43561.743906885386
20181129090200,43675.0,43727.7604714036
20181129090300,43650.0,43681.818033754826
20181129090400,43675.0,43652.5623396039
20181129090500,43737.5,43661.051405221224
20181129090600,43712.5,43711.35826483369
20181129090700,43712.5,43715.3139218688
20181129090800,43737.5,43707.01348185539
20181129090900,43750.0,43723.810751736164
20181129091000,43750.0,43740.507543087006
20181129091100,43725.0,43744.65639293194
20181129091200,43725.0,43727.86094993353
20181129091300,43725.0,43719.56233680248
20181129091400,43675.0,43719.56233680248
20181129091500,43675.0,43685.97008064389
20181129091600,43687.5,43669.35960948467
20181129091700,43687.5,43677.75915786624
20181129091800,43712.5,43681.91211819649
20181129091900,43725.0,43698.71030151844
20181129092000,43725.0,43715.41211679578
20181129092100,43712.5,43719.56233680248
20181129092200,43675.0,43711.16415858269
20181129092300,43625.0,43681.818033754826
20181129092400,43625.0,43635.76506972313
20181129092500,43612.5,43619.13907006383
20181129092600,43612.5,43610.73952168226
20181129092700,43612.5,43606.58108070493
20181129092800,43625.0,43606.58108070493
20181129092900,43637.5,43614.981542527676
20181129093000,43625.0,43627.53953188658
20181129093100,43625.0,43623.29659759998
20181129093200,43587.5,43619.13907006383
20181129093300,43575.0,43593.94042491913
20181129093400,43587.5,43573.06189984083
20181129093500,43587.5,43577.3011803627
20181129093600,43575.0,43581.46190494299
20181129093700,43600.0,43573.06189984083
20181129093800,43600.0,43585.70209890604
20181129093900,43550.0,43594.022177904844
20181129094000,43550.0,43560.422614216805
20181129094100,43612.5,43543.773778527975
20181129094200,43637.5,43585.7815682888
20181129094300,43625.0,43623.38154762983
20181129094400,43625.0,43623.29659759998
20181129094500,43625.0,43619.13907006383
20181129094600,43625.0,43619.13907006383
20181129094700,43625.0,43619.13907006383
20181129094800,43612.5,43619.13907006383
20181129094900,43587.5,43610.73952168226
20181129095000,43537.5,43589.7815272212
20181129095100,43525.0,43547.86188453436
20181129095200,43525.0,43522.808476537466
20181129095300,43512.5,43518.64318475127
20181129095400,43487.5,43510.242722928524
20181129095500,43475.0,43489.27468061447
20181129095600,43475.0,43472.53861129284
20181129095700,43462.5,43468.37012246251
20181129095800,43512.5,43459.96874719858
20181129095900,43525.0,43489.40712958574
20181129100000,43512.5,43514.47789296508
20181129100100,43550.0,43510.242722928524
20181129100200,43562.5,43531.28155693412
20181129100300,43575.0,43552.174697071314
20181129100400,43537.5,43564.73862379789
20181129100500,43487.5,43543.6997897923
20181129100600,43512.5,43497.60754778981
20181129100700,43512.5,43497.74319380522
20181129100800,43500.0,43506.07651770115
20181129100900,43500.0,43497.67559915781
20181129101000,43525.0,43493.508937209845
20181129101100,43537.5,43510.312144458294
20181129101200,43525.0,43527.0445600152
20181129101300,43525.0,43522.808476537466
20181129101400,43500.0,43518.64318475127
20181129101500,43412.5,43501.841804385185
20181129101600,43412.5,43434.70753133297
20181129101700,43437.5,43405.505273491144
20181129101800,43487.5,43422.309394180775
20181129101900,43462.5,43464.26329091191
20181129102000,43487.5,43464.1376927495
20181129102100,43462.5,43472.60255217552
20181129102200,43475.0,43464.1376927495
20181129102300,43525.0,43464.200720191
20181129102400,43575.0,43501.97836384177
20181129102500,43562.5,43552.25005596876
20181129102600,43512.5,43560.499799996614
20181129102700,43487.5,43522.73677140474
20181129102800,43462.5,43489.27468061447
20181129102900,43475.0,43464.1376927495
20181129103000,43475.0,43464.200720191
20181129103100,43475.0,43468.37012246251
20181129103200,43437.5,43468.37012246251
20181129103300,43412.5,43443.166910111904
20181129103400,43387.5,43413.8518422842
20181129103500,43375.0,43388.702979683876
20181129103600,43375.0,43371.95092514157
20181129103700,43362.5,43367.774672061205
20181129103800,43375.0,43359.372840076685
20181129103900,43387.5,43363.597505539656
20181129104000,43375.0,43376.176504045725
20181129104100,43337.5,43371.95092514157
20181129104200,43325.0,43342.57100299001
20181129104300,43312.5,43321.633560955524
20181129104400,43312.5,43309.0522788465
20181129104500,43312.5,43304.87100183964
20181129104600,43325.0,43304.87100183964
20181129104700,43337.5,43313.27283382416
20181129104800,43325.0,43325.85548609495
20181129104900,43337.5,43321.633560955524
20181129105000,43287.5,43325.85548609495
20181129105100,43262.5,43296.43171876669
20181129105200,43275.0,43262.90111988783
20181129105300,43287.5,43262.93400377035
20181129105400,43250.0,43275.51985308528
20181129105500,43237.5,43254.50111478567
20181129105600,43212.5,43233.54403376579
20181129105700,43237.5,43212.555895745754
20181129105800,43225.0,43220.982390642166
20181129105900,43225.0,43220.95681428909
20181129110000,43212.5,43216.76914319396
20181129110100,43250.0,43208.36822465062
20181129110200,43275.0,43229.38467934728
20181129110300,43275.0,43258.74861627817
20181129110400,43300.0,43267.11847782135
20181129110500,43337.5,43283.92214179039
20181129110600,43325.0,43317.494302242994
20181129110700,43312.5,43321.633560955524
20181129110800,43312.5,43309.0522788465
20181129110900,43337.5,43304.87100183964
20181129111000,43312.5,43321.67512252927
20181129111100,43300.0,43313.232642412186
20181129111200,43287.5,43296.46962657571
20181129111300,43337.5,43283.886517584324
20181129111400,43337.5,43313.31302523613
20181129111500,43325.0,43330.035392940044
20181129111600,43325.0,43321.633560955524
20181129111700,43325.0,43317.45365411043
20181129111800,43325.0,43317.45365411043
20181129111900,43325.0,43317.45365411043
20181129112000,43312.5,43317.45365411043
20181129112100,43337.5,43309.0522788465
20181129112200,43325.0,43321.67512252927
20181129112300,43312.5,43321.633560955524
20181129112400,43312.5,43309.0522788465
20181129112500,43325.0,43304.87100183964
20181129112600,43325.0,43313.27283382416
20181129112700,43325.0,43317.45365411043
20181129112800,43325.0,43317.45365411043
20181129112900,43287.5,43317.45365411043
20181129113000,43225.0,43292.250441759825
20181129113100,43225.0,43237.701104581356
20181129113200,43212.5,43216.76914319396
20181129113300,43212.5,43208.36822465062
20181129113400,43175.0,43204.17964011431
20181129113500,43187.5,43178.97871136665
20181129113600,43225.0,43174.80793893337
20181129113700,43287.5,43204.20293286443
20181129113800,43250.0,43258.78012999892
20181129113900,43200.0,43254.50111478567
20181129114000,43175.0,43208.34401845932
20181129114100,43175.0,43174.78875666857
20181129114200,43187.5,43166.407020390034
20181129114300,43225.0,43174.80793893337
20181129114400,43212.5,43204.20293286443
20181129114500,43225.0,43208.36822465062
20181129114600,43212.5,43212.580558657646
20181129114700,43212.5,43208.36822465062
20181129114800,43237.5,43204.17964011431
20181129114900,43237.5,43220.982390642166
20181129115000,43225.0,43229.35773283243
20181129115100,43225.0,43220.95681428909
20181129115200,43225.0,43216.76914319396
20181129115300,43225.0,43216.76914319396
20181129115400,43237.5,43216.76914319396
20181129115500,43225.0,43225.17051845789
20181129115600,43212.5,43220.95681428909
20181129115700,43237.5,43208.36822465062
20181129115800,43225.0,43220.982390642166
20181129115900,43225.0,43220.95681428909
20181129120000,43250.0,43216.76914319396
20181129120100,43275.0,43233.57235044241
20181129120200,43262.5,43258.74861627817
20181129120300,43287.5,43258.71664583683
20181129120400,43262.5,43271.33583575487
20181129120500,43275.0,43262.90111988783
20181129120600,43262.5,43262.93400377035
20181129120700,43287.5,43258.71664583683
20181129120800,43275.0,43271.33583575487
20181129120900,43262.5,43271.30203843117
20181129121000,43275.0,43258.71664583683
20181129121100,43275.0,43262.93400377035
20181129121200,43262.5,43267.11847782135
20181129121300,43275.0,43258.71664583683
20181129121400,43275.0,43262.93400377035
20181129121500,43275.0,43267.11847782135
20181129121600,43262.5,43267.11847782135
20181129121700,43287.5,43258.71664583683
20181129121800,43275.0,43271.33583575487
20181129121900,43275.0,43271.30203843117
20181129122000,43275.0,43267.11847782135
20181129122100,43287.5,43267.11847782135
20181129122200,43275.0,43275.51985308528
20181129122300,43275.0,43271.30203843117
20181129122400,43275.0,43267.11847782135
20181129122500,43287.5,43267.11847782135
20181129122600,43275.0,43275.51985308528
20181129122700,43300.0,43271.30203843117
20181129122800,43337.5,43283.92214179039
20181129122900,43287.5,43317.494302242994
20181129123000,43225.0,43296.43171876669
20181129123100,43237.5,43237.701104581356
20181129123200,43262.5,43225.17051845789
20181129123300,43275.0,43246.16094008088
20181129123400,43275.0,43262.93400377035
20181129123500,43275.0,43267.11847782135
20181129123600,43275.0,43267.11847782135
20181129123700,43275.0,43267.11847782135
20181129123800,43275.0,43267.11847782135
20181129123900,43275.0,43267.11847782135
20181129124000,43275.0,43267.11847782135
20181129124100,43275.0,43267.11847782135
20181129124200,43275.0,43267.11847782135
20181129124300,43237.5,43267.11847782135
20181129124400,43212.5,43241.915722191334
20181129124500,43212.5,43212.555895745754
20181129124600,43212.5,43204.17964011431
20181129124700,43237.5,43204.17964011431
20181129124800,43212.5,43220.982390642166
20181129124900,43212.5,43212.555895745754
20181129125000,43225.0,43204.17964011431
20181129125100,43225.0,43212.580558657646
20181129125200,43212.5,43216.76914319396
20181129125300,43212.5,43208.36822465062
20181129125400,43212.5,43204.17964011431
20181129125500,43225.0,43204.17964011431
20181129125600,43212.5,43212.580558657646
20181129125700,43212.5,43208.36822465062
20181129125800,43212.5,43204.17964011431
20181129125900,43225.0,43204.17964011431
20181129130000,43212.5,43212.580558657646
20181129130100,43225.0,43208.36822465062
20181129130200,43237.5,43212.580558657646
20181129130300,43225.0,43225.17051845789
20181129130400,43212.5,43220.95681428909
20181129130500,43225.0,43208.36822465062
20181129130600,43225.0,43212.580558657646
20181129130700,43225.0,43216.76914319396
20181129130800,43212.5,43216.76914319396
20181129130900,43237.5,43208.36822465062
20181129131000,43212.5,43220.982390642166
20181129131100,43225.0,43212.555895745754
20181129131200,43212.5,43212.580558657646
20181129131300,43212.5,43208.36822465062
20181129131400,43225.0,43204.17964011431
20181129131500,43225.0,43212.580558657646
20181129131600,43187.5,43216.76914319396
20181129131700,43162.5,43191.567757725716
20181129131800,43187.5,43162.19788342714
20181129131900,43175.0,43170.616157352924
20181129132000,43162.5,43170.5978885293
20181129132100,43175.0,43158.006558567286
20181129132200,43162.5,43162.214782088995
20181129132300,43175.0,43158.006558567286
20181129132400,43175.0,43162.214782088995
20181129132500,43175.0,43166.407020390034
20181129132600,43175.0,43166.407020390034
20181129132700,43187.5,43166.407020390034
20181129132800,43175.0,43174.80793893337
20181129132900,43175.0,43170.5978885293
20181129133000,43175.0,43166.407020390034
20181129133100,43187.5,43166.407020390034
20181129133200,43200.0,43174.80793893337
20181129133300,43237.5,43187.39972561598
20181129133400,43237.5,43216.79426282644
20181129133500,43225.0,43229.35773283243
20181129133600,43225.0,43220.95681428909
20181129133700,43237.5,43216.76914319396
20181129133800,43200.0,43225.17051845789
20181129133900,43150.0,43204.1558906436
20181129134000,43125.0,43157.989659905434
20181129134100,43125.0,43124.421153217554
20181129134200,43137.5,43116.03165268898
20181129134300,43112.5,43124.43211451173
20181129134400,43087.5,43111.82799637318
20181129134500,43087.5,43086.6380289197
20181129134600,43075.0,43078.243504464626
20181129134700,43062.5,43069.84486952424
20181129134800,43075.0,43057.24760219455
20181129134900,43075.0,43061.447148025036
20181129135000,43100.0,43065.64623713493
20181129135100,43137.5,43082.44533389807
20181129135200,43137.5,43116.04124382138
20181129135300,43137.5,43128.62617969513
20181129135400,43125.0,43128.62617969513
20181129135500,43112.5,43120.22708803415
20181129135600,43125.0,43107.632561028004
20181129135700,43137.5,43111.8366740644
20181129135800,43137.5,43124.43211451173
20181129135900,43137.5,43128.62617969513
20181129140000,43125.0,43128.62617969513
20181129140100,43137.5,43120.22708803415
20181129140200,43175.0,43124.43211451173
20181129140300,43187.5,43153.829392045736
20181129140400,43175.0,43174.80793893337
20181129140500,43187.5,43170.5978885293
20181129140600,43175.0,43174.80793893337
20181129140700,43175.0,43170.5978885293
20181129140800,43175.0,43166.407020390034
20181129140900,43187.5,43166.407020390034
20181129141000,43175.0,43174.80793893337
20181129141100,43175.0,43170.5978885293
20181129141200,43175.0,43166.407020390034
20181129141300,43137.5,43166.407020390034
20181129141400,43075.0,43141.20746180415
20181129141500,43075.0,43086.63346171379
20181129141600,43100.0,43065.64623713493
20181129141700,43137.5,43082.44533389807
20181129141800,43112.5,43116.04124382138
20181129141900,43087.5,43111.82799637318
20181129142000,43050.0,43086.6380289197
20181129142100,43037.5,43053.04851308465
20181129142200,43025.0,43032.05078393221
20181129142300,43037.5,43019.451689720154
20181129142400,43025.0,43023.64803850651
20181129142500,43037.5,43019.451689720154
20181129142600,43012.5,43023.64803850651
20181129142700,43025.0,43011.05442494154
20181129142800,43000.0,43011.04711741209
20181129142900,42975.0,42998.454874008894
20181129143000,43012.5,42973.25440198183
20181129143100,43012.5,42990.03660008311
20181129143200,42987.5,43002.648939192295
20181129143300,42987.5,42985.85486635566
20181129143400,43012.5,42977.44572684169
20181129143500,43025.0,42994.24162656069
20181129143600,43037.5,43011.04711741209
20181129143700,43037.5,43023.64803850651
20181129143800,43012.5,43027.84986793995
20181129143900,43025.0,43011.05442494154
20181129144000,42987.5,43011.04711741209
20181129144100,42987.5,42990.05852267146
20181129144200,42975.0,42977.44572684169
20181129144300,42975.0,42969.049375504255
20181129144400,42975.0,42964.8434355855
20181129144500,42987.5,42964.8434355855
20181129144600,42950.0,42973.24070036411
20181129144700,42987.5,42952.25758627057
20181129144800,42987.5,42964.82790708542
20181129144900,43012.5,42977.44572684169
20181129145000,43037.5,42994.24162656069
20181129145100,43037.5,43019.445295631886
20181129145200,43037.5,43027.84986793995
20181129145300,43025.0,43027.84986793995
20181129145400,43037.5,43019.451689720154
20181129145500,43037.5,43023.64803850651
20181129145600,43037.5,43027.84986793995
20181129145700,42975.0,43027.84986793995
20181129145800,42975.0,42985.86582764983
20181129145900,42975.0,42964.8434355855
20181129150000,42987.5,42964.8434355855
20181129150100,43012.5,42973.24070036411
20181129150200,42975.0,42994.24162656069
20181129150300,43000.0,42977.458971738815
20181129150400,43025.0,42981.63796514273
20181129150500,43012.5,43006.84391781688
20181129150600,42987.5,43006.85213878751
20181129150700,42975.0,42985.85486635566
20181129150800,42962.5,42969.049375504255
20181129150900,42975.0,42956.447084248066
20181129151000,42975.0,42960.63749566674
20181129151100,42975.0,42964.8434355855
20181129151200,42975.0,42964.8434355855
20181129151300,42987.5,42964.8434355855
20181129151400,43025.0,42973.24070036411
20181129151500,43037.5,43002.63980478048
20181129151600,43075.0,43023.64803850651
20181129151700,43137.5,43053.04714292288
20181129151800,43112.5,43107.648089528084
20181129151900,43125.0,43111.82799637318
20181129153000,43150.0,43111.8366740644
20181129153500,43150.0,43132.83257633448
20181130090000,43262.5,43141.22070670128
20181130090100,43062.5,43216.843131929636
20181130090200,43075.0,43120.17045468092
20181130090300,43050.0,43061.447148025036
20181130090400,43075.0,43048.84942397475
20181130090500,43087.5,43057.24714547396
20181130090600,43075.0,43074.04532879591
20181130090700,43062.5,43069.84486952424
20181130090800,43050.0,43057.24760219455
20181130090900,43012.5,43044.64942142367
20181130091000,42975.0,43015.25625437498
20181130091100,42937.5,42977.458971738815
20181130091200,42912.5,42939.65620845556
20181130091300,42937.5,42910.243402421474
20181130091400,42950.0,42918.615090847015
20181130091500,42962.5,42935.42880266905
20181130091600,42962.5,42948.03337752819
20181130091700,42925.0,42952.24068760872
20181130091800,42925.0,42927.054373919964
20181130091900,42937.5,42914.428789913654
20181130092000,42937.5,42922.824227809906
20181130092100,42937.5,42927.0333647728
20181130092200,42975.0,42927.0333647728
20181130092300,42975.0,42952.22333222628
20181130092400,42987.5,42964.8434355855
20181130092500,43012.5,42973.24070036411
20181130092600,43037.5,42994.24162656069
20181130092700,43000.0,43019.445295631886
20181130092800,42962.5,43002.657616883516
20181130092900,42962.5,42964.85850736499
20181130093000,42987.5,42952.24068760872
20181130093100,43137.5,42969.034303724766
20181130093200,43225.0,43078.25400903821
20181130093300,43200.0,43187.43946030736
20181130093400,43237.5,43199.96776282787
20181130093500,43375.0,43216.79426282644
20181130093600,43487.5,43321.797066926956
20181130093700,43575.0,43443.40394809842
20181130093800,43850.0,43539.75692093372
20181130093900,43850.0,43753.765228390694
20181130094000,43725.0,43844.98374834657
20181130094100,43675.0,43761.033023148775
20181130094200,43575.0,43685.97008064389
20181130094300,43525.0,43602.17327028513
20181130094400,43425.0,43535.30024141073
20181130094500,43362.5,43451.44451409578
20181130094600,43362.5,43376.076482236385
20181130094700,43387.5,43355.196130275726
20181130094800,43362.5,43371.999794244766
20181130094900,43387.5,43363.54954987764
20181130095000,43350.0,43371.999794244766
20181130095100,43312.5,43355.148631334305
20181130095200,43287.5,43317.41254925728
20181130095300,43262.5,43288.06870803237
20181130095400,43250.0,43262.90111988783
20181130095500,43250.0,43246.1307965219
20181130095600,43250.0,43241.94540902972
20181130095700,43275.0,43241.94540902972
20181130095800,43200.0,43258.74861627817
20181130095900,43100.0,43216.71753376722
20181130100000,43125.0,43124.398317188025
20181130100100,43150.0,43107.640325278044
20181130100200,43150.0,43132.83257633448
20181130100300,43162.5,43141.22070670128
20181130100400,43212.5,43149.62116852403
20181130100500,43225.0,43187.419821321964
20181130100600,43175.0,43212.580558657646
20181130100700,43125.0,43183.16866606474
20181130100800,43162.5,43132.808370143175
20181130100900,43212.5,43141.233951598406
20181130101000,43237.5,43187.419821321964
20181130101100,43225.0,43220.982390642166
20181130101200,43225.0,43220.95681428909
20181130101300,43187.5,43216.76914319396
20181130101400,43162.5,43191.567757725716
20181130101500,43187.5,43162.19788342714
20181130101600,43175.0,43170.616157352924
20181130101700,43175.0,43170.5978885293
20181130101800,43175.0,43166.407020390034
20181130101900,43162.5,43166.407020390034
20181130102000,43187.5,43158.006558567286
20181130102100,43187.5,43170.616157352924
20181130102200,43162.5,43178.99880707264
20181130102300,43175.0,43162.19788342714
20181130102400,43150.0,43162.214782088995
20181130102500,43100.0,43149.60655346513
20181130102600,43075.0,43107.62434005737
20181130102700,43112.5,43074.042588472366
20181130102800,43125.0,43090.845795720816
20181130102900,43125.0,43111.8366740644
20181130103000,43100.0,43116.03165268898
20181130103100,43112.5,43099.23346936703
20181130103200,43150.0,43099.239863455296
20181130103300,43162.5,43128.638054430485
20181130103400,43187.5,43149.62116852403
20181130103500,43162.5,43170.616157352924
20181130103600,43175.0,43162.19788342714
20181130103700,43187.5,43162.214782088995
20181130103800,43175.0,43174.80793893337
20181130103900,43150.0,43170.5978885293
20181130104000,43112.5,43149.60655346513
20181130104100,43137.5,43116.02251827717
20181130104200,43075.0,43120.236679166555
20181130104300,43025.0,43086.63346171379
20181130104400,43025.0,43032.054437696934
20181130104500,43012.5,43015.24986028671
20181130104600,43025.0,43006.85213878751
20181130104700,43037.5,43011.04711741209
20181130104800,43062.5,43023.64803850651
20181130104900,43062.5,43044.64713782072
20181130105000,43075.0,43053.04805636406
20181130105100,43075.0,43061.447148025036
20181130105200,43087.5,43065.64623713493
20181130105300,43050.0,43074.04532879591
20181130105400,43037.5,43053.04851308465
20181130105500,43025.0,43032.05078393221
20181130105600,43037.5,43019.451689720154
20181130105700,43012.5,43023.64803850651
20181130105800,43000.0,43011.05442494154
20181130105900,42987.5,42994.25167441368
20181130110000,42987.5,42981.65075331926
20181130110100,42975.0,42977.44572684169
20181130110200,42975.0,42969.049375504255
20181130110300,42950.0,42964.8434355855
20181130110400,42912.5,42948.051189631224
20181130110500,42925.0,42914.451625943184
20181130110600,42900.0,42910.21873950958
20181130110700,42887.5,42897.63928428292
20181130110800,42862.5,42880.82420229912
20181130110900,42875.0,42859.825102984905
20181130111000,42875.0,42859.79267582297
20181130111100,42875.0,42864.00592327118
20181130111200,42875.0,42864.00592327118
20181130111300,42875.0,42864.00592327118
20181130111400,42875.0,42864.00592327118
20181130111500,42912.5,42864.00592327118
20181130111600,42925.0,42889.19041007757
20181130111700,42900.0,42910.21873950958
20181130111800,42875.0,42897.63928428292
20181130111900,42887.5,42872.43059128523
20181130112000,42887.5,42872.39999100566
20181130112100,42862.5,42876.612325012684
20181130112200,42850.0,42859.825102984905
20181130112300,42825.0,42843.005910515785
20181130112400,42825.0,42822.00726792216
20181130112500,42837.5,42813.575749099255
20181130112600,42837.5,42821.96844667196
20181130112700,42787.5,42826.18397772312
20181130112800,42737.5,42792.62049496174
20181130112900,42700.0,42742.19397455454
20181130113000,42675.0,42700.14873370528
20181130113100,42637.5,42670.706697553396
20181130113200,42625.0,42637.10348010063
20181130113300,42612.5,42616.03815630078
20181130113400,42637.5,42603.42718735337
20181130113500,42625.0,42615.96371084452
20181130113600,42662.5,42616.03815630078
20181130113700,42675.0,42636.96189671755
20181130113800,42675.0,42658.02950412035
20181130113900,42687.5,42662.25599646568
20181130114000,42675.0,42670.64184322953
20181130114100,42675.0,42666.481575369835
20181130114200,42675.0,42662.25599646568
20181130114300,42687.5,42662.25599646568
20181130114400,42675.0,42670.64184322953
20181130114500,42662.5,42666.481575369835
20181130114600,42737.5,42653.871063143015
20181130114700,42787.5,42699.96878579259
20181130114800,42725.0,42758.870670199394
20181130114900,42687.5,42733.80675762892
20181130115000,42675.0,42687.540048360825
20181130115100,42687.5,42666.481575369835
20181130115200,42675.0,42670.64184322953
20181130115300,42700.0,42666.481575369835
20181130115400,42700.0,42679.02860343456
20181130115500,42675.0,42687.478391081095
20181130115600,42675.0,42670.706697553396
20181130115700,42687.5,42662.25599646568
20181130115800,42675.0,42670.64184322953
20181130115900,42687.5,42666.481575369835
20181130120000,42687.5,42670.64184322953
20181130120100,42725.0,42674.86696541309
20181130120200,42750.0,42700.02952963114
20181130120300,42787.5,42729.47704643011
20181130120400,42775.0,42763.09168189764
20181130120500,42737.5,42767.36019253731
20181130120600,42712.5,42737.973876297474
20181130120700,42687.5,42708.53549391031
20181130120800,42675.0,42683.316296339035
20181130120900,42662.5,42666.481575369835
20181130121000,42662.5,42653.871063143015
20181130121100,42675.0,42649.64457079768
20181130121200,42675.0,42658.02950412035
20181130121300,42650.0,42662.25599646568
20181130121400,42637.5,42645.48704326153
20181130121500,42650.0,42628.649125248194
20181130121600,42675.0,42632.804825901985
20181130121700,42650.0,42653.80301177502
20181130121800,42637.5,42645.48704326153
20181130121900,42662.5,42628.649125248194
20181130122000,42675.0,42641.190215945244
20181130122100,42700.0,42658.02950412035
20181130122200,42700.0,42679.02860343456
20181130122300,42675.0,42687.478391081095
20181130122400,42625.0,42670.706697553396
20181130122500,42637.5,42628.72128710151
20181130122600,42625.0,42620.19294351339
20181130122700,42625.0,42616.03815630078
20181130122800,42637.5,42611.8093803525
20181130122900,42637.5,42620.19294351339
20181130123000,42625.0,42624.42126274109
20181130123100,42637.5,42616.03815630078
20181130123200,42625.0,42620.19294351339
20181130123300,42625.0,42616.03815630078
20181130123400,42625.0,42611.8093803525
20181130123500,42625.0,42611.8093803525
20181130123600,42612.5,42611.8093803525
20181130123700,42637.5,42603.42718735337
20181130123800,42662.5,42615.96371084452
20181130123900,42687.5,42641.190215945244
20181130124000,42662.5,42666.41580760479
20181130124100,42687.5,42658.09709876776
20181130124200,42675.0,42666.41580760479
20181130124300,42675.0,42666.481575369835
20181130124400,42662.5,42662.25599646568
20181130124500,42675.0,42653.871063143015
20181130124600,42662.5,42658.02950412035
20181130124700,42662.5,42653.871063143015
20181130124800,42662.5,42649.64457079768
20181130124900,42687.5,42649.64457079768
20181130125000,42687.5,42666.41580760479
20181130125100,42687.5,42674.86696541309
20181130125200,42687.5,42674.86696541309
20181130125300,42687.5,42674.86696541309
20181130125400,42687.5,42674.86696541309
20181130125500,42650.0,42674.86696541309
20181130125600,42625.0,42649.71262216568
20181130125700,42637.5,42620.26647552848
20181130125800,42637.5,42620.19294351339
20181130125900,42625.0,42624.42126274109
20181130130000,42625.0,42616.03815630078
20181130130100,42625.0,42611.8093803525
20181130130200,42625.0,42611.8093803525
20181130130300,42637.5,42611.8093803525
20181130130400,42637.5,42620.19294351339
20181130130500,42625.0,42624.42126274109
20181130130600,42637.5,42616.03815630078
20181130130700,42612.5,42620.19294351339
20181130130800,42625.0,42607.65596330166
20181130130900,42625.0,42607.58014768362
20181130131000,42625.0,42611.8093803525
20181130131100,42637.5,42611.8093803525
20181130131200,42675.0,42620.19294351339
20181130131300,42687.5,42649.5756059885
20181130131400,42675.0,42670.64184322953
20181130131500,42687.5,42666.481575369835
20181130131600,42662.5,42670.64184322953
20181130131700,42712.5,42658.09709876776
20181130131800,42712.5,42683.19069817662
20181130131900,42725.0,42700.089360028505
20181130132000,42737.5,42708.47703367472
20181130132100,42712.5,42721.08800262213
20181130132200,42712.5,42708.53549391031
20181130132300,42725.0,42700.089360028505
20181130132400,42712.5,42708.47703367472
20181130132500,42712.5,42704.312655329704
20181130132600,42737.5,42700.089360028505
20181130132700,42725.0,42716.86562076211
20181130132800,42712.5,42716.92225411534
20181130132900,42687.5,42704.312655329704
20181130133000,42687.5,42683.316296339035
20181130133100,42662.5,42674.86696541309
20181130133200,42675.0,42658.09709876776
20181130133300,42687.5,42658.02950412035
20181130133400,42675.0,42670.64184322953
20181130133500,42675.0,42666.481575369835
20181130133600,42662.5,42662.25599646568
20181130133700,42675.0,42653.871063143015
20181130133800,42662.5,42658.02950412035
20181130133900,42662.5,42653.871063143015
20181130134000,42637.5,42649.64457079768
20181130134100,42625.0,42632.8769877553
20181130134200,42612.5,42616.03815630078
20181130134300,42625.0,42603.42718735337
20181130134400,42637.5,42607.58014768362
20181130134500,42612.5,42620.19294351339
20181130134600,42612.5,42607.65596330166
20181130134700,42612.5,42599.197497963905
20181130134800,42612.5,42599.197497963905
20181130134900,42625.0,42599.197497963905
20181130135000,42612.5,42607.58014768362
20181130135100,42637.5,42603.42718735337
20181130135200,42675.0,42615.96371084452
20181130135300,42700.0,42649.5756059885
20181130135400,42662.5,42679.02860343456
20181130135500,42675.0,42662.32222095132
20181130135600,42675.0,42658.02950412035
20181130135700,42675.0,42662.25599646568
20181130135800,42662.5,42662.25599646568
20181130135900,42662.5,42653.871063143015
20181130140000,42662.5,42649.64457079768
20181130140100,42662.5,42649.64457079768
20181130140200,42612.5,42649.64457079768
20181130140300,42612.5,42616.11260175705
20181130140400,42625.0,42599.197497963905
20181130140500,42625.0,42607.58014768362
20181130140600,42625.0,42611.8093803525
20181130140700,42625.0,42611.8093803525
20181130140800,42612.5,42611.8093803525
20181130140900,42587.5,42603.42718735337
20181130141000,42562.5,42582.43493884802
20181130141100,42575.0,42557.21391439438
20181130141200,42575.0,42557.12896436453
20181130141300,42575.0,42561.36139407754
20181130141400,42550.0,42561.36139407754
20181130141500,42525.0,42544.60294544697
20181130141600,42512.5,42519.38192099333
20181130141700,42537.5,42502.536695450544
20181130141800,42525.0,42515.055863559246
20181130141900,42525.0,42515.148121118546
20181130142000,42512.5,42510.91295108199
20181130142100,42512.5,42502.536695450544
20181130142200,42500.0,42498.3010686934
20181130142300,42462.5,42489.92526978254
20181130142400,42487.5,42460.56772693992
20181130142500,42475.0,42464.60193991661
20181130142600,42475.0,42464.70333188772
20181130142700,42462.5,42460.465878248215
20181130142800,42437.5,42452.0928196609
20181130142900,42400.0,42431.11061900854
20181130143000,42387.5,42397.52293005586
20181130143100,42362.5,42376.431573182344
20181130143200,42362.5,42355.45622333884
20181130143300,42375.0,42346.96898460388
20181130143400,42350.0,42355.335192382336
20181130143500,42312.5,42342.847537994385
20181130143600,42312.5,42309.270810335875
20181130143700,42325.0,42296.53332978487
20181130143800,42262.5,42304.89497035742
20181130143900,42187.5,42267.34340339899
20181130144000,42200.0,42195.98218128085
20181130144100,42262.5,42178.825929015875
20181130144200,42275.0,42224.851946532726
20181130144300,42175.0,42254.46159914136
20181130144400,42137.5,42191.88220053911
20181130144500,42175.0,42132.83051177859
20181130144600,42137.5,42145.110358297825
20181130144700,42137.5,42132.83051177859
20181130144800,42112.5,42120.067911595106
20181130144900,42100.0,42103.379341214895
20181130145000,42062.5,42086.52589470148
20181130145100,42050.0,42057.25056156516
20181130145200,42025.0,42036.141392588615
20181130145300,41975.0,42015.213084965944
20181130145400,41862.5,41973.37154150009
20181130145500,41912.5,41881.43848218024
20181130145600,42050.0,41876.33691318333
20181130145700,42037.5,41985.00923886895
20181130145800,41975.0,42023.54732230306
20181130145900,41975.0,41977.63137444854
20181130150000,41950.0,41956.32946938276
20181130150100,41862.5,41939.67652320862
20181130150200,41875.0,41872.91470579803
20181130150300,41912.5,41851.38329863548
20181130150400,41875.0,41880.60245513916
20181130150500,41887.5,41868.44135597348
20181130150600,41887.5,41863.9648091048
20181130150700,41912.5,41868.22943761945
20181130150800,41912.5,41884.86708365381
20181130150900,41937.5,41893.39542724192
20181130151000,41950.0,41910.039239004254
20181130151100,42000.0,41926.889945194125
20181130151200,42037.5,41964.46411982179
20181130151300,42012.5,42006.50890395045
20181130151400,41975.0,42002.62129828334
20181130151500,41950.0,41969.112165272236
20181130151600,41925.0,41939.67652320862
20181130151700,42000.0,41914.50573801994
20181130151800,42125.0,41955.93851655722
20181130151900,42187.5,42064.88830000162
20181130153000,41850.0,42149.20531511307
20181130153500,41850.0,41945.500395819545
20181203090000,42700.0,41830.489245057106
20181203090100,42687.5,42398.9478982985
20181203090200,42625.0,42679.092087596655
20181203090300,42637.5,42632.94732272625
20181203090400,42737.5,42620.19294351339
20181203090500,42787.5,42691.517171263695
20181203090600,42687.5,42758.870670199394
20181203090700,42650.0,42708.65058749914
20181203090800,42625.0,42649.71262216568
20181203090900,42587.5,42620.26647552848
20181203091000,42550.0,42586.66508495808
20181203091100,42537.5,42548.83537515998
20181203091200,42512.5,42527.759090065956
20181203091300,42550.0,42506.7718654871
20181203091400,42562.5,42523.433946073055
20181203091500,42562.5,42544.516168534756
20181203091600,42537.5,42548.74951168895
20181203091700,42487.5,42531.99288994074
20181203091800,42462.5,42490.02209454775
20181203091900,42500.0,42456.330730021
20181203092000,42550.0,42472.97728210688
20181203092100,42550.0,42519.1987760365
20181203092200,42575.0,42536.137172579765
20181203092300,42537.5,42552.89607793093
20181203092400,42587.5,42536.22577637434
20181203092500,42650.0,42557.04401433468
20181203092600,42700.0,42615.88880866766
20181203092700,42712.5,42670.57653218508
20181203092800,42687.5,42695.865608006716
20181203092900,42687.5,42683.316296339035
20181203093000,42687.5,42674.86696541309
20181203093100,42712.5,42674.86696541309
20181203093200,42700.0,42691.641399264336
20181203093300,42687.5,42691.702599823475
20181203093400,42675.0,42679.092087596655
20181203093500,42687.5,42666.481575369835
20181203093600,42737.5,42670.64184322953
20181203093700,42737.5,42708.41811671853
20181203093800,42750.0,42725.310384482145
20181203093900,42687.5,42733.69897156954
20181203094000,42675.0,42695.98572552204
20181203094100,42675.0,42666.481575369835
20181203094200,42725.0,42662.25599646568
20181203094300,42800.0,42695.80486416817
20181203094400,42787.5,42763.041442632675
20181203094500,42762.5,42779.968421161175
20181203094600,42737.5,42758.97023528814
20181203094700,42725.0,42733.75332131982
20181203094800,42725.0,42716.92225411534
20181203094900,42762.5,42712.699872255325
20181203095000,42812.5,42737.867003679276
20181203095100,42825.0,42784.09489169717
20181203095200,42812.5,42809.359304606915
20181203095300,42787.5,42805.18442168832
20181203095400,42787.5,42784.18623581529
20181203095500,42762.5,42775.75014978647
20181203095600,42787.5,42758.97023528814
20181203095700,42787.5,42767.311323434114
20181203095800,42775.0,42775.75014978647
20181203095900,42800.0,42767.36019253731
20181203100000,42862.5,42779.921835660934
20181203100100,42850.0,42830.32369315624
20181203100200,42825.0,42843.005910515785
20181203100300,42825.0,42822.00726792216
20181203100400,42825.0,42813.575749099255
20181203100500,42837.5,42813.575749099255
20181203100600,42825.0,42821.96844667196
20181203100700,42862.5,42817.792193591595
20181203100800,42875.0,42838.75521197915
20181203100900,42912.5,42859.79267582297
20181203101000,42925.0,42889.19041007757
20181203101100,42962.5,42910.21873950958
20181203101200,42950.0,42939.61738720536
20181203101300,42937.5,42943.844336271286
20181203101400,42912.5,42931.241588294506
20181203101500,42925.0,42910.243402421474
20181203101600,42937.5,42910.21873950958
20181203101700,42937.5,42922.824227809906
20181203101800,42925.0,42927.0333647728
20181203101900,42937.5,42918.637470155954
20181203102000,42937.5,42922.824227809906
20181203102100,42937.5,42927.0333647728
20181203102200,42937.5,42927.0333647728
20181203102300,42937.5,42927.0333647728
20181203102400,42937.5,42927.0333647728
20181203102500,42925.0,42927.0333647728
20181203102600,42925.0,42918.637470155954
20181203102700,42937.5,42914.428789913654
20181203102800,42925.0,42922.824227809906
20181203102900,42925.0,42918.637470155954
20181203103000,42937.5,42914.428789913654
20181203103100,42925.0,42922.824227809906
20181203103200,42925.0,42918.637470155954
20181203103300,42887.5,42914.428789913654
20181203103400,42875.0,42889.24567326903
20181203103500,42862.5,42868.218257278204
20181203103600,42862.5,42855.61231225729
20181203103700,42875.0,42851.399064809084
20181203103800,42862.5,42859.79267582297
20181203103900,42825.0,42855.61231225729
20181203104000,42812.5,42826.22234225273
20181203104100,42812.5,42805.18442168832
20181203104200,42837.5,42800.96752047539
20181203104300,42825.0,42817.75245890021
20181203104400,42825.0,42817.792193591595
20181203104500,42825.0,42813.575749099255
20181203104600,42850.0,42813.575749099255
20181203104700,42875.0,42830.36160096526
20181203104800,42850.0,42855.57897165418
20181203104900,42800.0,42847.21961468458
20181203105000,42775.0,42805.22598326206
20181203105100,42775.0,42771.57846391201
20181203105200,42787.5,42763.14055100083
20181203105300,42825.0,42771.53096497059
20181203105400,42837.5,42800.92504546046
20181203105500,42812.5,42821.96844667196
20181203105600,42837.5,42809.40040946007
20181203105700,42812.5,42817.75245890021
20181203105800,42825.0,42809.40040946007
20181203105900,42837.5,42809.359304606915
20181203110000,42850.0,42821.96844667196
20181203110100,42875.0,42834.57667529583
20181203110200,42875.0,42855.57897165418
20181203110300,42912.5,42864.00592327118
20181203110400,42925.0,42889.19041007757
20181203110500,42925.0,42910.21873950958
20181203110600,42925.0,42914.428789913654
20181203110700,42937.5,42914.428789913654
20181203110800,42937.5,42922.824227809906
20181203110900,42912.5,42927.0333647728
20181203111000,42887.5,42910.243402421474
20181203111100,42887.5,42885.03470942378
20181203111200,42887.5,42876.612325012684
20181203111300,42900.0,42876.612325012684
20181203111400,42912.5,42885.006849467754
20181203111500,43025.0,42897.61279448867
20181203111600,43050.0,42977.405078709126
20181203111700,43025.0,43032.046673446894
20181203111800,43012.5,43023.653519153595
20181203111900,43012.5,43006.85213878751
20181203112000,43012.5,43002.648939192295
20181203112100,43025.0,43002.648939192295
20181203112200,43025.0,43011.04711741209
20181203112300,43037.5,43015.24986028671
20181203112400,43062.5,43023.64803850651
20181203112500,43075.0,43044.64713782072
20181203112600,43062.5,43061.447148025036
20181203112700,43075.0,43057.24760219455
20181203112800,43075.0,43061.447148025036
20181203112900,43087.5,43065.64623713493
20181203113000,43087.5,43074.04532879591
20181203113100,43075.0,43078.243504464626
20181203113200,43075.0,43069.84486952424
20181203113300,43062.5,43065.64623713493
20181203113400,43062.5,43057.24760219455
20181203113500,43062.5,43053.04805636406
20181203113600,43075.0,43053.04805636406
20181203113700,43075.0,43061.447148025036
20181203113800,43075.0,43065.64623713493
20181203113900,43062.5,43065.64623713493
20181203114000,43062.5,43057.24760219455
20181203114100,43062.5,43053.04805636406
20181203114200,43075.0,43053.04805636406
20181203114300,43062.5,43061.447148025036
20181203114400,43087.5,43057.24760219455
20181203114500,43075.0,43069.84623968601
20181203114600,43075.0,43069.84486952424
20181203114700,43062.5,43065.64623713493
20181203114800,43075.0,43057.24760219455
20181203114900,43075.0,43061.447148025036
20181203115000,43075.0,43065.64623713493
20181203115100,43125.0,43065.64623713493
20181203115200,43162.5,43099.246714264154
20181203115300,43175.0,43141.233951598406
20181203115400,43187.5,43162.214782088995
20181203115500,43175.0,43174.80793893337
20181203115600,43162.5,43170.5978885293
20181203115700,43137.5,43158.006558567286
20181203115800,43112.5,43137.01431006193
20181203115900,43125.0,43111.82799637318
20181203120000,43125.0,43111.8366740644
20181203120100,43137.5,43116.03165268898
20181203120200,43125.0,43124.43211451173
20181203120300,43125.0,43120.22708803415
20181203120400,43125.0,43116.03165268898
20181203120500,43125.0,43116.03165268898
20181203120600,43125.0,43116.03165268898
20181203120700,43100.0,43116.03165268898
20181203120800,43075.0,43099.23346936703
20181203120900,43075.0,43074.042588472366
20181203121000,43075.0,43065.64623713493
20181203121100,43075.0,43065.64623713493
20181203121200,43100.0,43065.64623713493
20181203121300,43125.0,43082.44533389807
20181203121400,43112.5,43107.640325278044
20181203121500,43125.0,43107.632561028004
20181203121600,43125.0,43111.8366740644
20181203121700,43125.0,43116.03165268898
20181203121800,43125.0,43116.03165268898
20181203121900,43137.5,43116.03165268898
20181203122000,43112.5,43124.43211451173
20181203122100,43075.0,43111.82799637318
20181203122200,43075.0,43078.2398506999
20181203122300,43087.5,43065.64623713493
20181203122400,43087.5,43074.04532879591
20181203122500,43087.5,43078.243504464626
20181203122600,43150.0,43078.243504464626
20181203122700,43187.5,43120.24627029896
20181203122800,43175.0,43166.423919051886
20181203122900,43175.0,43170.5978885293
20181203123000,43187.5,43166.407020390034
20181203123100,43187.5,43174.80793893337
20181203123200,43175.0,43178.99880707264
20181203123300,43137.5,43170.5978885293
20181203123400,43137.5,43141.20746180415
20181203123500,43137.5,43128.62617969513
20181203123600,43137.5,43128.62617969513
20181203123700,43137.5,43128.62617969513
20181203123800,43187.5,43128.62617969513
20181203123900,43237.5,43162.231224030256
20181203124000,43212.5,43212.60522156954
20181203124100,43250.0,43212.555895745754
20181203124200,43275.0,43229.38467934728
20181203124300,43275.0,43258.74861627817
20181203124400,43287.5,43267.11847782135
20181203124500,43275.0,43275.51985308528
20181203124600,43275.0,43271.30203843117
20181203124700,43262.5,43267.11847782135
20181203124800,43262.5,43258.71664583683
20181203124900,43275.0,43254.53217178583
20181203125000,43287.5,43262.93400377035
20181203125100,43287.5,43275.51985308528
20181203125200,43275.0,43279.70295697451
20181203125300,43262.5,43271.30203843117
20181203125400,43287.5,43258.71664583683
20181203125500,43262.5,43271.33583575487
20181203125600,43225.0,43262.90111988783
20181203125700,43237.5,43229.330329596996
20181203125800,43200.0,43225.17051845789
20181203125900,43175.0,43204.1558906436
20181203130000,43175.0,43174.78875666857
20181203130100,43150.0,43166.407020390034
20181203130200,43137.5,43149.60655346513
20181203130300,43187.5,43132.82070159912
20181203130400,43187.5,43162.231224030256
20181203130500,43175.0,43178.99880707264
20181203130600,43175.0,43170.5978885293
20181203130700,43162.5,43166.407020390034
20181203130800,43175.0,43158.006558567286
20181203130900,43187.5,43162.214782088995
20181203131000,43162.5,43174.80793893337
20181203131100,43162.5,43162.19788342714
20181203131200,43112.5,43153.81432026625
20181203131300,43125.0,43120.21658346057
20181203131400,43137.5,43111.8366740644
20181203131500,43137.5,43124.43211451173
20181203131600,43125.0,43128.62617969513
20181203131700,43112.5,43120.22708803415
20181203131800,43162.5,43107.632561028004
20181203131900,43187.5,43137.039886415005
20181203132000,43225.0,43170.616157352924
20181203132100,43187.5,43204.20293286443
20181203132200,43200.0,43191.567757725716
20181203132300,43212.5,43187.39972561598
20181203132400,43175.0,43199.9905988574
20181203132500,43187.5,43178.97871136665
20181203132600,43187.5,43174.80793893337
20181203132700,43175.0,43178.99880707264
20181203132800,43175.0,43170.5978885293
20181203132900,43162.5,43166.407020390034
20181203133000,43125.0,43158.006558567286
20181203133100,43125.0,43128.615218400955
20181203133200,43125.0,43116.03165268898
20181203133300,43125.0,43116.03165268898
20181203133400,43150.0,43116.03165268898
20181203133500,43125.0,43132.83257633448
20181203133600,43137.5,43124.421153217554
20181203133700,43137.5,43124.43211451173
20181203133800,43125.0,43128.62617969513
20181203133900,43112.5,43120.22708803415
20181203134000,43137.5,43107.632561028004
20181203134100,43125.0,43120.236679166555
20181203134200,43150.0,43120.22708803415
20181203134300,43125.0,43132.83257633448
20181203134400,43137.5,43124.421153217554
20181203134500,43137.5,43124.43211451173
20181203134600,43137.5,43128.62617969513
20181203134700,43162.5,43128.62617969513
20181203134800,43175.0,43145.42801678181
20181203134900,43175.0,43162.214782088995
20181203135000,43175.0,43166.407020390034
20181203135100,43187.5,43166.407020390034
20181203135200,43175.0,43174.80793893337
20181203135300,43150.0,43170.5978885293
20181203135400,43125.0,43149.60655346513
20181203135500,43125.0,43124.421153217554
20181203135600,43112.5,43116.03165268898
20181203135700,43125.0,43107.632561028004
20181203135800,43137.5,43111.8366740644
20181203135900,43137.5,43124.43211451173
20181203140000,43175.0,43128.62617969513
20181203140100,43187.5,43153.829392045736
20181203140200,43187.5,43174.80793893337
20181203140300,43175.0,43178.99880707264
20181203140400,43175.0,43170.5978885293
20181203140500,43187.5,43166.407020390034
20181203140600,43187.5,43174.80793893337
20181203140700,43225.0,43178.99880707264
20181203140800,43237.5,43204.20293286443
20181203140900,43212.5,43225.17051845789
20181203141000,43237.5,43212.555895745754
20181203141100,43237.5,43220.982390642166
20181203141200,43225.0,43229.35773283243
20181203141300,43212.5,43220.95681428909
20181203141400,43200.0,43208.36822465062
20181203141500,43175.0,43195.77917829156
20181203141600,43187.5,43174.78875666857
20181203141700,43187.5,43174.80793893337
20181203141800,43187.5,43178.99880707264
20181203141900,43187.5,43178.99880707264
20181203142000,43175.0,43178.99880707264
20181203142100,43225.0,43170.5978885293
20181203142200,43287.5,43200.01297816634
20181203142300,43287.5,43258.78012999892
20181203142400,43275.0,43279.70295697451
20181203142500,43262.5,43271.30203843117
20181203142600,43262.5,43258.71664583683
20181203142700,43275.0,43254.53217178583
20181203142800,43275.0,43262.93400377035
20181203142900,43337.5,43267.11847782135
20181203143000,43375.0,43309.130834788084
20181203143100,43375.0,43355.242259055376
20181203143200,43350.0,43367.774672061205
20181203143300,43325.0,43350.971464812756
20181203143400,43312.5,43325.81346780062
20181203143500,43337.5,43309.0522788465
20181203143600,43325.0,43321.67512252927
20181203143700,43325.0,43321.633560955524
20181203143800,43300.0,43317.45365411043
20181203143900,43287.5,43300.65090358257
20181203144000,43275.0,43283.886517584324
20181203144100,43237.5,43271.30203843117
20181203144200,43237.5,43241.915722191334
20181203144300,43237.5,43229.35773283243
20181203144400,43225.0,43229.35773283243
20181203144500,43225.0,43220.95681428909
20181203144600,43237.5,43216.76914319396
20181203144700,43225.0,43225.17051845789
20181203144800,43237.5,43220.95681428909
20181203144900,43225.0,43225.17051845789
20181203145000,43225.0,43220.95681428909
20181203145100,43250.0,43216.76914319396
20181203145200,43300.0,43233.57235044241
20181203145300,43325.0,43275.554107129574
20181203145400,43325.0,43309.092013537884
20181203145500,43325.0,43317.45365411043
20181203145600,43312.5,43317.45365411043
20181203145700,43337.5,43309.0522788465
20181203145800,43300.0,43321.67512252927
20181203145900,43300.0,43304.83218058944
20181203150000,43337.5,43292.28743612766
20181203150100,43325.0,43317.494302242994
20181203150200,43325.0,43321.633560955524
20181203150300,43325.0,43317.45365411043
20181203150400,43325.0,43317.45365411043
20181203150500,43300.0,43317.45365411043
20181203150600,43275.0,43300.65090358257
20181203150700,43275.0,43275.485142320395
20181203150800,43275.0,43267.11847782135
20181203150900,43275.0,43267.11847782135
20181203151000,43262.5,43267.11847782135
20181203151100,43262.5,43258.71664583683
20181203151200,43212.5,43254.53217178583
20181203151300,43237.5,43220.93032449484
20181203151400,43237.5,43220.982390642166
20181203151500,43275.0,43229.35773283243
20181203151600,43262.5,43254.56322878599
20181203151700,43225.0,43258.71664583683
20181203151800,43237.5,43229.330329596996
20181203151900,43237.5,43225.17051845789
20181203153000,43250.0,43229.35773283243
20181203153500,43250.0,43237.75865137577
20181204090000,42737.5,43241.94540902972
20181204090100,42750.0,42897.94026315212
20181204090200,42775.0,42733.69897156954
20181204090300,42750.0,42754.700354486704
20181204090400,42775.0,42746.362006664276
20181204090500,42787.5,42754.700354486704
20181204090600,42812.5,42771.53096497059
20181204090700,42812.5,42792.532804608345
20181204090800,42812.5,42800.96752047539
20181204090900,42787.5,42800.96752047539
20181204091000,42737.5,42784.18623581529
20181204091100,42725.0,42742.19397455454
20181204091200,42725.0,42716.92225411534
20181204091300,42762.5,42712.699872255325
20181204091400,42787.5,42737.867003679276
20181204091500,42787.5,42767.311323434114
20181204091600,42800.0,42775.75014978647
20181204091700,42775.0,42784.14102047682
20181204091800,42775.0,42771.57846391201
20181204091900,42787.5,42763.14055100083
20181204092000,42775.0,42771.53096497059
20181204092100,42762.5,42767.36019253731
20181204092200,42775.0,42754.75059375167
20181204092300,42787.5,42758.92090946436
20181204092400,42762.5,42771.53096497059
20181204092500,42762.5,42758.97023528814
20181204092600,42737.5,42750.530495494604
20181204092700,42725.0,42733.75332131982
20181204092800,42737.5,42716.92225411534
20181204092900,42712.5,42721.08800262213
20181204093000,42637.5,42708.53549391031
20181204093100,42587.5,42649.78113025427
20181204093200,42562.5,42590.89431762695
20181204093300,42562.5,42557.21391439438
20181204093400,42512.5,42548.74951168895
20181204093500,42475.0,42515.239921957254
20181204093600,42475.0,42473.177325725555
20181204093700,42462.5,42460.465878248215
20181204093800,42475.0,42452.0928196609
20181204093900,42500.0,42456.22796788812
20181204094000,42512.5,42477.215649187565
20181204094100,42487.5,42494.064985215664
20181204094200,42400.0,42481.55084103346
20181204094300,42362.5,42414.480508863926
20181204094400,42375.0,42359.69915762544
20181204094500,42375.0,42355.335192382336
20181204094600,42362.5,42359.57904011011
20181204094700,42337.5,42351.21283233166
20181204094800,42300.0,42330.2402228117
20181204094900,42250.0,42296.66486531496
20181204095000,42212.5,42250.49269720912
20181204095100,42212.5,42208.43466818333
20181204095200,42287.5,42195.68211585283
20181204095300,42300.0,42245.82090228796
20181204095400,42287.5,42279.6775996685
20181204095500,42312.5,42275.56528747082
20181204095600,42337.5,42288.03878352046
20181204095700,42312.5,42313.25843781233
20181204095800,42262.5,42305.02559244633
20181204095900,42275.0,42263.09635862708
20181204100000,42300.0,42254.46159914136
20181204100100,42300.0,42275.42964145541
20181204100200,42300.0,42283.925101161
20181204100300,42325.0,42283.925101161
20181204100400,42337.5,42300.6483823061
20181204100500,42325.0,42317.50456914306
20181204100600,42325.0,42313.387233018875
20181204100700,42337.5,42309.14155840874
20181204100800,42337.5,42317.50456914306
20181204100900,42325.0,42321.750243753195
20181204101000,42312.5,42313.387233018875
20181204101100,42237.5,42300.7794611156
20181204101200,42212.5,42246.38495221734
20181204101300,42187.5,42204.18442636728
20181204101400,42212.5,42178.97938713431
20181204101500,42212.5,42187.17843517661
20181204101600,42237.5,42195.68211585283
20181204101700,42237.5,42212.39032521844
20181204101800,42262.5,42220.8921790123
20181204101900,42287.5,42237.60449886322
20181204102000,42287.5,42262.820956110954
20181204102100,42300.0,42271.31778597832
20181204102200,42312.5,42279.6775996685
20181204102300,42337.5,42292.28628501296
20181204102400,42325.0,42313.25843781233
20181204102500,42300.0,42313.387233018875
20181204102600,42275.0,42292.41873398423
20181204102700,42250.0,42267.20638722181
20181204102800,42237.5,42241.99632406235
20181204102900,42212.5,42225.14196410775
20181204103000,42225.0,42204.18442636728
20181204103100,42225.0,42204.03553545475
20181204103200,42237.5,42208.286690711975
20181204103300,42237.5,42216.641480475664
20181204103400,42225.0,42220.8921790123
20181204103500,42225.0,42212.5378459692
20181204103600,42212.5,42208.286690711975
20181204103700,42212.5,42199.93372783065
20181204103800,42250.0,42195.68211585283
20181204103900,42275.0,42220.74602842331
20181204104000,42287.5,42250.21272748709
20181204104100,42275.0,42267.069371044636
20181204104200,42275.0,42262.95888572931
20181204104300,42275.0,42258.71047079563
20181204104400,42275.0,42258.71047079563
20181204104500,42262.5,42258.71047079563
20181204104600,42275.0,42250.35248398781
20181204104700,42275.0,42254.46159914136
20181204104800,42287.5,42258.71047079563
20181204104900,42287.5,42267.069371044636
20181204105000,42287.5,42271.31778597832
20181204105100,42262.5,42271.31778597832
20181204105200,42237.5,42254.60135564208
20181204105300,42237.5,42229.391749203205
20181204105400,42225.0,42220.8921790123
20181204105500,42225.0,42212.5378459692
20181204105600,42237.5,42208.286690711975
20181204105700,42237.5,42216.641480475664
20181204105800,42237.5,42220.8921790123
20181204105900,42237.5,42220.8921790123
20181204110000,42237.5,42220.8921790123
20181204110100,42262.5,42220.8921790123
20181204110200,42262.5,42237.60449886322
20181204110300,42287.5,42246.10406905413
20181204110400,42287.5,42262.820956110954
20181204110500,42287.5,42271.31778597832
20181204110600,42275.0,42271.31778597832
20181204110700,42287.5,42262.95888572931
20181204110800,42275.0,42267.069371044636
20181204110900,42275.0,42262.95888572931
20181204111000,42262.5,42258.71047079563
20181204111100,42275.0,42250.35248398781
20181204111200,42262.5,42254.46159914136
20181204111300,42275.0,42250.35248398781
20181204111400,42262.5,42254.46159914136
20181204111500,42237.5,42250.35248398781
20181204111600,42225.0,42229.391749203205
20181204111700,42237.5,42212.5378459692
20181204111800,42225.0,42216.641480475664
20181204111900,42237.5,42212.5378459692
20181204112000,42237.5,42216.641480475664
20181204112100,42237.5,42220.8921790123
20181204112200,42212.5,42220.8921790123
20181204112300,42237.5,42204.18442636728
20181204112400,42225.0,42212.39032521844
20181204112500,42225.0,42212.5378459692
20181204112600,42212.5,42208.286690711975
20181204112700,42225.0,42199.93372783065
20181204112800,42225.0,42204.03553545475
20181204112900,42225.0,42208.286690711975
20181204113000,42225.0,42208.286690711975
20181204113100,42225.0,42208.286690711975
20181204113200,42212.5,42208.286690711975
20181204113300,42225.0,42199.93372783065
20181204113400,42237.5,42204.03553545475
20181204113500,42225.0,42216.641480475664
20181204113600,42250.0,42212.5378459692
20181204113700,42275.0,42224.997183680534
20181204113800,42287.5,42250.21272748709
20181204113900,42287.5,42267.069371044636
20181204114000,42275.0,42271.31778597832
20181204114100,42287.5,42262.95888572931
20181204114200,42300.0,42267.069371044636
20181204114300,42325.0,42279.6775996685
20181204114400,42325.0,42300.6483823061
20181204114500,42325.0,42309.14155840874
20181204114600,42325.0,42309.14155840874
20181204114700,42337.5,42309.14155840874
20181204114800,42325.0,42317.50456914306
20181204114900,42337.5,42313.387233018875
20181204115000,42312.5,42317.50456914306
20181204115100,42337.5,42305.02559244633
20181204115200,42325.0,42313.25843781233
20181204115300,42325.0,42313.387233018875
20181204115400,42337.5,42309.14155840874
20181204115500,42312.5,42317.50456914306
20181204115600,42325.0,42305.02559244633
20181204115700,42325.0,42304.89497035742
20181204115800,42337.5,42309.14155840874
20181204115900,42337.5,42317.50456914306
20181204120000,42325.0,42321.750243753195
20181204120100,42325.0,42313.387233018875
20181204120200,42325.0,42309.14155840874
20181204120300,42325.0,42309.14155840874
20181204120400,42325.0,42309.14155840874
20181204120500,42337.5,42309.14155840874
20181204120600,42312.5,42317.50456914306
20181204120700,42325.0,42305.02559244633
20181204120800,42325.0,42304.89497035742
20181204120900,42300.0,42309.14155840874
20181204121000,42275.0,42292.41873398423
20181204121100,42275.0,42267.20638722181
20181204121200,42275.0,42258.71047079563
20181204121300,42287.5,42258.71047079563
20181204121400,42287.5,42267.069371044636
20181204121500,42287.5,42271.31778597832
20181204121600,42275.0,42271.31778597832
20181204121700,42275.0,42262.95888572931
20181204121800,42262.5,42258.71047079563
20181204121900,42275.0,42250.35248398781
20181204122000,42275.0,42254.46159914136
20181204122100,42250.0,42258.71047079563
20181204122200,42225.0,42241.99632406235
20181204122300,42225.0,42216.788087785244
20181204122400,42237.5,42208.286690711975
20181204122500,42225.0,42216.641480475664
20181204122600,42225.0,42212.5378459692
20181204122700,42225.0,42208.286690711975
20181204122800,42212.5,42208.286690711975
20181204122900,42212.5,42199.93372783065
20181204123000,42237.5,42195.68211585283
20181204123100,42225.0,42212.39032521844
20181204123200,42212.5,42212.5378459692
20181204123300,42225.0,42199.93372783065
20181204123400,42225.0,42204.03553545475
20181204123500,42212.5,42208.286690711975
20181204123600,42225.0,42199.93372783065
20181204123700,42237.5,42204.03553545475
20181204123800,42225.0,42216.641480475664
20181204123900,42225.0,42212.5378459692
20181204124000,42225.0,42208.286690711975
20181204124100,42225.0,42208.286690711975
20181204124200,42225.0,42208.286690711975
20181204124300,42225.0,42208.286690711975
20181204124400,42212.5,42208.286690711975
20181204124500,42237.5,42199.93372783065
20181204124600,42225.0,42212.39032521844
20181204124700,42225.0,42212.5378459692
20181204124800,42225.0,42208.286690711975
20181204124900,42212.5,42208.286690711975
20181204125000,42237.5,42199.93372783065
20181204125100,42237.5,42212.39032521844
20181204125200,42237.5,42220.8921790123
20181204125300,42212.5,42220.8921790123
20181204125400,42225.0,42204.18442636728
20181204125500,42225.0,42204.03553545475
20181204125600,42237.5,42208.286690711975
20181204125700,42225.0,42216.641480475664
20181204125800,42225.0,42212.5378459692
20181204125900,42225.0,42208.286690711975
20181204130000,42225.0,42208.286690711975
20181204130100,42225.0,42208.286690711975
20181204130200,42225.0,42208.286690711975
20181204130300,42225.0,42208.286690711975
20181204130400,42237.5,42208.286690711975
20181204130500,42237.5,42216.641480475664
20181204130600,42212.5,42220.8921790123
20181204130700,42225.0,42204.18442636728
20181204130800,42237.5,42204.03553545475
20181204130900,42212.5,42216.641480475664
20181204131000,42162.5,42204.18442636728
20181204131100,42175.0,42162.28168234229
20181204131200,42175.0,42153.61906290054
20181204131300,42175.0,42157.87204504013
20181204131400,42150.0,42157.87204504013
20181204131500,42125.0,42141.17616713047
20181204131600,42125.0,42115.97752198577
20181204131700,42137.5,42107.46744722128
20181204131800,42125.0,42115.812645852566
20181204131900,42125.0,42111.72316968441
20181204132000,42137.5,42107.46744722128
20181204132100,42112.5,42115.812645852566
20181204132200,42087.5,42103.379341214895
20181204132300,42075.0,42078.18480655551
20181204132400,42087.5,42061.33227348328
20181204132500,42075.0,42065.41444212198
20181204132600,42075.0,42061.33227348328
20181204132700,42062.5,42057.07472413778
20181204132800,42087.5,42048.736376315355
20181204132900,42087.5,42061.1564360559
20181204133000,42075.0,42069.671534746885
20181204133100,42075.0,42061.33227348328
20181204133200,42062.5,42057.07472413778
20181204133300,42062.5,42048.736376315355
20181204133400,42075.0,42044.47837024927
20181204133500,42062.5,42052.8167180717
20181204133600,42075.0,42048.736376315355
20181204133700,42062.5,42052.8167180717
20181204133800,42037.5,42048.736376315355
20181204133900,42025.0,42027.80578508973
20181204134000,42025.0,42010.95416545868
20181204134100,42025.0,42006.69478923082
20181204134200,42012.5,42006.69478923082
20181204134300,42012.5,41998.36192205548
20181204134400,42025.0,41994.10208910704
20181204134500,42012.5,42002.43495628238
20181204134600,42050.0,41998.36192205548
20181204134700,42037.5,42019.104801118374
20181204134800,42050.0,42023.54732230306
20181204134900,42050.0,42027.624010294676
20181204135000,42062.5,42031.88292980194
20181204135100,42062.5,42040.2199074626
20181204135200,42075.0,42044.47837024927
20181204135300,42062.5,42052.8167180717
20181204135400,42075.0,42048.736376315355
20181204135500,42062.5,42052.8167180717
20181204135600,42087.5,42048.736376315355
20181204135700,42075.0,42061.1564360559
20181204135800,42075.0,42061.33227348328
20181204135900,42075.0,42057.07472413778
20181204140000,42075.0,42057.07472413778
20181204140100,42075.0,42057.07472413778
20181204140200,42062.5,42057.07472413778
20181204140300,42062.5,42048.736376315355
20181204140400,42037.5,42044.47837024927
20181204140500,42037.5,42027.80578508973
20181204140600,42025.0,42019.28840279579
20181204140700,42062.5,42010.95416545868
20181204140800,42062.5,42031.70206844807
20181204140900,42062.5,42044.47837024927
20181204141000,42075.0,42044.47837024927
20181204141100,42087.5,42052.8167180717
20181204141200,42075.0,42065.41444212198
20181204141300,42075.0,42061.33227348328
20181204141400,42075.0,42057.07472413778
20181204141500,42075.0,42057.07472413778
20181204141600,42050.0,42057.07472413778
20181204141700,42012.5,42040.3993986547
20181204141800,42025.0,42006.8802177906
20181204141900,42012.5,42002.43495628238
20181204142000,42012.5,41998.36192205548
20181204142100,42000.0,41994.10208910704
20181204142200,41987.5,41985.77059209347
20181204142300,41975.0,41973.180175572634
20181204142400,41987.5,41960.59067249298
20181204142500,42000.0,41964.65822607279
20181204142600,42025.0,41977.2495560348
20181204142700,42000.0,41998.17466661334
20181204142800,41962.5,41990.030425041914
20181204142900,41975.0,41956.524489074945
20181204143000,41975.0,41952.067809551954
20181204143100,41975.0,41956.32946938276
20181204143200,41975.0,41956.32946938276
20181204143300,41975.0,41956.32946938276
20181204143400,41975.0,41956.32946938276
20181204143500,41987.5,41956.32946938276
20181204143600,41962.5,41964.65822607279
20181204143700,41950.0,41952.26374268532
20181204143800,41912.5,41935.41486337781
20181204143900,41912.5,41906.18428885937
20181204144000,41937.5,41893.39542724192
20181204144100,41975.0,41910.039239004254
20181204144200,41975.0,41943.542663007975
20181204144300,41987.5,41956.32946938276
20181204144400,42000.0,41964.65822607279
20181204144500,41975.0,41977.2495560348
20181204144600,41975.0,41964.85141888261
20181204144700,41962.5,41956.32946938276
20181204144800,41962.5,41948.002311214805
20181204144900,41975.0,41943.740651383996
20181204145000,41987.5,41952.067809551954
20181204145100,41975.0,41964.65822607279
20181204145200,41962.5,41960.59067249298
20181204145300,41937.5,41948.002311214805
20181204145400,41937.5,41927.09067389369
20181204145500,41950.0,41918.56552734971
20181204145600,41987.5,41926.889945194125
20181204145700,41975.0,41956.13399296999
20181204145800,41987.5,41960.59067249298
20181204145900,41987.5,41964.65822607279
20181204150000,42012.5,41968.919429183006
20181204150100,42037.5,41985.58059632778
20181204150200,42025.0,42010.76919361949
20181204150300,42037.5,42010.95416545868
20181204150400,42037.5,42015.029026567936
20181204150500,42075.0,42019.28840279579
20181204150600,42087.5,42044.29979249835
20181204150700,42087.5,42065.41444212198
20181204150800,42112.5,42069.671534746885
20181204150900,42112.5,42086.35553792119
20181204151000,42137.5,42094.868353009224
20181204151100,42162.5,42111.556923389435
20181204151200,42200.0,42136.76150590181
20181204151300,42225.0,42170.31950801611
20181204151400,42212.5,42199.783923476934
20181204151500,42225.0,42199.93372783065
20181204151600,42225.0,42204.03553545475
20181204151700,42225.0,42208.286690711975
20181204151800,42225.0,42208.286690711975
20181204151900,42200.0,42208.286690711975
20181204153000,42150.0,42191.5816783905
20181204153500,42150.0,42149.682131409645
20181205090000,41100.0,42132.66837596893
20181205090100,41212.5,41436.905708909035
20181205090200,41275.0,41152.70081683993
20181205090300,41312.5,41232.2451017797
20181205090400,41312.5,41278.28961648047
20181205090500,41262.5,41291.115929186344
20181205090600,41275.0,41258.22816453874
20181205090700,41275.0,41249.34860281646
20181205090800,41387.5,41253.6235075444
20181205090900,41500.0,41327.678467705846
20181205091000,41500.0,41440.405102074146
20181205091100,41537.5,41478.88107150793
20181205091200,41562.5,41503.669353201985
20181205091300,41575.0,41533.02598260343
20181205091400,41550.0,41549.84311982989
20181205091500,41625.0,41537.574691325426
20181205091600,41637.5,41578.67292203009
20181205091700,41587.5,41612.5896781683
20181205091800,41562.5,41583.746402710676
20181205091900,41575.0,41550.11623874307
20181205092000,41550.0,41549.84311982989
20181205092100,41537.5,41537.574691325426
20181205092200,41550.0,41520.76257802546
20181205092300,41600.0,41524.75705631077
20181205092400,41675.0,41562.11794242263
20181205092500,41687.5,41628.89917045832
20181205092600,41687.5,41662.81752511859
20181205092700,41637.5,41667.08786264062
20181205092800,41575.0,41633.94273594022
20181205092900,41525.0,41575.47222413123
20181205093000,41512.5,41521.040949225426
20181205093100,41437.5,41495.688389241695
20181205093200,41425.0,41441.87734089792
20181205093300,41487.5,41407.99072831869
20181205093400,41487.5,41444.975961744785
20181205093500,41500.0,41466.3486585021
20181205093600,41512.5,41474.60730858147
20181205093700,41550.0,41487.14177682996
20181205093800,41550.0,41516.209987178445
20181205093900,41562.5,41529.02990579605
20181205094000,41562.5,41537.299060449004
20181205094100,41550.0,41541.57190993428
20181205094200,41487.5,41533.302526921034
20181205094300,41487.5,41487.71199248731
20181205094400,41487.5,41466.3486585021
20181205094500,41500.0,41466.3486585021
20181205094600,41487.5,41474.60730858147
20181205094700,41512.5,41470.622193068266
20181205094800,41525.0,41482.8680139035
20181205094900,41487.5,41499.6783003211
20181205095000,41487.5,41479.16766367853
20181205095100,41462.5,41466.3486585021
20181205095200,41425.0,41449.83683899045
20181205095300,41450.0,41416.53779745102
20181205095400,41462.5,41420.21439820528
20181205095500,41487.5,41437.01577857137
20181205095600,41437.5,41457.80067592859
20181205095700,41425.0,41433.33278372884
20181205095800,41437.5,41407.99072831869
20181205095900,41425.0,41411.96465417743
20181205100000,41362.5,41407.99072831869
20181205100100,41325.0,41362.50729486346
20181205100200,41375.0,41316.440857574344
20181205100300,41412.5,41336.54843829572
20181205100400,41437.5,41378.37194129825
20181205100500,41437.5,41407.68997780979
20181205100600,41437.5,41416.23910218477
20181205100700,41412.5,41416.23910218477
20181205100800,41387.5,41399.74463805556
20181205100900,41412.5,41374.711325764656
20181205101000,41425.0,41382.64730274677
20181205101100,41400.0,41399.44228902459
20181205101200,41375.0,41387.22706846893
20181205101300,41362.5,41362.19809502363
20181205101400,41362.5,41345.412699878216
20181205101500,41362.5,41341.13825187087
20181205101600,41375.0,41341.13825187087
20181205101700,41375.0,41349.3747510016
20181205101800,41387.5,41353.64942736924
20181205101900,41387.5,41361.88843846321
20181205102000,41400.0,41366.162886470556
20181205102100,41387.5,41374.40418116748
20181205102200,41375.0,41370.4373344779
20181205102300,41400.0,41357.92387537658
20181205102400,41425.0,41370.12927643955
20181205102500,41437.5,41395.16761265695
20181205102600,41412.5,41411.96465417743
20181205102700,41387.5,41399.74463805556
20181205102800,41425.0,41374.711325764656
20181205102900,41425.0,41390.89247956872
20181205103000,41412.5,41403.71673703194
20181205103100,41425.0,41395.47064676881
20181205103200,41437.5,41399.44228902459
20181205103300,41425.0,41411.96465417743
20181205103400,41437.5,41407.99072831869
20181205103500,41400.0,41411.96465417743
20181205103600,41387.5,41391.50060303509
20181205103700,41375.0,41370.4373344779
20181205103800,41412.5,41357.92387537658
20181205103900,41400.0,41378.37194129825
20181205104000,41400.0,41382.953077182174
20181205104100,41375.0,41378.67862917483
20181205104200,41387.5,41362.19809502363
20181205104300,41400.0,41361.88843846321
20181205104400,41400.0,41374.40418116748
20181205104500,41412.5,41378.67862917483
20181205104600,41412.5,41386.92220747471
20181205104700,41437.5,41391.196655482054
20181205104800,41412.5,41407.68997780979
20181205104900,41437.5,41399.74463805556
20181205105000,41437.5,41407.68997780979
20181205105100,41450.0,41416.23910218477
20181205105200,41487.5,41424.48907457292
20181205105300,41500.0,41453.52599956095
20181205105400,41525.0,41474.60730858147
20181205105500,41525.0,41495.40476575494
20181205105600,41537.5,41503.95160652697
20181205105700,41550.0,41512.21665069461
20181205105800,41612.5,41524.75705631077
20181205105900,41637.5,41570.394632965326
20181205110000,41600.0,41608.317970484495
20181205110100,41587.5,41592.02240817249
20181205110200,41587.5,41570.93310654163
20181205110300,41587.5,41566.66117049754
20181205110400,41637.5,41566.66117049754
20181205110500,41687.5,41599.77318495512
20181205110600,41675.0,41650.00422894955
20181205110700,41650.0,41658.798840641975
20181205110800,41625.0,41637.956396490335
20181205110900,41587.5,41612.850465625525
20181205111000,41575.0,41579.47583682835
20181205111100,41587.5,41558.38790535927
20181205111200,41575.0,41562.389006093144
20181205111300,41550.0,41558.38790535927
20181205111400,41525.0,41537.574691325426
20181205111500,41550.0,41512.49707713723
20181205111600,41587.5,41520.483750104904
20181205111700,41587.5,41553.84307876229
20181205111800,41575.0,41566.66117049754
20181205111900,41562.5,41558.38790535927
20181205112000,41575.0,41545.84430269897
20181205112100,41587.5,41549.84311982989
20181205112200,41562.5,41562.389006093144
20181205112300,41575.0,41550.11623874307
20181205112400,41587.5,41549.84311982989
20181205112500,41562.5,41562.389006093144
20181205112600,41575.0,41550.11623874307
20181205112700,41575.0,41549.84311982989
20181205112800,41575.0,41554.115740954876
20181205112900,41575.0,41554.115740954876
20181205113000,41562.5,41554.115740954876
20181205113100,41562.5,41545.84430269897
20181205113200,41512.5,41541.57190993428
20181205113300,41475.0,41508.50533917546
20181205113400,41475.0,41466.63799099624
20181205113500,41487.5,41453.81830073893
20181205113600,41475.0,41462.07489557564
20181205113700,41475.0,41458.0916069448
20181205113800,41487.5,41453.81830073893
20181205113900,41487.5,41462.07489557564
20181205114000,41487.5,41466.3486585021
20181205114100,41512.5,41466.3486585021
20181205114200,41500.0,41482.8680139035
20181205114300,41487.5,41483.154149353504
20181205114400,41475.0,41470.622193068266
20181205114500,41500.0,41458.0916069448
20181205114600,41487.5,41470.33331729472
20181205114700,41500.0,41470.622193068266
20181205114800,41487.5,41474.60730858147
20181205114900,41525.0,41470.622193068266
20181205115000,41525.0,41491.13077446818
20181205115100,41512.5,41503.95160652697
20181205115200,41525.0,41495.688389241695
20181205115300,41525.0,41499.6783003211
20181205115400,41525.0,41503.95160652697
20181205115500,41537.5,41503.95160652697
20181205115600,41562.5,41512.21665069461
20181205115700,41575.0,41533.02598260343
20181205115800,41550.0,41549.84311982989
20181205115900,41525.0,41537.574691325426
20181205120000,41512.5,41512.49707713723
20181205120100,41525.0,41495.688389241695
20181205120200,41525.0,41499.6783003211
20181205120300,41512.5,41503.95160652697
20181205120400,41525.0,41495.688389241695
20181205120500,41525.0,41499.6783003211
20181205120600,41525.0,41503.95160652697
20181205120700,41537.5,41503.95160652697
20181205120800,41562.5,41512.21665069461
20181205120900,41587.5,41533.02598260343
20181205121000,41550.0,41558.116156607866
20181205121100,41537.5,41541.84617064893
20181205121200,41525.0,41520.76257802546
20181205121300,41525.0,41508.22445601225
20181205121400,41537.5,41503.95160652697
20181205121500,41562.5,41512.21665069461
20181205121600,41587.5,41533.02598260343
20181205121700,41575.0,41558.116156607866
20181205121800,41575.0,41558.38790535927
20181205121900,41575.0,41554.115740954876
20181205122000,41562.5,41554.115740954876
20181205122100,41562.5,41545.84430269897
20181205122200,41575.0,41541.57190993428
20181205122300,41587.5,41549.84311982989
20181205122400,41587.5,41562.389006093144
20181205122500,41562.5,41566.66117049754
20181205122600,41562.5,41550.11623874307
20181205122700,41575.0,41541.57190993428
20181205122800,41587.5,41549.84311982989
20181205122900,41575.0,41562.389006093144
20181205123000,41575.0,41558.38790535927
20181205123100,41587.5,41554.115740954876
20181205123200,41575.0,41562.389006093144
20181205123300,41587.5,41558.38790535927
20181205123400,41550.0,41562.389006093144
20181205123500,41525.0,41541.84617064893
20181205123600,41537.5,41512.49707713723
20181205123700,41537.5,41512.21665069461
20181205123800,41525.0,41516.48972854018
20181205123900,41525.0,41508.22445601225
20181205124000,41525.0,41503.95160652697
20181205124100,41525.0,41503.95160652697
20181205124200,41512.5,41503.95160652697
20181205124300,41525.0,41495.688389241695
20181205124400,41525.0,41499.6783003211
20181205124500,41537.5,41503.95160652697
20181205124600,41525.0,41512.21665069461
20181205124700,41537.5,41508.22445601225
20181205124800,41550.0,41512.21665069461
20181205124900,41562.5,41524.75705631077
20181205125000,41550.0,41537.299060449004
20181205125100,41525.0,41533.302526921034
20181205125200,41550.0,41512.49707713723
20181205125300,41562.5,41520.483750104904
20181205125400,41525.0,41537.299060449004
20181205125500,41537.5,41516.769241541624
20181205125600,41512.5,41512.21665069461
20181205125700,41475.0,41499.96101036668
20181205125800,41487.5,41466.63799099624
20181205125900,41487.5,41462.07489557564
20181205130000,41475.0,41466.3486585021
20181205130100,41462.5,41458.0916069448
20181205130200,41412.5,41445.56353278458
20181205130300,41425.0,41408.2912504673
20181205130400,41437.5,41399.44228902459
20181205130500,41475.0,41411.96465417743
20181205130600,41475.0,41440.99518507719
20181205130700,41462.5,41453.81830073893
20181205130800,41487.5,41445.56353278458
20181205130900,41462.5,41457.80067592859
20181205131000,41437.5,41449.83683899045
20181205131100,41412.5,41424.78662803769
20181205131200,41437.5,41399.74463805556
20181205131300,41425.0,41407.68997780979
20181205131400,41425.0,41407.99072831869
20181205131500,41437.5,41403.71673703194
20181205131600,41425.0,41411.96465417743
20181205131700,41437.5,41407.99072831869
20181205131800,41437.5,41411.96465417743
20181205131900,41437.5,41416.23910218477
20181205132000,41412.5,41416.23910218477
20181205132100,41425.0,41399.74463805556
20181205132200,41412.5,41399.44228902459
20181205132300,41362.5,41395.47064676881
20181205132400,41312.5,41358.23421701789
20181205132500,41337.5,41308.212807774544
20181205132600,41325.0,41307.57225714624
20181205132700,41275.0,41307.89264664054
20181205132800,41250.0,41270.72084285319
20181205132900,41275.0,41237.19024397433
20181205133000,41262.5,41245.07301300764
20181205133100,41275.0,41245.40596231818
20181205133200,41325.0,41249.34860281646
20181205133300,41325.0,41286.5160677582
20181205133400,41312.5,41303.6177419126
20181205133500,41325.0,41295.39037719369
20181205133600,41325.0,41299.34283718467
20181205133700,41350.0,41303.6177419126
20181205133800,41375.0,41320.079093798995
20181205133900,41362.5,41345.099617913365
20181205134000,41337.5,41345.412699878216
20181205134100,41287.5,41324.6711909771
20181205134200,41275.0,41283.21557641029
20181205134300,41275.0,41257.898412272334
20181205134400,41287.5,41253.6235075444
20181205134500,41287.5,41261.84356473386
20181205134600,41275.0,41266.118697822094
20181205134700,41275.0,41257.898412272334
20181205134800,41287.5,41253.6235075444
20181205134900,41262.5,41261.84356473386
20181205135000,41287.5,41249.68041032553
20181205135100,41325.0,41257.56820328534
20181205135200,41325.0,41290.792114287615
20181205135300,41300.0,41303.6177419126
20181205135400,41275.0,41287.16506771743
20181205135500,41237.5,41262.17286027968
20181205135600,41212.5,41228.97658087313
20181205135700,41187.5,41199.735045060515
20181205135800,41187.5,41174.77754838765
20181205135900,41175.0,41166.22888073325
20181205140000,41175.0,41158.02891924977
20181205140100,41162.5,41153.75401452184
20181205140200,41175.0,41145.55656500161
20181205140300,41175.0,41149.47956651449
20181205140400,41212.5,41153.75401452184
20181205140500,41225.0,41178.36029306054
20181205140600,41225.0,41199.39341805875
20181205140700,41225.0,41203.668551146984
20181205140800,41237.5,41203.668551146984
20181205140900,41237.5,41211.87833212316
20181205141000,41225.0,41216.153236851096
20181205141100,41187.5,41207.94299915433
20181205141200,41175.0,41179.0515396744
20181205141300,41175.0,41158.02891924977
20181205141400,41187.5,41153.75401452184
20181205141500,41162.5,41161.953976005316
20181205141600,41175.0,41149.83055628836
20181205141700,41175.0,41149.47956651449
20181205141800,41175.0,41153.75401452184
20181205141900,41187.5,41153.75401452184
20181205142000,41200.0,41161.953976005316
20181205142100,41250.0,41174.43112581968
20181205142200,41250.0,41211.53898872435
20181205142300,41212.5,41228.64089123905
20181205142400,41250.0,41204.00903634727
20181205142500,41250.0,41215.81503525376
20181205142600,41237.5,41228.64089123905
20181205142700,41237.5,41220.42814157903
20181205142800,41212.5,41216.153236851096
20181205142900,41212.5,41199.735045060515
20181205143000,41225.0,41191.18592068553
20181205143100,41225.0,41199.39341805875
20181205143200,41212.5,41203.668551146984
20181205143300,41225.0,41195.46059705317
20181205143400,41237.5,41199.39341805875
20181205143500,41225.0,41211.87833212316
20181205143600,41225.0,41207.94299915433
20181205143700,41212.5,41203.668551146984
20181205143800,41237.5,41195.46059705317
20181205143900,41225.0,41207.602970674634
20181205144000,41237.5,41207.94299915433
20181205144100,41225.0,41211.87833212316
20181205144200,41212.5,41207.94299915433
20181205144300,41262.5,41195.46059705317
20181205144400,41275.0,41224.02915507555
20181205144500,41262.5,41249.34860281646
20181205144600,41275.0,41245.40596231818
20181205144700,41287.5,41249.34860281646
20181205144800,41325.0,41261.84356473386
20181205144900,41312.5,41290.792114287615
20181205145000,41300.0,41295.39037719369
20181205145100,41325.0,41282.89061971009
20181205145200,41337.5,41295.06747573614
20181205145300,41325.0,41311.84739023447
20181205145400,41312.5,41307.89264664054
20181205145500,41287.5,41295.39037719369
20181205145600,41262.5,41274.66782219708
20181205145700,41287.5,41249.68041032553
20181205145800,41287.5,41257.56820328534
20181205145900,41275.0,41266.118697822094
20181205150000,41262.5,41257.898412272334
20181205150100,41275.0,41245.40596231818
20181205150200,41262.5,41249.34860281646
20181205150300,41225.0,41245.40596231818
20181205150400,41212.5,41216.491666808724
20181205150500,41237.5,41195.46059705317
20181205150600,41262.5,41207.602970674634
20181205150700,41275.0,41232.580791413784
20181205150800,41275.0,41249.34860281646
20181205150900,41262.5,41253.6235075444
20181205151000,41262.5,41245.40596231818
20181205151100,41275.0,41241.131057590246
20181205151200,41287.5,41249.34860281646
20181205151300,41275.0,41261.84356473386
20181205151400,41300.0,41257.898412272334
20181205151500,41312.5,41270.065677165985
20181205151600,41275.0,41286.84079609811
20181205151700,41262.5,41266.446851566434
20181205151800,41275.0,41245.40596231818
20181205151900,41312.5,41249.34860281646
20181205153000,41450.0,41278.28961648047
20181205153500,41450.0,41381.72792419791
20181206090000,40787.5,41428.76329421997
20181206090100,40850.0,40994.39712129533
20181206090200,40875.0,40809.08182822168
20181206090300,40887.5,40846.6870598495
20181206090400,40850.0,40863.36010172963
20181206090500,40850.0,40843.23973283172
20181206090600,40862.5,40830.43191730976
20181206090700,40912.5,40838.55811841786
20181206090800,40950.0,40875.36066360772
20181206090900,40962.5,40916.87793545425
20181206091000,41012.5,40937.844379246235
20181206091100,41037.5,40974.74329248071
20181206091200,41037.5,41008.168617263436
20181206091300,41037.5,41016.71545803547
20181206091400,41037.5,41016.71545803547
20181206091500,41025.0,41016.71545803547
20181206091600,41025.0,41008.54769535363
20181206091700,41037.5,41004.27484586835
20181206091800,41025.0,41012.4421518296
20181206091900,40950.0,41008.54769535363
20181206092000,40875.0,40955.320335924625
20181206092100,40875.0,40880.84473609924
20181206092200,40887.5,40855.22773489356
20181206092300,40912.5,40863.36010172963
20181206092400,40937.5,40883.903850615025
20181206092500,40937.5,40908.73141027987
20181206092600,40937.5,40917.27505400777
20181206092700,40937.5,40917.27505400777
20181206092800,40887.5,40917.27505400777
20181206092900,40850.0,40884.710647538304
20181206093000,40825.0,40843.23973283172
20181206093100,40837.5,40814.186822623014
20181206093200,40837.5,40813.76960836351
20181206093300,40862.5,40818.03903244436
20181206093400,40850.0,40834.288009256124
20181206093500,40850.0,40834.70134139061
20181206093600,40862.5,40830.43191730976
20181206093700,40887.5,40838.55811841786
20181206093800,40887.5,40859.089079126716
20181206093900,40887.5,40867.63066761196
20181206094000,40887.5,40867.63066761196
20181206094100,40875.0,40867.63066761196
20181206094200,40875.0,40859.497844055295
20181206094300,40912.5,40855.22773489356
20181206094400,40937.5,40879.63237129152
20181206094500,40925.0,40908.73141027987
20181206094600,40937.5,40909.13035571575
20181206094700,40937.5,40913.00334632397
20181206094800,40925.0,40917.27505400777
20181206094900,40912.5,40909.13035571575
20181206095000,40912.5,40896.71714678407
20181206095100,40887.5,40892.44635254145
20181206095200,40875.0,40876.17111429572
20181206095300,40875.0,40859.497844055295
20181206095400,40875.0,40855.22773489356
20181206095500,40875.0,40855.22773489356
20181206095600,40887.5,40855.22773489356
20181206095700,40875.0,40863.36010172963
20181206095800,40875.0,40859.497844055295
20181206095900,40887.5,40855.22773489356
20181206100000,40875.0,40863.36010172963
20181206100100,40850.0,40859.497844055295
20181206100200,40850.0,40838.97030875087
20181206100300,40837.5,40830.43191730976
20181206100400,40837.5,40822.307999804616
20181206100500,40837.5,40818.03903244436
20181206100600,40837.5,40818.03903244436
20181206100700,40837.5,40818.03903244436
20181206100800,40825.0,40818.03903244436
20181206100900,40812.5,40809.91831198335
20181206101000,40775.0,40797.53182120621
20181206101100,40762.5,40768.92832405865
20181206101200,40762.5,40748.022167384624
20181206101300,40762.5,40743.75479854643
20181206101400,40787.5,40743.75479854643
20181206101500,40775.0,40759.96632426977
20181206101600,40787.5,40760.394271463156
20181206101700,40800.0,40764.23414982855
20181206101800,40837.5,40776.61287635565
20181206101900,40812.5,40805.23030348122
20181206102000,40775.0,40801.80033184588
20181206102100,40750.0,40768.92832405865
20181206102200,40725.0,40739.91948738694
20181206102300,40737.5,40715.19240625203
20181206102400,40737.5,40714.75600972772
20181206102500,40725.0,40719.02223676443
20181206102600,40725.0,40710.9268642962
20181206102700,40737.5,40706.661093980074
20181206102800,40737.5,40714.75600972772
20181206102900,40775.0,40719.02223676443
20181206103000,40775.0,40743.323654308915
20181206103100,40775.0,40756.12667426467
20181206103200,40762.5,40756.12667426467
20181206103300,40775.0,40748.022167384624
20181206103400,40775.0,40751.85907706618
20181206103500,40750.0,40756.12667426467
20181206103600,40725.0,40739.91948738694
20181206103700,40712.5,40715.19240625203
20181206103800,40725.0,40698.569375276566
20181206103900,40712.5,40702.395095303655
20181206104000,40725.0,40698.569375276566
20181206104100,40725.0,40702.395095303655
20181206104200,40725.0,40706.661093980074
20181206104300,40725.0,40706.661093980074
20181206104400,40725.0,40706.661093980074
20181206104500,40737.5,40706.661093980074
20181206104600,40725.0,40714.75600972772
20181206104700,40750.0,40710.9268642962
20181206104800,40800.0,40722.85320907831
20181206104900,40812.5,40763.806887716055
20181206105000,40825.0,40788.99479992688
20181206105100,40825.0,40801.380605623126
20181206105200,40850.0,40805.649572983384
20181206105300,40900.0,40821.89238406718
20181206105400,40862.5,40862.95225024223
20181206105500,40850.0,40855.63649982214
20181206105600,40812.5,40834.70134139061
20181206105700,40825.0,40806.06815740466
20181206105800,40812.5,40801.380605623126
20181206105900,40825.0,40797.53182120621
20181206110000,40825.0,40801.380605623126
20181206110100,40812.5,40805.649572983384
20181206110200,40812.5,40797.53182120621
20181206110300,40825.0,40793.26353892684
20181206110400,40812.5,40801.380605623126
20181206110500,40812.5,40797.53182120621
20181206110600,40787.5,40793.26353892684
20181206110700,40712.5,40777.0376265049
20181206110800,40725.0,40719.89320293069
20181206110900,40725.0,40702.395095303655
20181206111000,40712.5,40706.661093980074
20181206111100,40725.0,40698.569375276566
20181206111200,40725.0,40702.395095303655
20181206111300,40712.5,40706.661093980074
20181206111400,40725.0,40698.569375276566
20181206111500,40712.5,40702.395095303655
20181206111600,40737.5,40698.569375276566
20181206111700,40700.0,40710.48932597041
20181206111800,40675.0,40694.74434033036
20181206111900,40675.0,40665.78208915889
20181206112000,40650.0,40657.25420229137
20181206112100,40625.0,40641.099309921265
20181206112200,40625.0,40616.43183082342
20181206112300,40612.5,40607.90782608092
20181206112400,40625.0,40599.84236881137
20181206112500,40612.5,40603.64525280893
20181206112600,40637.5,40599.84236881137
20181206112700,40625.0,40611.712765321136
20181206112800,40637.5,40612.16971427202
20181206112900,40625.0,40615.975795313716
20181206113000,40625.0,40612.16971427202
20181206113100,40637.5,40607.90782608092
20181206113200,40637.5,40615.975795313716
20181206113300,40612.5,40620.238596946
20181206113400,40625.0,40604.10402864218
20181206113500,40612.5,40603.64525280893
20181206113600,40612.5,40599.84236881137
20181206113700,40612.5,40595.580937340856
20181206113800,40637.5,40595.580937340856
20181206113900,40637.5,40611.712765321136
20181206114000,40637.5,40620.238596946
20181206114100,40625.0,40620.238596946
20181206114200,40612.5,40612.16971427202
20181206114300,40612.5,40599.84236881137
20181206114400,40637.5,40595.580937340856
20181206114500,40625.0,40611.712765321136
20181206114600,40625.0,40612.16971427202
20181206114700,40612.5,40607.90782608092
20181206114800,40625.0,40599.84236881137
20181206114900,40625.0,40603.64525280893
20181206115000,40625.0,40607.90782608092
20181206115100,40612.5,40607.90782608092
20181206115200,40612.5,40599.84236881137
20181206115300,40625.0,40595.580937340856
20181206115400,40637.5,40603.64525280893
20181206115500,40625.0,40615.975795313716
20181206115600,40625.0,40612.16971427202
20181206115700,40625.0,40607.90782608092
20181206115800,40612.5,40607.90782608092
20181206115900,40625.0,40599.84236881137
20181206120000,40625.0,40603.64525280893
20181206120100,40625.0,40607.90782608092
20181206120200,40625.0,40607.90782608092
20181206120300,40612.5,40607.90782608092
20181206120400,40600.0,40599.84236881137
20181206120500,40625.0,40587.518905475736
20181206120600,40625.0,40599.382907897234
20181206120700,40625.0,40607.90782608092
20181206120800,40637.5,40607.90782608092
20181206120900,40625.0,40615.975795313716
20181206121000,40612.5,40612.16971427202
20181206121100,40637.5,40599.84236881137
20181206121200,40625.0,40611.712765321136
20181206121300,40625.0,40612.16971427202
20181206121400,40637.5,40607.90782608092
20181206121500,40612.5,40615.975795313716
20181206121600,40625.0,40604.10402864218
20181206121700,40637.5,40603.64525280893
20181206121800,40625.0,40615.975795313716
20181206121900,40625.0,40612.16971427202
20181206122000,40625.0,40607.90782608092
20181206122100,40625.0,40607.90782608092
20181206122200,40625.0,40607.90782608092
20181206122300,40625.0,40607.90782608092
20181206122400,40637.5,40607.90782608092
20181206122500,40625.0,40615.975795313716
20181206122600,40650.0,40612.16971427202
20181206122700,40662.5,40624.04673323035
20181206122800,40687.5,40640.648298338056
20181206122900,40725.0,40661.07124462724
20181206123000,40725.0,40693.86286959052
20181206123100,40725.0,40706.661093980074
20181206123200,40725.0,40706.661093980074
20181206123300,40737.5,40706.661093980074
20181206123400,40737.5,40714.75600972772
20181206123500,40775.0,40719.02223676443
20181206123600,40762.5,40743.323654308915
20181206123700,40737.5,40748.022167384624
20181206123800,40737.5,40727.554005756974
20181206123900,40700.0,40719.02223676443
20181206124000,40662.5,40694.74434033036
20181206124100,40687.5,40657.702016830444
20181206124200,40700.0,40661.07124462724
20181206124300,40675.0,40677.68491283059
20181206124400,40675.0,40665.78208915889
20181206124500,40650.0,40657.25420229137
20181206124600,40637.5,40641.099309921265
20181206124700,40650.0,40624.50117021799
20181206124800,40687.5,40628.31021994352
20181206124900,40650.0,40656.805931031704
20181206125000,40662.5,40645.36211155355
20181206125100,40675.0,40640.648298338056
20181206125200,40687.5,40652.99003049731
20181206125300,40662.5,40665.33564478159
20181206125400,40662.5,40653.43875847757
20181206125500,40687.5,40644.91178505123
20181206125600,40675.0,40661.07124462724
20181206125700,40687.5,40661.517917364836
20181206125800,40687.5,40665.33564478159
20181206125900,40675.0,40669.60004493594
20181206130000,40675.0,40661.517917364836
20181206130100,40662.5,40657.25420229137
20181206130200,40675.0,40649.17550012469
20181206130300,40675.0,40652.99003049731
20181206130400,40687.5,40657.25420229137
20181206130500,40662.5,40665.33564478159
20181206130600,40662.5,40653.43875847757
20181206130700,40675.0,40644.91178505123
20181206130800,40675.0,40652.99003049731
20181206130900,40675.0,40657.25420229137
20181206131000,40675.0,40657.25420229137
20181206131100,40662.5,40657.25420229137
20181206131200,40650.0,40649.17550012469
20181206131300,40675.0,40636.836279928684
20181206131400,40675.0,40648.72563034296
20181206131500,40687.5,40657.25420229137
20181206131600,40687.5,40665.33564478159
20181206131700,40675.0,40669.60004493594
20181206131800,40662.5,40661.517917364836
20181206131900,40662.5,40649.17550012469
20181206132000,40637.5,40644.91178505123
20181206132100,40625.0,40628.76374348998
20181206132200,40612.5,40612.16971427202
20181206132300,40612.5,40599.84236881137
20181206132400,40625.0,40595.580937340856
20181206132500,40637.5,40603.64525280893
20181206132600,40625.0,40615.975795313716
20181206132700,40637.5,40612.16971427202
20181206132800,40637.5,40615.975795313716
20181206132900,40625.0,40620.238596946
20181206133000,40637.5,40612.16971427202
20181206133100,40625.0,40615.975795313716
20181206133200,40637.5,40612.16971427202
20181206133300,40625.0,40615.975795313716
20181206133400,40625.0,40612.16971427202
20181206133500,40612.5,40607.90782608092
20181206133600,40612.5,40599.84236881137
20181206133700,40587.5,40595.580937340856
20181206133800,40562.5,40579.46007065475
20181206133900,40575.0,40554.8316411674
20181206134000,40562.5,40554.363502562046
20181206134100,40525.0,40550.57226493955
20181206134200,40512.5,40522.17748910189
20181206134300,40537.5,40501.36701539159
20181206134400,40512.5,40513.18557411432
20181206134500,40525.0,40505.62410801649
20181206134600,40512.5,40505.14637827873
20181206134700,40525.0,40501.36701539159
20181206134800,40525.0,40505.14637827873
20181206134900,40525.0,40509.404384344816
20181206135000,40525.0,40509.404384344816
20181206135100,40525.0,40509.404384344816
20181206135200,40525.0,40509.404384344816
20181206135300,40525.0,40509.404384344816
20181206135400,40525.0,40509.404384344816
20181206135500,40525.0,40509.404384344816
20181206135600,40537.5,40509.404384344816
20181206135700,40562.5,40517.44449362159
20181206135800,40575.0,40537.7932228148
20181206135900,40575.0,40554.363502562046
20181206140000,40562.5,40558.62379223108
20181206140100,40562.5,40550.57226493955
20181206140200,40537.5,40546.31288871169
20181206140300,40537.5,40530.219653621316
20181206140400,40525.0,40521.70318476856
20181206140500,40525.0,40513.66193369031
20181206140600,40525.0,40509.404384344816
20181206140700,40550.0,40509.404384344816
20181206140800,40575.0,40525.4875715822
20181206140900,40575.0,40550.10321289301
20181206141000,40562.5,40558.62379223108
20181206141100,40575.0,40550.57226493955
20181206141200,40612.5,40554.363502562046
20181206141300,40600.0,40582.795272767544
20181206141400,40575.0,40587.518905475736
20181206141500,40575.0,40567.143914848566
20181206141600,40587.5,40558.62379223108
20181206141700,40550.0,40566.67805984616
20181206141800,40525.0,40546.78239747882
20181206141900,40537.5,40517.91993975639
20181206142000,40537.5,40517.44449362159
20181206142100,40525.0,40521.70318476856
20181206142200,40525.0,40513.66193369031
20181206142300,40525.0,40509.404384344816
20181206142400,40537.5,40509.404384344816
20181206142500,40537.5,40517.44449362159
20181206142600,40537.5,40521.70318476856
20181206142700,40525.0,40521.70318476856
20181206142800,40525.0,40513.66193369031
20181206142900,40500.0,40509.404384344816
20181206143000,40475.0,40493.332386761904
20181206143100,40475.0,40468.76150406897
20181206143200,40475.0,40460.2505158633
20181206143300,40475.0,40460.2505158633
20181206143400,40475.0,40460.2505158633
20181206143500,40475.0,40460.2505158633
20181206143600,40475.0,40460.2505158633
20181206143700,40475.0,40460.2505158633
20181206143800,40475.0,40460.2505158633
20181206143900,40462.5,40460.2505158633
20181206144000,40500.0,40452.227533608675
20181206144100,40537.5,40472.04829379916
20181206144200,40512.5,40508.92688296735
20181206144300,40525.0,40505.62410801649
20181206144400,40512.5,40505.14637827873
20181206144500,40512.5,40501.36701539159
20181206144600,40537.5,40497.109922766685
20181206144700,40525.0,40513.18557411432
20181206144800,40525.0,40513.66193369031
20181206144900,40525.0,40509.404384344816
20181206145000,40537.5,40509.404384344816
20181206145100,40537.5,40517.44449362159
20181206145200,40562.5,40521.70318476856
20181206145300,40612.5,40537.7932228148
20181206145400,40625.0,40578.53292785585
20181206145500,40600.0,40603.64525280893
20181206145600,40612.5,40591.780108585954
20181206145700,40612.5,40591.31927751005
20181206145800,40625.0,40595.580937340856
20181206145900,40625.0,40603.64525280893
20181206150000,40675.0,40607.90782608092
20181206150100,40750.0,40640.196373313665
20181206150200,40725.0,40705.78350536525
20181206150300,40737.5,40715.19240625203
20181206150400,40712.5,40714.75600972772
20181206150500,40700.0,40702.83423215151
20181206150600,40687.5,40686.21508330107
20181206150700,40650.0,40673.86467345059
20181206150800,40612.5,40645.36211155355
20181206150900,40600.0,40608.365231752396
20181206151000,40575.0,40587.518905475736
20181206151100,40575.0,40567.143914848566
20181206151200,40537.5,40558.62379223108
20181206151300,40525.0,40534.477888047695
20181206151400,40537.5,40513.66193369031
20181206151500,40512.5,40517.44449362159
20181206151600,40500.0,40505.62410801649
20181206151700,40487.5,40489.07575085759
20181206151800,40487.5,40476.788825169206
20181206151900,40475.0,40472.53287434578
20181206153000,40500.0,40464.506009966135
20181206153500,40500.0,40476.305386424065
20181207090000,41000.0,40484.81911495328
20181207090100,41075.0,40808.3088286221
20181207090200,41087.5,41028.408646956086
20181207090300,41087.5,41062.23428733647
20181207090400,41062.5,41066.50805026293
20181207090500,41075.0,41050.15265755355
20181207090600,41025.0,41049.78202879429
20181207090700,40975.0,41021.36487364769
20181207090800,40987.5,40971.628914773464
20181207090900,40962.5,40962.697971984744
20181207091000,40975.0,40950.65995901823
20181207091100,40950.0,40950.26969127357
20181207091200,40962.5,40938.23715895414
20181207091300,40962.5,40937.844379246235
20181207091400,41012.5,40942.11654365063
20181207091500,41062.5,40974.74329248071
20181207091600,41087.5,41024.5098516345
20181207091700,41112.5,41057.96006768942
20181207091800,41162.5,41082.873034104705
20181207091900,41187.5,41124.18181300163
20181207092000,41175.0,41157.67907127738
20181207092100,41187.5,41158.02891924977
20181207092200,41187.5,41161.953976005316
20181207092300,41162.5,41166.22888073325
20181207092400,41137.5,41149.83055628836
20181207092500,41125.0,41124.894753843546
20181207092600,41112.5,41108.15685763955
20181207092700,41125.0,41095.695693045855
20181207092800,41125.0,41099.60841834545
20181207092900,41100.0,41103.8828663528
20181207093000,41087.5,41087.51103170216
20181207093100,41137.5,41070.78204154968
20181207093200,41112.5,41099.246923998
20181207093300,41125.0,41099.969455972314
20181207093400,41112.5,41099.60841834545
20181207093500,41125.0,41095.695693045855
20181207093600,41087.5,41099.60841834545
20181207093700,41075.0,41079.32865396142
20181207093800,41050.0,41058.32932628691
20181207093900,41012.5,41037.70587965846
20181207094000,41050.0,41004.654609039426
20181207094100,41037.5,41016.337978467345
20181207094200,41050.0,41020.98876424134
20181207094300,41062.5,41024.885961040854
20181207094400,41062.5,41037.33251057565
20181207094500,41075.0,41041.60627350211
20181207094600,41075.0,41049.78202879429
20181207094700,41075.0,41054.05579172075
20181207094800,41087.5,41054.05579172075
20181207094900,41075.0,41062.23428733647
20181207095000,41100.0,41058.32932628691
20181207095100,41125.0,41070.41506655514
20181207095200,41125.0,41095.333970338106
20181207095300,41125.0,41103.8828663528
20181207095400,41100.0,41103.8828663528
20181207095500,41075.0,41087.51103170216
20181207095600,41062.5,41062.60263249278
20181207095700,41100.0,41045.87957970798
20181207095800,41112.5,41066.14016182721
20181207095900,41125.0,41087.14748211205
20181207100000,41150.0,41099.60841834545
20181207100100,41175.0,41120.26360705495
20181207100200,41175.0,41145.20443342626
20181207100300,41175.0,41153.75401452184
20181207100400,41212.5,41153.75401452184
20181207100500,41225.0,41178.36029306054
20181207100600,41237.5,41199.39341805875
20181207100700,41225.0,41211.87833212316
20181207100800,41262.5,41207.94299915433
20181207100900,41275.0,41228.30520160496
20181207101000,41300.0,41249.34860281646
20181207101100,41325.0,41270.065677165985
20181207101200,41312.5,41295.06747573614
20181207101300,41287.5,41295.39037719369
20181207101400,41287.5,41274.66782219708
20181207101500,41287.5,41266.118697822094
20181207101600,41262.5,41266.118697822094
20181207101700,41275.0,41249.68041032553
20181207101800,41275.0,41249.34860281646
20181207101900,41275.0,41253.6235075444
20181207102000,41287.5,41253.6235075444
20181207102100,41287.5,41261.84356473386
20181207102200,41275.0,41266.118697822094
20181207102300,41262.5,41257.898412272334
20181207102400,41337.5,41245.40596231818
20181207102500,41362.5,41290.467614308
20181207102600,41387.5,41332.58798569441
20181207102700,41375.0,41357.61330537498
20181207102800,41362.5,41357.92387537658
20181207102900,41325.0,41345.412699878216
20181207103000,41325.0,41316.440857574344
20181207103100,41337.5,41303.6177419126
20181207103200,41300.0,41311.84739023447
20181207103300,41262.5,41291.43905900419
20181207103400,41275.0,41253.95440161228
20181207103500,41275.0,41249.34860281646
20181207103600,41287.5,41253.6235075444
20181207103700,41275.0,41261.84356473386
20181207103800,41275.0,41257.898412272334
20181207103900,41275.0,41253.6235075444
20181207104000,41262.5,41253.6235075444
20181207104100,41275.0,41245.40596231818
20181207104200,41275.0,41249.34860281646
20181207104300,41225.0,41253.6235075444
20181207104400,41200.0,41220.76520137489
20181207104500,41200.0,41187.25492656231
20181207104600,41225.0,41178.70603054762
20181207104700,41212.5,41195.11828497052
20181207104800,41237.5,41195.46059705317
20181207104900,41212.5,41207.602970674634
20181207105000,41212.5,41199.735045060515
20181207105100,41150.0,41191.18592068553
20181207105200,41125.0,41150.18154606223
20181207105300,41075.0,41112.43062056601
20181207105400,41050.0,41071.14855982363
20181207105500,41050.0,41037.70587965846
20181207105600,41062.5,41029.15949560702
20181207105700,41050.0,41037.33251057565
20181207105800,41025.0,41033.43280181289
20181207105900,41012.5,41012.820544838905
20181207110000,41025.0,40996.10982351005
20181207110100,41025.0,41000.00153966248
20181207110200,40987.5,41004.27484586835
20181207110300,40975.0,40979.78685796261
20181207110400,41000.0,40958.814020082355
20181207110500,41025.0,40970.85637189448
20181207110600,41025.0,40995.72823345661
20181207110700,41025.0,41004.27484586835
20181207110800,41050.0,41004.27484586835
20181207110900,41062.5,41020.612198114395
20181207111000,41037.5,41037.33251057565
20181207111100,41012.5,41025.261613726616
20181207111200,41037.5,41000.38221627474
20181207111300,41062.5,41008.168617263436
20181207111400,41062.5,41033.0582909286
20181207111500,41037.5,41041.60627350211
20181207111600,41012.5,41025.261613726616
20181207111700,41012.5,41000.38221627474
20181207111800,41025.0,40991.83697402477
20181207111900,41012.5,41000.00153966248
20181207112000,41012.5,40996.10982351005
20181207112100,41012.5,40991.83697402477
20181207112200,41012.5,40991.83697402477
20181207112300,41025.0,40991.83697402477
20181207112400,41050.0,41000.00153966248
20181207112500,41062.5,41020.612198114395
20181207112600,41062.5,41037.33251057565
20181207112700,41050.0,41041.60627350211
20181207112800,41025.0,41033.43280181289
20181207112900,40962.5,41012.820544838905
20181207113000,40912.5,40963.47348354757
20181207113100,40950.0,40909.52861607075
20181207113200,40975.0,40916.87793545425
20181207113300,40937.5,40945.99707014859
20181207113400,40925.0,40930.08857853711
20181207113500,40962.5,40909.13035571575
20181207113600,40987.5,40929.29959371686
20181207113700,40975.0,40958.425122499466
20181207113800,40975.0,40958.814020082355
20181207113900,40975.0,40954.54208403826
20181207114000,40975.0,40954.54208403826
20181207114100,40975.0,40954.54208403826
20181207114200,40962.5,40954.54208403826
20181207114300,40975.0,40946.388479694724
20181207114400,40962.5,40950.26969127357
20181207114500,40975.0,40946.388479694724
20181207114600,40987.5,40950.26969127357
20181207114700,40962.5,40962.697971984744
20181207114800,40962.5,40950.65995901823
20181207114900,40962.5,40942.11654365063
20181207115000,40962.5,40942.11654365063
20181207115100,40975.0,40942.11654365063
20181207115200,40962.5,40950.26969127357
20181207115300,40912.5,40946.388479694724
20181207115400,40937.5,40909.52861607075
20181207115500,40912.5,40908.73141027987
20181207115600,40912.5,40900.98771266639
20181207115700,40925.0,40892.44635254145
20181207115800,40925.0,40900.58785378933
20181207115900,40925.0,40904.85910475254
20181207120000,40912.5,40904.85910475254
20181207120100,40925.0,40896.71714678407
20181207120200,40912.5,40900.58785378933
20181207120300,40925.0,40896.71714678407
20181207120400,40912.5,40900.58785378933
20181207120500,40887.5,40896.71714678407
20181207120600,40862.5,40876.17111429572
20181207120700,40875.0,40851.367304101586
20181207120800,40862.5,40850.95739737153
20181207120900,40862.5,40847.09788002074
20181207121000,40887.5,40842.828227579594
20181207121100,40925.0,40859.089079126716
20181207121200,40962.5,40892.04421006143
20181207121300,40975.0,40929.29959371686
20181207121400,40987.5,40950.26969127357
20181207121500,40962.5,40962.697971984744
20181207121600,40937.5,40950.65995901823
20181207121700,40912.5,40925.81755593419
20181207121800,40937.5,40900.98771266639
20181207121900,40962.5,40908.73141027987
20181207122000,40962.5,40933.57221484184
20181207122100,40962.5,40942.11654365063
20181207122200,40950.0,40942.11654365063
20181207122300,40950.0,40933.96590799093
20181207122400,41000.0,40929.69420030713
20181207122500,41012.5,40962.309531122446
20181207122600,40987.5,40987.564124539495
20181207122700,40975.0,40975.51492191851
20181207122800,40987.5,40958.814020082355
20181207122900,40975.0,40962.697971984744
20181207123000,40962.5,40958.814020082355
20181207123100,40975.0,40946.388479694724
20181207123200,40987.5,40950.26969127357
20181207123300,41062.5,40962.697971984744
20181207123400,41062.5,41015.96004217863
20181207123500,41075.0,41041.60627350211
20181207123600,41075.0,41049.78202879429
20181207123700,41075.0,41054.05579172075
20181207123800,41075.0,41054.05579172075
20181207123900,41087.5,41054.05579172075
20181207124000,41075.0,41062.23428733647
20181207124100,41075.0,41058.32932628691
20181207124200,41075.0,41054.05579172075
20181207124300,41075.0,41054.05579172075
20181207124400,41075.0,41054.05579172075
20181207124500,41087.5,41054.05579172075
20181207124600,41062.5,41062.23428733647
20181207124700,41075.0,41050.15265755355
20181207124800,41062.5,41049.78202879429
20181207124900,41087.5,41045.87957970798
20181207125000,41062.5,41057.96006768942
20181207125100,41075.0,41050.15265755355
20181207125200,41087.5,41049.78202879429
20181207125300,41062.5,41062.23428733647
20181207125400,41075.0,41050.15265755355
20181207125500,41100.0,41049.78202879429
20181207125600,41137.5,41070.41506655514
20181207125700,41125.0,41103.522285446525
20181207125800,41137.5,41108.15685763955
20181207125900,41137.5,41112.072094902396
20181207130000,41175.0,41116.34654290974
20181207130100,41175.0,41140.92930033803
20181207130200,41162.5,41153.75401452184
20181207130300,41162.5,41145.55656500161
20181207130400,41175.0,41141.28234535456
20181207130500,41175.0,41149.47956651449
20181207130600,41187.5,41153.75401452184
20181207130700,41175.0,41161.953976005316
20181207130800,41162.5,41158.02891924977
20181207130900,41175.0,41145.55656500161
20181207131000,41162.5,41149.47956651449
20181207131100,41175.0,41145.55656500161
20181207131200,41162.5,41149.47956651449
20181207131300,41175.0,41145.55656500161
20181207131400,41175.0,41149.47956651449
20181207131500,41187.5,41153.75401452184
20181207131600,41175.0,41161.953976005316
20181207131700,41162.5,41158.02891924977
20181207131800,41175.0,41145.55656500161
20181207131900,41175.0,41149.47956651449
20181207132000,41175.0,41153.75401452184
20181207132100,41187.5,41153.75401452184
20181207132200,41162.5,41161.953976005316
20181207132300,41175.0,41149.83055628836
20181207132400,41162.5,41149.47956651449
20181207132500,41162.5,41145.55656500161
20181207132600,41162.5,41141.28234535456
20181207132700,41162.5,41141.28234535456
20181207132800,41175.0,41141.28234535456
20181207132900,41175.0,41149.47956651449
20181207133000,41175.0,41153.75401452184
20181207133100,41162.5,41153.75401452184
20181207133200,41162.5,41145.55656500161
20181207133300,41175.0,41141.28234535456
20181207133400,41175.0,41149.47956651449
20181207133500,41150.0,41153.75401452184
20181207133600,41137.5,41137.36139908433
20181207133700,41187.5,41120.62076255679
20181207133800,41225.0,41149.12766329944
20181207133900,41225.0,41190.8426951617
20181207134000,41225.0,41203.668551146984
20181207134100,41225.0,41203.668551146984
20181207134200,41250.0,41203.668551146984
20181207134300,41275.0,41220.090625062585
20181207134400,41262.5,41245.07301300764
20181207134500,41287.5,41245.40596231818
20181207134600,41275.0,41257.56820328534
20181207134700,41275.0,41257.898412272334
20181207134800,41275.0,41253.6235075444
20181207134900,41287.5,41253.6235075444
20181207135000,41262.5,41261.84356473386
20181207135100,41262.5,41249.68041032553
20181207135200,41287.5,41241.131057590246
20181207135300,41262.5,41257.56820328534
20181207135400,41287.5,41249.68041032553
20181207135500,41275.0,41257.56820328534
20181207135600,41262.5,41257.898412272334
20181207135700,41262.5,41245.40596231818
20181207135800,41287.5,41241.131057590246
20181207135900,41262.5,41257.56820328534
20181207140000,41262.5,41249.68041032553
20181207140100,41275.0,41241.131057590246
20181207140200,41250.0,41249.34860281646
20181207140300,41212.5,41237.19024397433
20181207140400,41162.5,41204.00903634727
20181207140500,41200.0,41158.37808214128
20181207140600,41212.5,41165.880631282926
20181207140700,41212.5,41186.911015957594
20181207140800,41212.5,41191.18592068553
20181207140900,41212.5,41191.18592068553
20181207141000,41237.5,41191.18592068553
20181207141100,41275.0,41207.602970674634
20181207141200,41287.5,41240.797651559114
20181207141300,41287.5,41261.84356473386
20181207141400,41275.0,41266.118697822094
20181207141500,41262.5,41257.898412272334
20181207141600,41262.5,41245.40596231818
20181207141700,41287.5,41241.131057590246
20181207141800,41287.5,41257.56820328534
20181207141900,41275.0,41266.118697822094
20181207142000,41275.0,41257.898412272334
20181207142100,41275.0,41253.6235075444
20181207142200,41300.0,41253.6235075444
20181207142300,41312.5,41270.065677165985
20181207142400,41325.0,41286.84079609811
20181207142500,41312.5,41299.34283718467
20181207142600,41300.0,41295.39037719369
20181207142700,41250.0,41282.89061971009
20181207142800,41225.0,41245.73799818754
20181207142900,41212.5,41212.217447161674
20181207143000,41225.0,41195.46059705317
20181207143100,41250.0,41199.39341805875
20181207143200,41275.0,41220.090625062585
20181207143300,41275.0,41245.07301300764
20181207143400,41275.0,41253.6235075444
20181207143500,41250.0,41253.6235075444
20181207143600,41237.5,41237.19024397433
20181207143700,41225.0,41220.42814157903
20181207143800,41225.0,41207.94299915433
20181207143900,41225.0,41203.668551146984
20181207144000,41225.0,41203.668551146984
20181207144100,41212.5,41203.668551146984
20181207144200,41225.0,41195.46059705317
20181207144300,41237.5,41199.39341805875
20181207144400,41212.5,41211.87833212316
20181207144500,41212.5,41199.735045060515
20181207144600,41237.5,41191.18592068553
20181207144700,41212.5,41207.602970674634
20181207144800,41212.5,41199.735045060515
20181207144900,41237.5,41191.18592068553
20181207145000,41225.0,41207.602970674634
20181207145100,41212.5,41207.94299915433
20181207145200,41212.5,41195.46059705317
20181207145300,41212.5,41191.18592068553
20181207145400,41225.0,41191.18592068553
20181207145500,41237.5,41199.39341805875
20181207145600,41187.5,41211.87833212316
20181207145700,41150.0,41183.325074240565
20181207145800,41087.5,41141.63516201079
20181207145900,41087.5,41087.873896211386
20181207150000,41062.5,41066.50805026293
20181207150100,41062.5,41050.15265755355
20181207150200,41062.5,41041.60627350211
20181207150300,41062.5,41041.60627350211
20181207150400,41037.5,41041.60627350211
20181207150500,41012.5,41025.261613726616
20181207150600,41050.0,41000.38221627474
20181207150700,41075.0,41016.337978467345
20181207150800,41075.0,41045.50780914724
20181207150900,41075.0,41054.05579172075
20181207151000,41062.5,41054.05579172075
20181207151100,41062.5,41045.87957970798
20181207151200,41062.5,41041.60627350211
20181207151300,41075.0,41041.60627350211
20181207151400,41050.0,41049.78202879429
20181207151500,40987.5,41037.70587965846
20181207151600,40975.0,40988.330044969916
20181207151700,40987.5,40958.814020082355
20181207151800,41000.0,40962.697971984744
20181207151900,41037.5,40975.12944974005
20181207153000,40950.0,41003.89485433698
20181207153500,40950.0,40959.59090180695
20181210090000,40437.5,40929.69420030713
20181210090100,40525.0,40597.735288366675
20181210090200,40587.5,40479.596058279276
20181210090300,40525.0,40549.63416084647
20181210090400,40487.5,40530.69213107228
20181210090500,40450.0,40485.30049845576
20181210090600,40412.5,40448.46141561866
20181210090700,40425.0,40411.66069731116
20181210090800,40412.5,40406.91171661019
20181210090900,40425.0,40403.15610319376
20181210091000,40437.5,40406.91171661019
20181210091100,40437.5,40419.176034629345
20181210091200,40437.5,40423.42947348952
20181210091300,40437.5,40423.42947348952
20181210091400,40425.0,40423.42947348952
20181210091500,40387.5,40415.41745252907
20181210091600,40312.5,40387.14850321412
20181210091700,40275.0,40326.45810097456
20181210091800,40200.0,40277.06491090357
20181210091900,40150.0,40216.60264059901
20181210092000,40137.5,40159.428986907005
20181210092100,40125.0,40134.56146419048
20181210092200,40112.5,40122.40790091455
20181210092300,40087.5,40110.25890484452
20181210092400,40075.0,40090.20818583667
20181210092500,40075.0,40073.842745274305
20181210092600,40037.5,40069.611685723066
20181210092700,40025.0,40045.92843949795
20181210092800,40012.5,40025.35922843963
20181210092900,40087.5,40013.251337222755
20181210093000,40175.0,40056.35445713997
20181210093100,40250.0,40137.149699777365
20181210093200,40275.0,40214.466558396816
20181210093300,40237.5,40255.84316030145
20181210093400,40225.0,40240.45304656029
20181210093500,40237.5,40219.77662034333
20181210093600,40212.5,40223.484963178635
20181210093700,40212.5,40211.828768625855
20181210093800,40212.5,40203.34769561887
20181210093900,40187.5,40203.34769561887
20181210094000,40112.5,40187.465465441346
20181210094100,40087.5,40131.42653405666
20181210094200,40125.0,40090.20818583667
20181210094300,40162.5,40105.47018945217
20181210094400,40162.5,40141.93613156676
20181210094500,40137.5,40154.64689396322
20181210094600,40200.0,40138.79686258733
20181210094700,40225.0,40169.96712945402
20181210094800,40237.5,40207.052613049746
20181210094900,40237.5,40223.484963178635
20181210095000,40225.0,40227.72698402405
20181210095100,40225.0,40219.77662034333
20181210095200,40187.5,40215.5352845788
20181210095300,40162.5,40191.70406088233
20181210095400,40175.0,40163.12134452164
20181210095500,40175.0,40162.57716193795
20181210095600,40175.0,40166.81507229805
20181210095700,40187.5,40166.81507229805
20181210095800,40200.0,40174.749222397804
20181210095900,40212.5,40186.92585006356
20181210100000,40212.5,40199.10750165582
20181210100100,40237.5,40203.34769561887
20181210100200,40237.5,40219.24294233322
20181210100300,40262.5,40227.72698402405
20181210100400,40287.5,40243.63821595907
20181210100500,40287.5,40268.05244348943
20181210100600,40287.5,40276.54310762882
20181210100700,40262.5,40276.54310762882
20181210100800,40237.5,40260.61292178929
20181210100900,40262.5,40236.211482435465
20181210101000,40275.0,40243.63821595907
20181210101100,40300.0,40260.08769311011
20181210101200,40275.0,40280.266750603914
20181210101300,40275.0,40272.8208348155
20181210101400,40275.0,40264.33176919818
20181210101500,40275.0,40264.33176919818
20181210101600,40250.0,40264.33176919818
20181210101700,40225.0,40248.41003268957
20181210101800,40287.5,40224.017499387264
20181210101900,40287.5,40255.31678982079
20181210102000,40275.0,40276.54310762882
20181210102100,40287.5,40268.576530367136
20181210102200,40275.0,40272.297433018684
20181210102300,40262.5,40268.576530367136
20181210102400,40275.0,40256.36930242181
20181210102500,40275.0,40260.08769311011
20181210102600,40287.5,40264.33176919818
20181210102700,40337.5,40272.297433018684
20181210102800,40325.0,40308.44001695514
20181210102900,40325.0,40317.451114207506
20181210103000,40337.5,40313.203612715006
20181210103100,40287.5,40321.18503339589
20181210103200,40300.0,40293.52306574583
20181210103300,40312.5,40284.51265357435
20181210103400,40312.5,40296.731984615326
20181210103500,40325.0,40300.97880102694
20181210103600,40325.0,40308.9563395828
20181210103700,40325.0,40313.203612715006
20181210103800,40312.5,40313.203612715006
20181210103900,40325.0,40305.225617438555
20181210104000,40325.0,40308.9563395828
20181210104100,40325.0,40313.203612715006
20181210104200,40325.0,40313.203612715006
20181210104300,40337.5,40313.203612715006
20181210104400,40337.5,40321.18503339589
20181210104500,40337.5,40325.43299160898
20181210104600,40337.5,40325.43299160898
20181210104700,40375.0,40325.43299160898
20181210104800,40362.5,40349.397349357605
20181210104900,40375.0,40354.15546447039
20181210105000,40375.0,40357.89806134999
20181210105100,40375.0,40362.14853152633
20181210105200,40387.5,40362.14853152633
20181210105300,40450.0,40370.1447956264
20181210105400,40437.5,40414.426597207785
20181210105500,40425.0,40427.68336907029
20181210105600,40412.5,40415.41745252907
20181210105700,40412.5,40403.15610319376
20181210105800,40375.0,40398.904034495354
20181210105900,40375.0,40374.89902861416
20181210110000,40375.0,40362.14853152633
20181210110100,40375.0,40362.14853152633
20181210110200,40362.5,40362.14853152633
20181210110300,40387.5,40354.15546447039
20181210110400,40337.5,40365.89386872947
20181210110500,40325.0,40342.425052821636
20181210110600,40337.5,40317.451114207506
20181210110700,40325.0,40321.18503339589
20181210110800,40325.0,40317.451114207506
20181210110900,40325.0,40313.203612715006
20181210111000,40312.5,40313.203612715006
20181210111100,40312.5,40305.225617438555
20181210111200,40325.0,40300.97880102694
20181210111300,40325.0,40308.9563395828
20181210111400,40312.5,40313.203612715006
20181210111500,40325.0,40305.225617438555
20181210111600,40312.5,40308.9563395828
20181210111700,40325.0,40305.225617438555
20181210111800,40337.5,40308.9563395828
20181210111900,40312.5,40321.18503339589
20181210112000,40300.0,40309.472205489874
20181210112100,40262.5,40293.004459515214
20181210112200,40275.0,40264.85654115677
20181210112300,40275.0,40260.08769311011
20181210112400,40262.5,40264.33176919818
20181210112500,40262.5,40256.36930242181
20181210112600,40262.5,40252.12568305433
20181210112700,40275.0,40252.12568305433
20181210112800,40275.0,40260.08769311011
20181210112900,40262.5,40264.33176919818
20181210113000,40262.5,40256.36930242181
20181210113100,40287.5,40252.12568305433
20181210113200,40287.5,40268.05244348943
20181210113300,40287.5,40276.54310762882
20181210113400,40275.0,40276.54310762882
20181210113500,40262.5,40268.576530367136
20181210113600,40262.5,40256.36930242181
20181210113700,40275.0,40252.12568305433
20181210113800,40287.5,40260.08769311011
20181210113900,40262.5,40272.297433018684
20181210114000,40262.5,40260.61292178929
20181210114100,40262.5,40252.12568305433
20181210114200,40275.0,40252.12568305433
20181210114300,40275.0,40260.08769311011
20181210114400,40287.5,40264.33176919818
20181210114500,40275.0,40272.297433018684
20181210114600,40275.0,40268.576530367136
20181210114700,40287.5,40264.33176919818
20181210114800,40275.0,40272.297433018684
20181210114900,40275.0,40268.576530367136
20181210115000,40287.5,40264.33176919818
20181210115100,40275.0,40272.297433018684
20181210115200,40275.0,40268.576530367136
20181210115300,40262.5,40264.33176919818
20181210115400,40275.0,40256.36930242181
20181210115500,40275.0,40260.08769311011
20181210115600,40287.5,40264.33176919818
20181210115700,40287.5,40272.297433018684
20181210115800,40275.0,40276.54310762882
20181210115900,40287.5,40268.576530367136
20181210120000,40287.5,40272.297433018684
20181210120100,40275.0,40276.54310762882
20181210120200,40275.0,40268.576530367136
20181210120300,40287.5,40264.33176919818
20181210120400,40275.0,40272.297433018684
20181210120500,40237.5,40268.576530367136
20181210120600,40237.5,40240.45304656029
20181210120700,40225.0,40227.72698402405
20181210120800,40225.0,40219.77662034333
20181210120900,40225.0,40215.5352845788
20181210121000,40225.0,40215.5352845788
20181210121100,40225.0,40215.5352845788
20181210121200,40225.0,40215.5352845788
20181210121300,40225.0,40215.5352845788
20181210121400,40187.5,40215.5352845788
20181210121500,40175.0,40191.70406088233
20181210121600,40187.5,40171.05298265815
20181210121700,40175.0,40174.749222397804
20181210121800,40175.0,40171.05298265815
20181210121900,40162.5,40166.81507229805
20181210122000,40162.5,40158.88411924243
20181210122100,40187.5,40154.64689396322
20181210122200,40162.5,40170.51017023623
20181210122300,40175.0,40163.12134452164
20181210122400,40162.5,40162.57716193795
20181210122500,40162.5,40158.88411924243
20181210122600,40175.0,40154.64689396322
20181210122700,40175.0,40162.57716193795
20181210122800,40187.5,40166.81507229805
20181210122900,40187.5,40174.749222397804
20181210123000,40175.0,40178.98781783879
20181210123100,40200.0,40171.05298265815
20181210123200,40225.0,40182.6861128211
20181210123300,40225.0,40207.052613049746
20181210123400,40237.5,40215.5352845788
20181210123500,40225.0,40223.484963178635
20181210123600,40237.5,40219.77662034333
20181210123700,40237.5,40223.484963178635
20181210123800,40237.5,40227.72698402405
20181210123900,40225.0,40227.72698402405
20181210124000,40212.5,40219.77662034333
20181210124100,40225.0,40207.58834630251
20181210124200,40237.5,40211.29394881427
20181210124300,40225.0,40223.484963178635
20181210124400,40237.5,40219.77662034333
20181210124500,40225.0,40223.484963178635
20181210124600,40250.0,40219.77662034333
20181210124700,40287.5,40231.438295543194
20181210124800,40287.5,40263.807225599885
20181210124900,40287.5,40276.54310762882
20181210125000,40262.5,40276.54310762882
20181210125100,40262.5,40260.61292178929
20181210125200,40262.5,40252.12568305433
20181210125300,40250.0,40252.12568305433
20181210125400,40225.0,40244.16709840298
20181210125500,40225.0,40224.017499387264
20181210125600,40200.0,40215.5352845788
20181210125700,40162.5,40199.64437671006
20181210125800,40175.0,40167.35811308026
20181210125900,40175.0,40162.57716193795
20181210130000,40175.0,40166.81507229805
20181210130100,40162.5,40166.81507229805
20181210130200,40175.0,40158.88411924243
20181210130300,40175.0,40162.57716193795
20181210130400,40187.5,40166.81507229805
20181210130500,40175.0,40174.749222397804
20181210130600,40175.0,40171.05298265815
20181210130700,40175.0,40166.81507229805
20181210130800,40175.0,40166.81507229805
20181210130900,40175.0,40166.81507229805
20181210131000,40175.0,40166.81507229805
20181210131100,40162.5,40166.81507229805
20181210131200,40162.5,40158.88411924243
20181210131300,40175.0,40154.64689396322
20181210131400,40175.0,40162.57716193795
20181210131500,40175.0,40166.81507229805
20181210131600,40175.0,40166.81507229805
20181210131700,40187.5,40166.81507229805
20181210131800,40175.0,40174.749222397804
20181210131900,40162.5,40171.05298265815
20181210132000,40162.5,40158.88411924243
20181210132100,40175.0,40154.64689396322
20181210132200,40162.5,40162.57716193795
20181210132300,40162.5,40158.88411924243
20181210132400,40162.5,40154.64689396322
20181210132500,40175.0,40154.64689396322
20181210132600,40187.5,40162.57716193795
20181210132700,40175.0,40174.749222397804
20181210132800,40175.0,40171.05298265815
20181210132900,40175.0,40166.81507229805
20181210133000,40162.5,40166.81507229805
20181210133100,40187.5,40158.88411924243
20181210133200,40187.5,40170.51017023623
20181210133300,40175.0,40178.98781783879
20181210133400,40187.5,40171.05298265815
20181210133500,40175.0,40174.749222397804
20181210133600,40137.5,40171.05298265815
20181210133700,40125.0,40143.03248934448
20181210133800,40112.5,40122.40790091455
20181210133900,40125.0,40110.25890484452
20181210134000,40112.5,40113.93893100321
20181210134100,40125.0,40110.25890484452
20181210134200,40137.5,40113.93893100321
20181210134300,40125.0,40126.091124117374
20181210134400,40125.0,40122.40790091455
20181210134500,40137.5,40118.173187598586
20181210134600,40125.0,40126.091124117374
20181210134700,40125.0,40122.40790091455
20181210134800,40112.5,40118.173187598586
20181210134900,40137.5,40110.25890484452
20181210135000,40137.5,40121.855725720525
20181210135100,40175.0,40130.32629415393
20181210135200,40187.5,40154.10111285746
20181210135300,40162.5,40174.749222397804
20181210135400,40187.5,40163.12134452164
20181210135500,40187.5,40170.51017023623
20181210135600,40175.0,40178.98781783879
20181210135700,40175.0,40171.05298265815
20181210135800,40175.0,40166.81507229805
20181210135900,40175.0,40166.81507229805
20181210140000,40175.0,40166.81507229805
20181210140100,40175.0,40166.81507229805
20181210140200,40175.0,40166.81507229805
20181210140300,40150.0,40166.81507229805
20181210140400,40112.5,40150.956819951534
20181210140500,40137.5,40118.7260478735
20181210140600,40137.5,40121.855725720525
20181210140700,40125.0,40130.32629415393
20181210140800,40125.0,40122.40790091455
20181210140900,40112.5,40118.173187598586
20181210141000,40112.5,40110.25890484452
20181210141100,40112.5,40106.025333330035
20181210141200,40125.0,40106.025333330035
20181210141300,40125.0,40113.93893100321
20181210141400,40125.0,40118.173187598586
20181210141500,40125.0,40118.173187598586
20181210141600,40112.5,40118.173187598586
20181210141700,40125.0,40110.25890484452
20181210141800,40125.0,40113.93893100321
20181210141900,40125.0,40118.173187598586
20181210142000,40112.5,40118.173187598586
20181210142100,40125.0,40110.25890484452
20181210142200,40137.5,40113.93893100321
20181210142300,40137.5,40126.091124117374
20181210142400,40112.5,40130.32629415393
20181210142500,40112.5,40114.49247635901
20181210142600,40112.5,40106.025333330035
20181210142700,40112.5,40106.025333330035
20181210142800,40100.0,40106.025333330035
20181210142900,40062.5,40098.11538942158
20181210143000,40062.5,40070.173908770084
20181210143100,40062.5,40057.4841555208
20181210143200,40087.5,40057.4841555208
20181210143300,40062.5,40073.28097894788
20181210143400,40062.5,40065.94421938062
20181210143500,40075.0,40057.4841555208
20181210143600,40075.0,40065.38131125271
20181210143700,40075.0,40069.611685723066
20181210143800,40062.5,40069.611685723066
20181210143900,40062.5,40061.71407327056
20181210144000,40087.5,40057.4841555208
20181210144100,40087.5,40073.28097894788
20181210144200,40062.5,40081.74446821213
20181210144300,40075.0,40065.94421938062
20181210144400,40075.0,40065.38131125271
20181210144500,40062.5,40069.611685723066
20181210144600,40062.5,40061.71407327056
20181210144700,40075.0,40057.4841555208
20181210144800,40062.5,40065.38131125271
20181210144900,40062.5,40061.71407327056
20181210145000,40062.5,40057.4841555208
20181210145100,40112.5,40057.4841555208
20181210145200,40137.5,40089.09127563238
20181210145300,40137.5,40121.855725720525
20181210145400,40137.5,40130.32629415393
20181210145500,40112.5,40130.32629415393
20181210145600,40137.5,40114.49247635901
20181210145700,40187.5,40121.855725720525
20181210145800,40175.0,40162.03252263367
20181210145900,40175.0,40171.05298265815
20181210150000,40200.0,40166.81507229805
20181210150100,40225.0,40182.6861128211
20181210150200,40237.5,40207.052613049746
20181210150300,40237.5,40223.484963178635
20181210150400,40225.0,40227.72698402405
20181210150500,40187.5,40219.77662034333
20181210150600,40187.5,40191.70406088233
20181210150700,40212.5,40178.98781783879
20181210150800,40225.0,40194.866850972176
20181210150900,40225.0,40211.29394881427
20181210151000,40212.5,40215.5352845788
20181210151100,40225.0,40207.58834630251
20181210151200,40212.5,40211.29394881427
20181210151300,40225.0,40207.58834630251
20181210151400,40212.5,40211.29394881427
20181210151500,40212.5,40207.58834630251
20181210151600,40225.0,40203.34769561887
20181210151700,40237.5,40211.29394881427
20181210151800,40225.0,40223.484963178635
20181210151900,40225.0,40219.77662034333
20181210153000,40200.0,40215.5352845788
20181210153500,40200.0,40199.64437671006
20181211090000,40587.5,40191.16535894573
20181211090100,40625.0,40438.799491524696
20181211090200,40650.0,40595.12056298554
20181211090300,40587.5,40624.04673323035
20181211090400,40575.0,40592.240254580975
20181211090500,40562.5,40562.883853539824
20181211090600,40550.0,40550.57226493955
20181211090700,40512.5,40538.26501518488
20181211090800,40475.0,40509.8809722811
20181211090900,40475.0,40473.01676981151
20181211091000,40437.5,40460.2505158633
20181211091100,40400.0,40436.19024679065
20181211091200,40400.0,40399.40231665969
20181211091300,40375.0,40386.64748072624
20181211091400,40362.5,40370.649015158415
20181211091500,40387.5,40354.15546447039
20181211091600,40362.5,40365.89386872947
20181211091700,40375.0,40358.40433612466
20181211091800,40375.0,40357.89806134999
20181211091900,40375.0,40362.14853152633
20181211092000,40387.5,40362.14853152633
20181211092100,40375.0,40370.1447956264
20181211092200,40387.5,40366.39877334237
20181211092300,40362.5,40370.1447956264
20181211092400,40325.0,40358.40433612466
20181211092500,40375.0,40325.945660471916
20181211092600,40387.5,40345.14665082097
20181211092700,40387.5,40370.1447956264
20181211092800,40375.0,40374.39595088363
20181211092900,40350.0,40366.39877334237
20181211093000,40350.0,40346.1646810174
20181211093100,40337.5,40337.66716606915
20181211093200,40312.5,40329.68117818236
20181211093300,40312.5,40309.472205489874
20181211093400,40312.5,40300.97880102694
20181211093500,40337.5,40300.97880102694
20181211093600,40337.5,40316.936618462205
20181211093700,40325.0,40325.43299160898
20181211093800,40325.0,40317.451114207506
20181211093900,40337.5,40313.203612715006
20181211094000,40325.0,40321.18503339589
20181211094100,40312.5,40317.451114207506
20181211094200,40325.0,40305.225617438555
20181211094300,40312.5,40308.9563395828
20181211094400,40325.0,40305.225617438555
20181211094500,40325.0,40308.9563395828
20181211094600,40337.5,40313.203612715006
20181211094700,40312.5,40321.18503339589
20181211094800,40312.5,40309.472205489874
20181211094900,40325.0,40300.97880102694
20181211095000,40325.0,40308.9563395828
20181211095100,40325.0,40313.203612715006
20181211095200,40325.0,40313.203612715006
20181211095300,40312.5,40313.203612715006
20181211095400,40312.5,40305.225617438555
20181211095500,40300.0,40300.97880102694
20181211095600,40262.5,40293.004459515214
20181211095700,40262.5,40264.85654115677
20181211095800,40262.5,40252.12568305433
20181211095900,40275.0,40252.12568305433
20181211100000,40262.5,40260.08769311011
20181211100100,40275.0,40256.36930242181
20181211100200,40287.5,40260.08769311011
20181211100300,40275.0,40272.297433018684
20181211100400,40275.0,40268.576530367136
20181211100500,40312.5,40264.33176919818
20181211100600,40375.0,40288.23880851269
20181211100700,40375.0,40340.895952284336
20181211100800,40387.5,40362.14853152633
20181211100900,40375.0,40370.1447956264
20181211101000,40400.0,40366.39877334237
20181211101100,40437.5,40378.14425677061
20181211101200,40425.0,40410.66824346781
20181211101300,40412.5,40415.41745252907
20181211101400,40425.0,40403.15610319376
20181211101500,40425.0,40406.91171661019
20181211101600,40425.0,40411.16469874978
20181211101700,40387.5,40411.16469874978
20181211101800,40337.5,40387.14850321412
20181211101900,40337.5,40342.425052821636
20181211102000,40337.5,40325.43299160898
20181211102100,40362.5,40325.43299160898
20181211102200,40387.5,40341.40610918403
20181211102300,40412.5,40365.89386872947
20181211102400,40387.5,40390.399212017655
20181211102500,40362.5,40382.89780467749
20181211102600,40375.0,40358.40433612466
20181211102700,40362.5,40357.89806134999
20181211102800,40362.5,40354.15546447039
20181211102900,40375.0,40349.90545101464
20181211103000,40387.5,40357.89806134999
20181211103100,40412.5,40370.1447956264
20181211103200,40412.5,40390.399212017655
20181211103300,40412.5,40398.904034495354
20181211103400,40462.5,40398.904034495354
20181211103500,40512.5,40430.952118337154
20181211103600,40487.5,40480.07949702442
20181211103700,40437.5,40481.04500435293
20181211103800,40425.0,40440.443228930235
20181211103900,40425.0,40415.41745252907
20181211104000,40425.0,40411.16469874978
20181211104100,40462.5,40411.16469874978
20181211104200,40462.5,40435.20761243999
20181211104300,40450.0,40447.972724586725
20181211104400,40412.5,40439.95316773653
20181211104500,40412.5,40411.66069731116
20181211104600,40387.5,40398.904034495354
20181211104700,40375.0,40382.89780467749
20181211104800,40362.5,40366.39877334237
20181211104900,40362.5,40354.15546447039
20181211105000,40375.0,40349.90545101464
20181211105100,40337.5,40357.89806134999
20181211105200,40312.5,40338.177094608545
20181211105300,40337.5,40309.472205489874
20181211105400,40325.0,40316.936618462205
20181211105500,40325.0,40317.451114207506
20181211105600,40312.5,40313.203612715006
20181211105700,40325.0,40305.225617438555
20181211105800,40325.0,40308.9563395828
20181211105900,40362.5,40313.203612715006
20181211110000,40425.0,40337.15632408857
20181211110100,40425.0,40389.89864625037
20181211110200,40437.5,40411.16469874978
20181211110300,40412.5,40419.176034629345
20181211110400,40387.5,40407.40840025246
20181211110500,40387.5,40382.89780467749
20181211110600,40387.5,40374.39595088363
20181211110700,40350.0,40374.39595088363
20181211110800,40312.5,40350.41355267167
20181211110900,40312.5,40313.7185651809
20181211111000,40325.0,40300.97880102694
20181211111100,40325.0,40308.9563395828
20181211111200,40325.0,40313.203612715006
20181211111300,40312.5,40313.203612715006
20181211111400,40312.5,40305.225617438555
20181211111500,40312.5,40300.97880102694
20181211111600,40325.0,40300.97880102694
20181211111700,40312.5,40308.9563395828
20181211111800,40312.5,40305.225617438555
20181211111900,40300.0,40300.97880102694
20181211112000,40275.0,40293.004459515214
20181211112100,40262.5,40272.8208348155
20181211112200,40237.5,40256.36930242181
20181211112300,40225.0,40236.211482435465
20181211112400,40250.0,40219.77662034333
20181211112500,40287.5,40231.438295543194
20181211112600,40262.5,40263.807225599885
20181211112700,40262.5,40260.61292178929
20181211112800,40262.5,40252.12568305433
20181211112900,40275.0,40252.12568305433
20181211113000,40262.5,40260.08769311011
20181211113100,40262.5,40256.36930242181
20181211113200,40275.0,40252.12568305433
20181211113300,40262.5,40260.08769311011
20181211113400,40275.0,40256.36930242181
20181211113500,40262.5,40260.08769311011
20181211113600,40262.5,40256.36930242181
20181211113700,40262.5,40252.12568305433
20181211113800,40275.0,40252.12568305433
20181211113900,40262.5,40260.08769311011
20181211114000,40287.5,40256.36930242181
20181211114100,40262.5,40268.05244348943
20181211114200,40287.5,40260.61292178929
20181211114300,40237.5,40268.05244348943
20181211114400,40250.0,40244.6950674057
20181211114500,40262.5,40235.68122982979
20181211114600,40262.5,40247.88206368685
20181211114700,40250.0,40252.12568305433
20181211114800,40237.5,40244.16709840298
20181211114900,40250.0,40231.96900486946
20181211115000,40262.5,40235.68122982979
20181211115100,40262.5,40247.88206368685
20181211115200,40262.5,40252.12568305433
20181211115300,40275.0,40252.12568305433
20181211115400,40262.5,40260.08769311011
20181211115500,40287.5,40256.36930242181
20181211115600,40262.5,40268.05244348943
20181211115700,40262.5,40260.61292178929
20181211115800,40262.5,40252.12568305433
20181211115900,40275.0,40252.12568305433
20181211120000,40262.5,40260.08769311011
20181211120100,40262.5,40256.36930242181
20181211120200,40262.5,40252.12568305433
20181211120300,40262.5,40252.12568305433
20181211120400,40275.0,40252.12568305433
20181211120500,40275.0,40260.08769311011
20181211120600,40300.0,40264.33176919818
20181211120700,40325.0,40280.266750603914
20181211120800,40312.5,40304.7088380903
20181211120900,40312.5,40305.225617438555
20181211121000,40312.5,40300.97880102694
20181211121100,40312.5,40300.97880102694
20181211121200,40312.5,40300.97880102694
20181211121300,40325.0,40300.97880102694
20181211121400,40325.0,40308.9563395828
20181211121500,40337.5,40313.203612715006
20181211121600,40337.5,40321.18503339589
20181211121700,40325.0,40325.43299160898
20181211121800,40312.5,40317.451114207506
20181211121900,40312.5,40305.225617438555
20181211122000,40325.0,40300.97880102694
20181211122100,40312.5,40308.9563395828
20181211122200,40312.5,40305.225617438555
20181211122300,40325.0,40300.97880102694
20181211122400,40312.5,40308.9563395828
20181211122500,40325.0,40305.225617438555
20181211122600,40337.5,40308.9563395828
20181211122700,40337.5,40321.18503339589
20181211122800,40312.5,40325.43299160898
20181211122900,40325.0,40309.472205489874
20181211123000,40325.0,40308.9563395828
20181211123100,40325.0,40313.203612715006
20181211123200,40325.0,40313.203612715006
20181211123300,40325.0,40313.203612715006
20181211123400,40312.5,40313.203612715006
20181211123500,40337.5,40305.225617438555
20181211123600,40312.5,40316.936618462205
20181211123700,40325.0,40309.472205489874
20181211123800,40325.0,40308.9563395828
20181211123900,40337.5,40313.203612715006
20181211124000,40325.0,40321.18503339589
20181211124100,40312.5,40317.451114207506
20181211124200,40350.0,40305.225617438555
20181211124300,40362.5,40324.92009438574
20181211124400,40375.0,40345.65589427948
20181211124500,40362.5,40357.89806134999
20181211124600,40375.0,40354.15546447039
20181211124700,40375.0,40357.89806134999
20181211124800,40362.5,40362.14853152633
20181211124900,40375.0,40354.15546447039
20181211125000,40362.5,40357.89806134999
20181211125100,40375.0,40354.15546447039
20181211125200,40362.5,40357.89806134999
20181211125300,40337.5,40354.15546447039
20181211125400,40325.0,40333.92936475575
20181211125500,40337.5,40317.451114207506
20181211125600,40312.5,40321.18503339589
20181211125700,40312.5,40309.472205489874
20181211125800,40312.5,40300.97880102694
20181211125900,40312.5,40300.97880102694
20181211130000,40325.0,40300.97880102694
20181211130100,40312.5,40308.9563395828
20181211130200,40312.5,40305.225617438555
20181211130300,40312.5,40300.97880102694
20181211130400,40337.5,40300.97880102694
20181211130500,40325.0,40316.936618462205
20181211130600,40312.5,40317.451114207506
20181211130700,40325.0,40305.225617438555
20181211130800,40325.0,40308.9563395828
20181211130900,40312.5,40313.203612715006
20181211131000,40325.0,40305.225617438555
20181211131100,40312.5,40308.9563395828
20181211131200,40325.0,40305.225617438555
20181211131300,40312.5,40308.9563395828
20181211131400,40312.5,40305.225617438555
20181211131500,40325.0,40300.97880102694
20181211131600,40312.5,40308.9563395828
20181211131700,40337.5,40305.225617438555
20181211131800,40312.5,40316.936618462205
20181211131900,40312.5,40309.472205489874
20181211132000,40337.5,40300.97880102694
20181211132100,40312.5,40316.936618462205
20181211132200,40312.5,40309.472205489874
20181211132300,40325.0,40300.97880102694
20181211132400,40312.5,40308.9563395828
20181211132500,40325.0,40305.225617438555
20181211132600,40312.5,40308.9563395828
20181211132700,40325.0,40305.225617438555
20181211132800,40325.0,40308.9563395828
20181211132900,40325.0,40313.203612715006
20181211133000,40325.0,40313.203612715006
20181211133100,40325.0,40313.203612715006
20181211133200,40325.0,40313.203612715006
20181211133300,40325.0,40313.203612715006
20181211133400,40325.0,40313.203612715006
20181211133500,40325.0,40313.203612715006
20181211133600,40312.5,40313.203612715006
20181211133700,40325.0,40305.225617438555
20181211133800,40325.0,40308.9563395828
20181211133900,40312.5,40313.203612715006
20181211134000,40312.5,40305.225617438555
20181211134100,40337.5,40300.97880102694
20181211134200,40312.5,40316.936618462205
20181211134300,40337.5,40309.472205489874
20181211134400,40337.5,40316.936618462205
20181211134500,40325.0,40325.43299160898
20181211134600,40325.0,40317.451114207506
20181211134700,40337.5,40313.203612715006
20181211134800,40325.0,40321.18503339589
20181211134900,40325.0,40317.451114207506
20181211135000,40312.5,40313.203612715006
20181211135100,40312.5,40305.225617438555
20181211135200,40337.5,40300.97880102694
20181211135300,40325.0,40316.936618462205
20181211135400,40312.5,40317.451114207506
20181211135500,40312.5,40305.225617438555
20181211135600,40325.0,40300.97880102694
20181211135700,40337.5,40308.9563395828
20181211135800,40325.0,40321.18503339589
20181211135900,40325.0,40317.451114207506
20181211140000,40312.5,40313.203612715006
20181211140100,40337.5,40305.225617438555
20181211140200,40337.5,40316.936618462205
20181211140300,40325.0,40325.43299160898
20181211140400,40312.5,40317.451114207506
20181211140500,40325.0,40305.225617438555
20181211140600,40337.5,40308.9563395828
20181211140700,40312.5,40321.18503339589
20181211140800,40312.5,40309.472205489874
20181211140900,40337.5,40300.97880102694
20181211141000,40312.5,40316.936618462205
20181211141100,40325.0,40309.472205489874
20181211141200,40325.0,40308.9563395828
20181211141300,40325.0,40313.203612715006
20181211141400,40337.5,40313.203612715006
20181211141500,40312.5,40321.18503339589
20181211141600,40312.5,40309.472205489874
20181211141700,40325.0,40300.97880102694
20181211141800,40337.5,40308.9563395828
20181211141900,40325.0,40321.18503339589
20181211142000,40325.0,40317.451114207506
20181211142100,40312.5,40313.203612715006
20181211142200,40337.5,40305.225617438555
20181211142300,40325.0,40316.936618462205
20181211142400,40337.5,40317.451114207506
20181211142500,40312.5,40321.18503339589
20181211142600,40325.0,40309.472205489874
20181211142700,40325.0,40308.9563395828
20181211142800,40325.0,40313.203612715006
20181211142900,40312.5,40313.203612715006
20181211143000,40325.0,40305.225617438555
20181211143100,40325.0,40308.9563395828
20181211143200,40337.5,40313.203612715006
20181211143300,40312.5,40321.18503339589
20181211143400,40325.0,40309.472205489874
20181211143500,40337.5,40308.9563395828
20181211143600,40312.5,40321.18503339589
20181211143700,40312.5,40309.472205489874
20181211143800,40325.0,40300.97880102694
20181211143900,40312.5,40308.9563395828
20181211144000,40312.5,40305.225617438555
20181211144100,40275.0,40300.97880102694
20181211144200,40262.5,40277.06491090357
20181211144300,40262.5,40256.36930242181
20181211144400,40275.0,40252.12568305433
20181211144500,40250.0,40260.08769311011
20181211144600,40237.5,40248.41003268957
20181211144700,40225.0,40231.96900486946
20181211144800,40212.5,40219.77662034333
20181211144900,40225.0,40207.58834630251
20181211145000,40237.5,40211.29394881427
20181211145100,40225.0,40223.484963178635
20181211145200,40212.5,40219.77662034333
20181211145300,40212.5,40207.58834630251
20181211145400,40225.0,40203.34769561887
20181211145500,40212.5,40211.29394881427
20181211145600,40225.0,40207.58834630251
20181211145700,40237.5,40211.29394881427
20181211145800,40225.0,40223.484963178635
20181211145900,40237.5,40219.77662034333
20181211150000,40237.5,40223.484963178635
20181211150100,40225.0,40227.72698402405
20181211150200,40225.0,40219.77662034333
20181211150300,40225.0,40215.5352845788
20181211150400,40212.5,40215.5352845788
20181211150500,40237.5,40207.58834630251
20181211150600,40225.0,40219.24294233322
20181211150700,40225.0,40219.77662034333
20181211150800,40225.0,40215.5352845788
20181211150900,40212.5,40215.5352845788
20181211151000,40212.5,40207.58834630251
20181211151100,40225.0,40203.34769561887
20181211151200,40237.5,40211.29394881427
20181211151300,40212.5,40223.484963178635
20181211151400,40237.5,40211.828768625855
20181211151500,40225.0,40219.24294233322
20181211151600,40250.0,40219.77662034333
20181211151700,40237.5,40231.438295543194
20181211151800,40250.0,40231.96900486946
20181211151900,40275.0,40235.68122982979
20181211153000,40250.0,40255.84316030145
20181211153500,40250.0,40248.41003268957
20181212090000,40262.5,40239.92416411638
20181212090100,40312.5,40247.88206368685
20181212090200,40287.5,40283.99176374078
20181212090300,40250.0,40285.03331504762
20181212090400,40225.0,40252.652510255575
20181212090500,40212.5,40224.017499387264
20181212090600,40212.5,40207.58834630251
20181212090700,40250.0,40203.34769561887
20181212090800,40275.0,40227.1953612566
20181212090900,40312.5,40255.84316030145
20181212091000,40387.5,40288.23880851269
20181212091100,40387.5,40348.888562619686
20181212091200,40375.0,40374.39595088363
20181212091300,40412.5,40366.39877334237
20181212091400,40387.5,40386.14668659866
20181212091500,40387.5,40382.89780467749
20181212091600,40425.0,40374.39595088363
20181212091700,40425.0,40398.40529561043
20181212091800,40412.5,40411.16469874978
20181212091900,40412.5,40403.15610319376
20181212092000,40362.5,40398.904034495354
20181212092100,40325.0,40366.90322123468
20181212092200,40300.0,40325.945660471916
20181212092300,40275.0,40297.25059084594
20181212092400,40287.5,40272.8208348155
20181212092500,40312.5,40272.297433018684
20181212092600,40300.0,40292.48539656401
20181212092700,40275.0,40293.004459515214
20181212092800,40275.0,40272.8208348155
20181212092900,40287.5,40264.33176919818
20181212093000,40300.0,40272.297433018684
20181212093100,40325.0,40284.51265357435
20181212093200,40325.0,40304.7088380903
20181212093300,40287.5,40313.203612715006
20181212093400,40287.5,40289.278304576874
20181212093500,40300.0,40276.54310762882
20181212093600,40312.5,40284.51265357435
20181212093700,40312.5,40296.731984615326
20181212093800,40325.0,40300.97880102694
20181212093900,40350.0,40308.9563395828
20181212094000,40362.5,40329.16919440031
20181212094100,40375.0,40345.65589427948
20181212094200,40412.5,40357.89806134999
20181212094300,40425.0,40386.14668659866
20181212094400,40425.0,40406.91171661019
20181212094500,40450.0,40411.16469874978
20181212094600,40475.0,40427.19056755304
20181212094700,40487.5,40451.73929929733
20181212094800,40487.5,40468.27669516206
20181212094900,40487.5,40472.53287434578
20181212095000,40462.5,40472.53287434578
20181212095100,40487.5,40456.482342630625
20181212095200,40487.5,40464.02028761804
20181212095300,40525.0,40472.53287434578
20181212095400,40575.0,40496.629909425974
20181212095500,40550.0,40541.58240519464
20181212095600,40512.5,40542.52370633185
20181212095700,40512.5,40509.8809722811
20181212095800,40525.0,40497.109922766685
20181212095900,40525.0,40505.14637827873
20181212100000,40537.5,40509.404384344816
20181212100100,40550.0,40517.44449362159
20181212100200,40487.5,40529.74671944976
20181212100300,40462.5,40493.81171502173
20181212100400,40462.5,40456.482342630625
20181212100500,40462.5,40447.972724586725
20181212100600,40450.0,40447.972724586725
20181212100700,40487.5,40439.95316773653
20181212100800,40475.0,40459.763880074024
20181212100900,40500.0,40464.506009966135
20181212101000,40525.0,40476.305386424065
20181212101100,40512.5,40500.88814385235
20181212101200,40512.5,40501.36701539159
20181212101300,40537.5,40497.109922766685
20181212101400,40525.0,40513.18557411432
20181212101500,40525.0,40513.66193369031
20181212101600,40537.5,40509.404384344816
20181212101700,40525.0,40517.44449362159
20181212101800,40537.5,40513.66193369031
20181212101900,40500.0,40517.44449362159
20181212102000,40462.5,40497.58879430592
20181212102100,40487.5,40460.737151652575
20181212102200,40475.0,40464.02028761804
20181212102300,40475.0,40464.506009966135
20181212102400,40475.0,40460.2505158633
20181212102500,40475.0,40460.2505158633
20181212102600,40475.0,40460.2505158633
20181212102700,40487.5,40460.2505158633
20181212102800,40500.0,40468.27669516206
20181212102900,40500.0,40480.56247904897
20181212103000,40475.0,40484.81911495328
20181212103100,40487.5,40468.76150406897
20181212103200,40487.5,40468.27669516206
20181212103300,40475.0,40472.53287434578
20181212103400,40475.0,40464.506009966135
20181212103500,40475.0,40460.2505158633
20181212103600,40487.5,40460.2505158633
20181212103700,40500.0,40468.27669516206
20181212103800,40525.0,40480.56247904897
20181212103900,40525.0,40500.88814385235
20181212104000,40525.0,40509.404384344816
20181212104100,40537.5,40509.404384344816
20181212104200,40512.5,40517.44449362159
20181212104300,40525.0,40505.62410801649
20181212104400,40525.0,40505.14637827873
20181212104500,40550.0,40509.404384344816
20181212104600,40600.0,40525.4875715822
20181212104700,40625.0,40566.211976483464
20181212104800,40612.5,40599.382907897234
20181212104900,40637.5,40599.84236881137
20181212105000,40625.0,40611.712765321136
20181212105100,40625.0,40612.16971427202
20181212105200,40625.0,40607.90782608092
20181212105300,40625.0,40607.90782608092
20181212105400,40625.0,40607.90782608092
20181212105500,40637.5,40607.90782608092
20181212105600,40612.5,40615.975795313716
20181212105700,40575.0,40604.10402864218
20181212105800,40612.5,40571.40351943672
20181212105900,40637.5,40582.795272767544
20181212110000,40612.5,40611.712765321136
20181212110100,40612.5,40604.10402864218
20181212110200,40637.5,40595.580937340856
20181212110300,40637.5,40611.712765321136
20181212110400,40637.5,40620.238596946
20181212110500,40650.0,40620.238596946
20181212110600,40650.0,40628.31021994352
20181212110700,40612.5,40632.5734782964
20181212110800,40612.5,40608.365231752396
20181212110900,40625.0,40595.580937340856
20181212111000,40637.5,40603.64525280893
20181212111100,40625.0,40615.975795313716
20181212111200,40600.0,40612.16971427202
20181212111300,40562.5,40591.780108585954
20181212111400,40600.0,40559.09124575555
20181212111500,40637.5,40570.47386467457
20181212111600,40637.5,40607.44950696826
20181212111700,40625.0,40620.238596946
20181212111800,40625.0,40612.16971427202
20181212111900,40612.5,40607.90782608092
20181212112000,40625.0,40599.84236881137
20181212112100,40625.0,40603.64525280893
20181212112200,40637.5,40607.90782608092
20181212112300,40600.0,40615.975795313716
20181212112400,40562.5,40596.040626615286
20181212112500,40550.0,40559.09124575555
20181212112600,40512.5,40538.26501518488
20181212112700,40500.0,40509.8809722811
20181212112800,40475.0,40489.07575085759
20181212112900,40475.0,40468.76150406897
20181212113000,40475.0,40460.2505158633
20181212113100,40487.5,40460.2505158633
20181212113200,40462.5,40468.27669516206
20181212113300,40487.5,40456.482342630625
20181212113400,40462.5,40464.02028761804
20181212113500,40475.0,40456.482342630625
20181212113600,40462.5,40455.995021760464
20181212113700,40412.5,40452.227533608675
20181212113800,40412.5,40415.91276600957
20181212113900,40437.5,40398.904034495354
20181212114000,40425.0,40414.922139048576
20181212114100,40437.5,40415.41745252907
20181212114200,40437.5,40419.176034629345
20181212114300,40425.0,40423.42947348952
20181212114400,40425.0,40415.41745252907
20181212114500,40462.5,40411.16469874978
20181212114600,40500.0,40435.20761243999
20181212114700,40462.5,40472.04829379916
20181212114800,40475.0,40460.737151652575
20181212114900,40487.5,40455.995021760464
20181212115000,40475.0,40468.27669516206
20181212115100,40462.5,40464.506009966135
20181212115200,40462.5,40452.227533608675
20181212115300,40475.0,40447.972724586725
20181212115400,40487.5,40455.995021760464
20181212115500,40487.5,40468.27669516206
20181212115600,40487.5,40472.53287434578
20181212115700,40475.0,40472.53287434578
20181212115800,40475.0,40464.506009966135
20181212115900,40475.0,40460.2505158633
20181212120000,40487.5,40460.2505158633
20181212120100,40475.0,40468.27669516206
20181212120200,40450.0,40464.506009966135
20181212120300,40412.5,40444.20752003789
20181212120400,40462.5,40411.66069731116
20181212120500,40462.5,40430.952118337154
20181212120600,40462.5,40447.972724586725
20181212120700,40450.0,40447.972724586725
20181212120800,40437.5,40439.95316773653
20181212120900,40425.0,40427.68336907029
20181212121000,40412.5,40415.41745252907
20181212121100,40425.0,40403.15610319376
20181212121200,40425.0,40406.91171661019
20181212121300,40437.5,40411.16469874978
20181212121400,40425.0,40419.176034629345
20181212121500,40412.5,40415.41745252907
20181212121600,40412.5,40403.15610319376
20181212121700,40437.5,40398.904034495354
20181212121800,40437.5,40414.922139048576
20181212121900,40475.0,40423.42947348952
20181212122000,40475.0,40447.4835768342
20181212122100,40475.0,40460.2505158633
20181212122200,40475.0,40460.2505158633
20181212122300,40475.0,40460.2505158633
20181212122400,40475.0,40460.2505158633
20181212122500,40475.0,40460.2505158633
20181212122600,40462.5,40460.2505158633
20181212122700,40475.0,40452.227533608675
20181212122800,40475.0,40455.995021760464
20181212122900,40475.0,40460.2505158633
20181212123000,40475.0,40460.2505158633
20181212123100,40487.5,40460.2505158633
20181212123200,40450.0,40468.27669516206
20181212123300,40412.5,40448.46141561866
20181212123400,40437.5,40411.66069731116
20181212123500,40425.0,40414.922139048576
20181212123600,40437.5,40415.41745252907
20181212123700,40437.5,40419.176034629345
20181212123800,40425.0,40423.42947348952
20181212123900,40425.0,40415.41745252907
20181212124000,40437.5,40411.16469874978
20181212124100,40425.0,40419.176034629345
20181212124200,40412.5,40415.41745252907
20181212124300,40375.0,40403.15610319376
20181212124400,40362.5,40374.89902861416
20181212124500,40387.5,40354.15546447039
20181212124600,40362.5,40365.89386872947
20181212124700,40400.0,40358.40433612466
20181212124800,40412.5,40373.892644792795
20181212124900,40412.5,40394.65150907636
20181212125000,40412.5,40398.904034495354
20181212125100,40412.5,40398.904034495354
20181212125200,40412.5,40398.904034495354
20181212125300,40387.5,40398.904034495354
20181212125400,40387.5,40382.89780467749
20181212125500,40387.5,40374.39595088363
20181212125600,40387.5,40374.39595088363
20181212125700,40387.5,40374.39595088363
20181212125800,40362.5,40374.39595088363
20181212125900,40375.0,40358.40433612466
20181212130000,40375.0,40357.89806134999
20181212130100,40375.0,40362.14853152633
20181212130200,40375.0,40362.14853152633
20181212130300,40375.0,40362.14853152633
20181212130400,40375.0,40362.14853152633
20181212130500,40387.5,40362.14853152633
20181212130600,40375.0,40370.1447956264
20181212130700,40362.5,40366.39877334237
20181212130800,40362.5,40354.15546447039
20181212130900,40375.0,40349.90545101464
20181212131000,40375.0,40357.89806134999
20181212131100,40362.5,40362.14853152633
20181212131200,40362.5,40354.15546447039
20181212131300,40375.0,40349.90545101464
20181212131400,40375.0,40357.89806134999
20181212131500,40375.0,40362.14853152633
20181212131600,40362.5,40362.14853152633
20181212131700,40362.5,40354.15546447039
20181212131800,40375.0,40349.90545101464
20181212131900,40362.5,40357.89806134999
20181212132000,40375.0,40354.15546447039
20181212132100,40387.5,40357.89806134999
20181212132200,40375.0,40370.1447956264
20181212132300,40400.0,40366.39877334237
20181212132400,40425.0,40378.14425677061
20181212132500,40412.5,40402.65850611031
20181212132600,40425.0,40403.15610319376
20181212132700,40425.0,40406.91171661019
20181212132800,40425.0,40411.16469874978
20181212132900,40425.0,40411.16469874978
20181212133000,40387.5,40411.16469874978
20181212133100,40375.0,40387.14850321412
20181212133200,40412.5,40366.39877334237
20181212133300,40400.0,40386.14668659866
20181212133400,40375.0,40390.89932106435
20181212133500,40375.0,40370.649015158415
20181212133600,40387.5,40362.14853152633
20181212133700,40400.0,40370.1447956264
20181212133800,40412.5,40382.39586874843
20181212133900,40400.0,40394.65150907636
20181212134000,40375.0,40390.89932106435
20181212134100,40400.0,40370.649015158415
20181212134200,40425.0,40378.14425677061
20181212134300,40412.5,40402.65850611031
20181212134400,40362.5,40403.15610319376
20181212134500,40375.0,40366.90322123468
20181212134600,40375.0,40357.89806134999
20181212134700,40375.0,40362.14853152633
20181212134800,40375.0,40362.14853152633
20181212134900,40375.0,40362.14853152633
20181212135000,40425.0,40362.14853152633
20181212135100,40475.0,40394.15185675025
20181212135200,40537.5,40443.22785437107
20181212135300,40500.0,40500.40904395282
20181212135400,40462.5,40497.58879430592
20181212135500,40450.0,40460.737151652575
20181212135600,40425.0,40439.95316773653
20181212135700,40425.0,40419.67043466866
20181212135800,40425.0,40411.16469874978
20181212135900,40437.5,40411.16469874978
20181212140000,40462.5,40419.176034629345
20181212140100,40475.0,40439.462649822235
20181212140200,40475.0,40455.995021760464
20181212140300,40475.0,40460.2505158633
20181212140400,40475.0,40460.2505158633
20181212140500,40462.5,40460.2505158633
20181212140600,40462.5,40452.227533608675
20181212140700,40475.0,40447.972724586725
20181212140800,40462.5,40455.995021760464
20181212140900,40437.5,40452.227533608675
20181212141000,40412.5,40431.93680793047
20181212141100,40437.5,40407.40840025246
20181212141200,40425.0,40414.922139048576
20181212141300,40412.5,40415.41745252907
20181212141400,40437.5,40403.15610319376
20181212141500,40425.0,40414.922139048576
20181212141600,40412.5,40415.41745252907
20181212141700,40437.5,40403.15610319376
20181212141800,40412.5,40414.922139048576
20181212141900,40425.0,40407.40840025246
20181212142000,40412.5,40406.91171661019
20181212142100,40425.0,40403.15610319376
20181212142200,40437.5,40406.91171661019
20181212142300,40412.5,40419.176034629345
20181212142400,40425.0,40407.40840025246
20181212142500,40412.5,40406.91171661019
20181212142600,40425.0,40403.15610319376
20181212142700,40412.5,40406.91171661019
20181212142800,40400.0,40403.15610319376
20181212142900,40425.0,40390.89932106435
20181212143000,40437.5,40402.65850611031
20181212143100,40412.5,40419.176034629345
20181212143200,40400.0,40407.40840025246
20181212143300,40375.0,40390.89932106435
20181212143400,40387.5,40370.649015158415
20181212143500,40375.0,40370.1447956264
20181212143600,40387.5,40366.39877334237
20181212143700,40375.0,40370.1447956264
20181212143800,40375.0,40366.39877334237
20181212143900,40387.5,40362.14853152633
20181212144000,40375.0,40370.1447956264
20181212144100,40375.0,40366.39877334237
20181212144200,40412.5,40362.14853152633
20181212144300,40425.0,40386.14668659866
20181212144400,40425.0,40406.91171661019
20181212144500,40412.5,40411.16469874978
20181212144600,40387.5,40403.15610319376
20181212144700,40387.5,40382.89780467749
20181212144800,40375.0,40374.39595088363
20181212144900,40362.5,40366.39877334237
20181212145000,40387.5,40354.15546447039
20181212145100,40387.5,40365.89386872947
20181212145200,40412.5,40374.39595088363
20181212145300,40462.5,40390.399212017655
20181212145400,40475.0,40430.952118337154
20181212145500,40475.0,40455.995021760464
20181212145600,40475.0,40460.2505158633
20181212145700,40462.5,40460.2505158633
20181212145800,40475.0,40452.227533608675
20181212145900,40437.5,40455.995021760464
20181212150000,40450.0,40436.19024679065
20181212150100,40475.0,40431.4449198544
20181212150200,40462.5,40451.73929929733
20181212150300,40475.0,40452.227533608675
20181212150400,40462.5,40455.995021760464
20181212150500,40437.5,40452.227533608675
20181212150600,40462.5,40431.93680793047
20181212150700,40475.0,40439.462649822235
20181212150800,40475.0,40455.995021760464
20181212150900,40462.5,40460.2505158633
20181212151000,40475.0,40452.227533608675
20181212151100,40462.5,40455.995021760464
20181212151200,40475.0,40452.227533608675
20181212151300,40475.0,40455.995021760464
20181212151400,40462.5,40460.2505158633
20181212151500,40462.5,40452.227533608675
20181212151600,40475.0,40447.972724586725
20181212151700,40475.0,40455.995021760464
20181212151800,40475.0,40460.2505158633
20181212151900,40500.0,40460.2505158633
20181212153000,40450.0,40476.305386424065
20181212153500,40450.0,40452.71531119943
20181213090000,40587.5,40435.69927215576
20181213090100,40600.0,40524.06374514103
20181213090200,40587.5,40578.996727615595
20181213090300,40637.5,40575.19955262542
20181213090400,40712.5,40603.18647697568
20181213090500,40687.5,40668.70829798281
20181213090600,40687.5,40678.12930196524
20181213090700,40725.0,40669.60004493594
20181213090800,40725.0,40693.86286959052
20181213090900,40737.5,40706.661093980074
20181213091000,40675.0,40714.75600972772
20181213091100,40650.0,40678.5727776587
20181213091200,40650.0,40641.099309921265
20181213091300,40625.0,40632.5734782964
20181213091400,40625.0,40616.43183082342
20181213091500,40637.5,40607.90782608092
20181213091600,40637.5,40615.975795313716
20181213091700,40625.0,40620.238596946
20181213091800,40625.0,40612.16971427202
20181213091900,40600.0,40607.90782608092
20181213092000,40562.5,40591.780108585954
20181213092100,40575.0,40559.09124575555
20181213092200,40575.0,40554.363502562046
20181213092300,40575.0,40558.62379223108
20181213092400,40550.0,40558.62379223108
20181213092500,40537.5,40542.52370633185
20181213092600,40525.0,40525.96141919494
20181213092700,40525.0,40513.66193369031
20181213092800,40525.0,40509.404384344816
20181213092900,40525.0,40509.404384344816
20181213093000,40512.5,40509.404384344816
20181213093100,40525.0,40501.36701539159
20181213093200,40525.0,40505.14637827873
20181213093300,40512.5,40509.404384344816
20181213093400,40475.0,40501.36701539159
20181213093500,40437.5,40473.01676981151
20181213093600,40425.0,40436.19024679065
20181213093700,40425.0,40415.41745252907
20181213093800,40425.0,40411.16469874978
20181213093900,40425.0,40411.16469874978
20181213094000,40437.5,40411.16469874978
20181213094100,40425.0,40419.176034629345
20181213094200,40425.0,40415.41745252907
20181213094300,40437.5,40411.16469874978
20181213094400,40437.5,40419.176034629345
20181213094500,40400.0,40423.42947348952
20181213094600,40375.0,40399.40231665969
20181213094700,40375.0,40370.649015158415
20181213094800,40362.5,40362.14853152633
20181213094900,40375.0,40354.15546447039
20181213095000,40375.0,40357.89806134999
20181213095100,40387.5,40362.14853152633
20181213095200,40387.5,40370.1447956264
20181213095300,40362.5,40374.39595088363
20181213095400,40375.0,40358.40433612466
20181213095500,40375.0,40357.89806134999
20181213095600,40375.0,40362.14853152633
20181213095700,40362.5,40362.14853152633
20181213095800,40362.5,40354.15546447039
20181213095900,40312.5,40349.90545101464
20181213100000,40325.0,40317.96515323222
20181213100100,40300.0,40308.9563395828
20181213100200,40262.5,40297.25059084594
20181213100300,40250.0,40264.85654115677
20181213100400,40250.0,40244.16709840298
20181213100500,40275.0,40239.92416411638
20181213100600,40287.5,40255.84316030145
20181213100700,40337.5,40272.297433018684
20181213100800,40325.0,40308.44001695514
20181213100900,40325.0,40317.451114207506
20181213101000,40325.0,40313.203612715006
20181213101100,40337.5,40313.203612715006
20181213101200,40362.5,40321.18503339589
20181213101300,40362.5,40341.40610918403
20181213101400,40325.0,40349.90545101464
20181213101500,40312.5,40325.945660471916
20181213101600,40325.0,40305.225617438555
20181213101700,40337.5,40308.9563395828
20181213101800,40325.0,40321.18503339589
20181213101900,40312.5,40317.451114207506
20181213102000,40325.0,40305.225617438555
20181213102100,40337.5,40308.9563395828
20181213102200,40337.5,40321.18503339589
20181213102300,40362.5,40325.43299160898
20181213102400,40375.0,40341.40610918403
20181213102500,40387.5,40357.89806134999
20181213102600,40350.0,40370.1447956264
20181213102700,40337.5,40350.41355267167
20181213102800,40337.5,40329.68117818236
20181213102900,40337.5,40325.43299160898
20181213103000,40325.0,40325.43299160898
20181213103100,40337.5,40317.451114207506
20181213103200,40325.0,40321.18503339589
20181213103300,40300.0,40317.451114207506
20181213103400,40262.5,40297.25059084594
20181213103500,40262.5,40264.85654115677
20181213103600,40275.0,40252.12568305433
20181213103700,40275.0,40260.08769311011
20181213103800,40262.5,40264.33176919818
20181213103900,40237.5,40256.36930242181
20181213104000,40225.0,40236.211482435465
20181213104100,40225.0,40219.77662034333
20181213104200,40225.0,40215.5352845788
20181213104300,40225.0,40215.5352845788
20181213104400,40237.5,40215.5352845788
20181213104500,40237.5,40223.484963178635
20181213104600,40250.0,40227.72698402405
20181213104700,40262.5,40235.68122982979
20181213104800,40262.5,40247.88206368685
20181213104900,40287.5,40252.12568305433
20181213105000,40262.5,40268.05244348943
20181213105100,40275.0,40260.61292178929
20181213105200,40262.5,40260.08769311011
20181213105300,40262.5,40256.36930242181
20181213105400,40275.0,40252.12568305433
20181213105500,40250.0,40260.08769311011
20181213105600,40225.0,40248.41003268957
20181213105700,40225.0,40224.017499387264
20181213105800,40225.0,40215.5352845788
20181213105900,40237.5,40215.5352845788
20181213110000,40212.5,40223.484963178635
20181213110100,40225.0,40211.828768625855
20181213110200,40225.0,40211.29394881427
20181213110300,40225.0,40215.5352845788
20181213110400,40212.5,40215.5352845788
20181213110500,40237.5,40207.58834630251
20181213110600,40212.5,40219.24294233322
20181213110700,40212.5,40211.828768625855
20181213110800,40225.0,40203.34769561887
20181213110900,40225.0,40211.29394881427
20181213111000,40225.0,40215.5352845788
20181213111100,40250.0,40215.5352845788
20181213111200,40275.0,40231.438295543194
20181213111300,40275.0,40255.84316030145
20181213111400,40275.0,40264.33176919818
20181213111500,40275.0,40264.33176919818
20181213111600,40287.5,40264.33176919818
20181213111700,40275.0,40272.297433018684
20181213111800,40287.5,40268.576530367136
20181213111900,40275.0,40272.297433018684
20181213112000,40287.5,40268.576530367136
20181213112100,40287.5,40272.297433018684
20181213112200,40275.0,40276.54310762882
20181213112300,40287.5,40268.576530367136
20181213112400,40275.0,40272.297433018684
20181213112500,40250.0,40268.576530367136
20181213112600,40237.5,40248.41003268957
20181213112700,40262.5,40231.96900486946
20181213112800,40275.0,40243.63821595907
20181213112900,40287.5,40260.08769311011
20181213113000,40287.5,40272.297433018684
20181213113100,40275.0,40276.54310762882
20181213113200,40287.5,40268.576530367136
20181213113300,40337.5,40272.297433018684
20181213113400,40312.5,40308.44001695514
20181213113500,40325.0,40309.472205489874
20181213113600,40312.5,40308.9563395828
20181213113700,40325.0,40305.225617438555
20181213113800,40325.0,40308.9563395828
20181213113900,40325.0,40313.203612715006
20181213114000,40325.0,40313.203612715006
20181213114100,40325.0,40313.203612715006
20181213114200,40312.5,40313.203612715006
20181213114300,40325.0,40305.225617438555
20181213114400,40350.0,40308.9563395828
20181213114500,40362.5,40329.16919440031
20181213114600,40375.0,40345.65589427948
20181213114700,40375.0,40357.89806134999
20181213114800,40362.5,40362.14853152633
20181213114900,40400.0,40354.15546447039
20181213115000,40412.5,40373.892644792795
20181213115100,40400.0,40394.65150907636
20181213115200,40400.0,40390.89932106435
20181213115300,40412.5,40386.64748072624
20181213115400,40425.0,40394.65150907636
20181213115500,40437.5,40406.91171661019
20181213115600,40425.0,40419.176034629345
20181213115700,40437.5,40415.41745252907
20181213115800,40412.5,40419.176034629345
20181213115900,40412.5,40407.40840025246
20181213120000,40412.5,40398.904034495354
20181213120100,40425.0,40398.904034495354
20181213120200,40437.5,40406.91171661019
20181213120300,40412.5,40419.176034629345
20181213120400,40450.0,40407.40840025246
20181213120500,40500.0,40422.93575853109
20181213120600,40475.0,40467.79120117426
20181213120700,40462.5,40468.76150406897
20181213120800,40487.5,40452.227533608675
20181213120900,40525.0,40464.02028761804
20181213121000,40550.0,40496.629909425974
20181213121100,40562.5,40525.4875715822
20181213121200,40525.0,40542.053055763245
20181213121300,40500.0,40522.17748910189
20181213121400,40525.0,40493.332386761904
20181213121500,40525.0,40500.88814385235
20181213121600,40500.0,40509.404384344816
20181213121700,40462.5,40493.332386761904
20181213121800,40475.0,40460.737151652575
20181213121900,40462.5,40455.995021760464
20181213122000,40475.0,40452.227533608675
20181213122100,40500.0,40455.995021760464
20181213122200,40525.0,40476.305386424065
20181213122300,40537.5,40500.88814385235
20181213122400,40550.0,40517.44449362159
20181213122500,40575.0,40529.74671944976
20181213122600,40550.0,40550.10321289301
20181213122700,40550.0,40542.52370633185
20181213122800,40587.5,40534.00586731732
20181213122900,40575.0,40558.15611034632
20181213123000,40562.5,40562.883853539824
20181213123100,40575.0,40550.57226493955
20181213123200,40550.0,40554.363502562046
20181213123300,40537.5,40542.52370633185
20181213123400,40525.0,40525.96141919494
20181213123500,40525.0,40513.66193369031
20181213123600,40512.5,40509.404384344816
20181213123700,40537.5,40501.36701539159
20181213123800,40525.0,40513.18557411432
20181213123900,40525.0,40513.66193369031
20181213124000,40537.5,40509.404384344816
20181213124100,40487.5,40517.44449362159
20181213124200,40437.5,40489.556220918894
20181213124300,40425.0,40440.443228930235
20181213124400,40450.0,40415.41745252907
20181213124500,40475.0,40427.19056755304
20181213124600,40462.5,40451.73929929733
20181213124700,40450.0,40452.227533608675
20181213124800,40437.5,40439.95316773653
20181213124900,40412.5,40427.68336907029
20181213125000,40437.5,40407.40840025246
20181213125100,40425.0,40414.922139048576
20181213125200,40425.0,40415.41745252907
20181213125300,40437.5,40411.16469874978
20181213125400,40412.5,40419.176034629345
20181213125500,40400.0,40407.40840025246
20181213125600,40375.0,40390.89932106435
20181213125700,40350.0,40370.649015158415
20181213125800,40362.5,40346.1646810174
20181213125900,40375.0,40345.65589427948
20181213130000,40375.0,40357.89806134999
20181213130100,40375.0,40362.14853152633
20181213130200,40375.0,40362.14853152633
20181213130300,40375.0,40362.14853152633
20181213130400,40387.5,40362.14853152633
20181213130500,40387.5,40370.1447956264
20181213130600,40362.5,40374.39595088363
20181213130700,40387.5,40358.40433612466
20181213130800,40375.0,40365.89386872947
20181213130900,40387.5,40366.39877334237
20181213131000,40387.5,40370.1447956264
20181213131100,40362.5,40374.39595088363
20181213131200,40387.5,40358.40433612466
20181213131300,40387.5,40365.89386872947
20181213131400,40375.0,40374.39595088363
20181213131500,40375.0,40366.39877334237
20181213131600,40375.0,40362.14853152633
20181213131700,40387.5,40362.14853152633
20181213131800,40375.0,40370.1447956264
20181213131900,40387.5,40366.39877334237
20181213132000,40387.5,40370.1447956264
20181213132100,40375.0,40374.39595088363
20181213132200,40362.5,40366.39877334237
20181213132300,40387.5,40354.15546447039
20181213132400,40375.0,40365.89386872947
20181213132500,40362.5,40366.39877334237
20181213132600,40362.5,40354.15546447039
20181213132700,40375.0,40349.90545101464
20181213132800,40362.5,40357.89806134999
20181213132900,40362.5,40354.15546447039
20181213133000,40362.5,40349.90545101464
20181213133100,40375.0,40349.90545101464
20181213133200,40375.0,40357.89806134999
20181213133300,40387.5,40362.14853152633
20181213133400,40375.0,40370.1447956264
20181213133500,40387.5,40366.39877334237
20181213133600,40375.0,40370.1447956264
20181213133700,40387.5,40366.39877334237
20181213133800,40362.5,40370.1447956264
20181213133900,40325.0,40358.40433612466
20181213134000,40325.0,40325.945660471916
20181213134100,40300.0,40313.203612715006
20181213134200,40287.5,40297.25059084594
20181213134300,40275.0,40280.788097158074
20181213134400,40287.5,40268.576530367136
20181213134500,40275.0,40272.297433018684
20181213134600,40275.0,40268.576530367136
20181213134700,40312.5,40264.33176919818
20181213134800,40312.5,40288.23880851269
20181213134900,40312.5,40300.97880102694
20181213135000,40337.5,40300.97880102694
20181213135100,40325.0,40316.936618462205
20181213135200,40312.5,40317.451114207506
20181213135300,40325.0,40305.225617438555
20181213135400,40300.0,40308.9563395828
20181213135500,40312.5,40297.25059084594
20181213135600,40325.0,40296.731984615326
20181213135700,40325.0,40308.9563395828
20181213135800,40312.5,40313.203612715006
20181213135900,40312.5,40305.225617438555
20181213140000,40312.5,40300.97880102694
20181213140100,40325.0,40300.97880102694
20181213140200,40337.5,40308.9563395828
20181213140300,40337.5,40321.18503339589
20181213140400,40287.5,40325.43299160898
20181213140500,40287.5,40293.52306574583
20181213140600,40262.5,40276.54310762882
20181213140700,40275.0,40260.61292178929
20181213140800,40287.5,40260.08769311011
20181213140900,40275.0,40272.297433018684
20181213141000,40275.0,40268.576530367136
20181213141100,40262.5,40264.33176919818
20181213141200,40300.0,40256.36930242181
20181213141300,40337.5,40276.02084763348
20181213141400,40337.5,40312.68843188882
20181213141500,40300.0,40325.43299160898
20181213141600,40275.0,40301.496037095785
20181213141700,40287.5,40272.8208348155
20181213141800,40262.5,40272.297433018684
20181213141900,40262.5,40260.61292178929
20181213142000,40262.5,40252.12568305433
20181213142100,40300.0,40252.12568305433
20181213142200,40312.5,40276.02084763348
20181213142300,40312.5,40296.731984615326
20181213142400,40300.0,40300.97880102694
20181213142500,40262.5,40293.004459515214
20181213142600,40262.5,40264.85654115677
20181213142700,40275.0,40252.12568305433
20181213142800,40275.0,40260.08769311011
20181213142900,40287.5,40264.33176919818
20181213143000,40262.5,40272.297433018684
20181213143100,40300.0,40260.61292178929
20181213143200,40312.5,40276.02084763348
20181213143300,40312.5,40296.731984615326
20181213143400,40325.0,40300.97880102694
20181213143500,40337.5,40308.9563395828
20181213143600,40325.0,40321.18503339589
20181213143700,40300.0,40317.451114207506
20181213143800,40275.0,40297.25059084594
20181213143900,40275.0,40272.8208348155
20181213144000,40237.5,40264.33176919818
20181213144100,40237.5,40240.45304656029
20181213144200,40250.0,40227.72698402405
20181213144300,40287.5,40235.68122982979
20181213144400,40262.5,40263.807225599885
20181213144500,40225.0,40260.61292178929
20181213144600,40237.5,40228.25906351209
20181213144700,40225.0,40223.484963178635
20181213144800,40212.5,40219.77662034333
20181213144900,40237.5,40207.58834630251
20181213145000,40225.0,40219.24294233322
20181213145100,40187.5,40219.77662034333
20181213145200,40162.5,40191.70406088233
20181213145300,40187.5,40163.12134452164
20181213145400,40200.0,40170.51017023623
20181213145500,40225.0,40186.92585006356
20181213145600,40212.5,40207.052613049746
20181213145700,40212.5,40207.58834630251
20181213145800,40212.5,40203.34769561887
20181213145900,40212.5,40203.34769561887
20181213150000,40187.5,40203.34769561887
20181213150100,40162.5,40187.465465441346
20181213150200,40175.0,40163.12134452164
20181213150300,40187.5,40162.57716193795
20181213150400,40162.5,40174.749222397804
20181213150500,40187.5,40163.12134452164
20181213150600,40162.5,40170.51017023623
20181213150700,40150.0,40163.12134452164
20181213150800,40212.5,40146.72027975321
20181213150900,40262.5,40182.14512728155
20181213151000,40275.0,40235.15097722411
20181213151100,40262.5,40260.08769311011
20181213151200,40225.0,40256.36930242181
20181213151300,40237.5,40228.25906351209
20181213151400,40225.0,40223.484963178635
20181213151500,40225.0,40219.77662034333
20181213151600,40225.0,40215.5352845788
20181213151700,40225.0,40215.5352845788
20181213151800,40225.0,40215.5352845788
20181213151900,40237.5,40215.5352845788
20181213153000,40000.0,40223.484963178635
20181213153500,40000.0,40077.20329537988
20181214090000,40187.5,39996.923918649554
20181214090100,40100.0,40115.404775738716
20181214090200,40037.5,40123.51110950112
20181214090300,39950.0,40054.38462123275
20181214090400,39887.5,39978.117763251066
20181214090500,39875.0,39909.32833477855
20181214090600,39862.5,39880.41609451175
20181214090700,39775.0,39868.372715078294
20181214090800,39650.0,39809.4631806016
20181214090900,39512.5,39702.25669965148
20181214091000,39437.5,39575.311554037035
20181214091100,39462.5,39483.23063142598
20181214091200,39437.5,39473.53879213333
20181214091300,39375.0,39466.54388792813
20181214091400,39375.0,39419.92516126484
20181214091500,39387.5,39399.10384044051
20181214091600,39387.5,39406.74546100199
20181214091700,39412.5,39410.91041024774
20181214091800,39437.5,39426.207238808274
20181214091900,39437.5,39449.86045565456
20181214092000,39437.5,39458.201429620385
20181214092100,39475.0,39458.201429620385
20181214092200,39525.0,39481.21306821704
20181214092300,39537.5,39524.485974013805
20181214092400,39537.5,39548.908422514796
20181214092500,39500.0,39553.089927881956
20181214092600,39450.0,39529.99425269663
20181214092700,39425.0,39486.73093803227
20181214092800,39400.0,39454.708316363394
20181214092900,39362.5,39431.05749730021
20181214093000,39300.0,39399.79143328965
20181214093100,39287.5,39349.17879924178
20181214093200,39225.0,39320.794984698296
20181214093300,39137.5,39278.67073118687
20181214093400,39100.0,39204.99096699059
20181214093500,39100.0,39153.43726016581
20181214093600,39112.5,39141.04711562395
20181214093700,39112.5,39148.5738709569
20181214093800,39125.0,39152.70513705909
20181214093900,39112.5,39160.23760139942
20181214094000,39112.5,39156.83685988188
20181214094100,39100.0,39152.70513705909
20181214094200,39050.0,39145.17723992467
20181214094300,38987.5,39110.979828983545
20181214094400,38962.5,39057.01920464635
20181214094500,38925.0,39021.49867415428
20181214094600,38862.5,38990.898851305246
20181214094700,38812.5,38941.38851240277
20181214094800,38787.5,38891.248812526464
20181214094900,38825.0,38860.09841300547
20181214095000,38850.0,38874.104891717434
20181214095100,38875.0,38901.19458846748
20181214095200,38900.0,38924.222669005394
20181214095300,38950.0,38947.28089310229
20181214095400,39012.5,38985.267486423254
20181214095500,39012.5,39039.05181661248
20181214095600,38962.5,39059.6380405128
20181214095700,38937.5,39029.72284182906
20181214095800,38975.0,38998.353216424584
20181214095900,39025.0,39012.51794882119
20181214100000,39025.0,39054.77031245828
20181214100100,39012.5,39071.24673612416
20181214100200,39000.0,39063.75629007816
20181214100300,39050.0,39052.15353183448
20181214100400,39100.0,39077.99523957074
20181214100500,39100.0,39124.5302721858
20181214100600,39062.5,39141.04711562395
20181214100700,39050.0,39118.49105581641
20181214100800,39037.5,39098.608638346195
20181214100900,39012.5,39086.98395751417
20181214101000,39000.0,39067.87476800382
20181214101100,39025.0,39052.15353183448
20181214101200,39050.0,39063.007725030184
20181214101300,39025.0,39086.2397313118
20181214101400,39012.5,39079.48688901961
20181214101500,39012.5,39063.75629007816
20181214101600,39025.0,39059.6380405128
20181214101700,39025.0,39067.12688803673
20181214101800,39012.5,39071.24673612416
20181214101900,39012.5,39063.75629007816
20181214102000,39012.5,39059.6380405128
20181214102100,39050.0,39059.6380405128
20181214102200,39062.5,39082.11737126112
20181214102300,39075.0,39101.990654319525
20181214102400,39062.5,39113.62583972514
20181214102500,39050.0,39110.23994162679
20181214102600,39025.0,39098.608638346195
20181214102700,39012.5,39079.48688901961
20181214102800,39025.0,39063.75629007816
20181214102900,38987.5,39067.12688803673
20181214103000,38937.5,39048.78772944212
20181214103100,38925.0,39006.57121837139
20181214103200,38912.5,38982.685416564345
20181214103300,38937.5,38971.13335430622
20181214103400,38950.0,38981.92246481776
20181214103500,38975.0,38997.59369008243
20181214103600,38987.5,39016.63003265858
20181214103700,38937.5,39032.327976077795
20181214103800,38925.0,39006.57121837139
20181214103900,38912.5,38982.685416564345
20181214104000,38875.0,38971.13335430622
20181214104100,38862.5,38944.718005508184
20181214104200,38887.5,38924.99566860497
20181214104300,38862.5,38935.74801310897
20181214104400,38837.5,38929.093365743756
20181214104500,38812.5,38906.06528520584
20181214104600,38825.0,38883.067348226905
20181214104700,38875.0,38882.286812737584
20181214104800,38912.5,38916.02727472782
20181214104900,38937.5,38954.716989398
20181214105000,38937.5,38981.92246481776
20181214105100,38912.5,38990.137726441026
20181214105200,38925.0,38975.23767389357
20181214105300,38900.0,38974.473351985216
20181214105400,38862.5,38963.69063556194
20181214105500,38837.5,38933.19083452225
20181214105600,38837.5,38906.06528520584
20181214105700,38887.5,38897.8781118989
20181214105800,38900.0,38927.548736706376
20181214105900,38875.0,38951.382929086685
20181214110000,38875.0,38940.61825312674
20181214110100,38875.0,38932.41989016533
20181214110200,38887.5,38932.41989016533
20181214110300,38887.5,38939.84799385071
20181214110400,38887.5,38943.94843131304
20181214110500,38875.0,38943.94843131304
20181214110600,38875.0,38936.51895746589
20181214110700,38887.5,38932.41989016533
20181214110800,38875.0,38939.84799385071
20181214110900,38875.0,38936.51895746589
20181214111000,38875.0,38932.41989016533
20181214111100,38875.0,38932.41989016533
20181214111200,38862.5,38932.41989016533
20181214111300,38887.5,38924.99566860497
20181214111400,38875.0,38935.74801310897
20181214111500,38887.5,38936.51895746589
20181214111600,38887.5,38939.84799385071
20181214111700,38875.0,38943.94843131304
20181214111800,38862.5,38936.51895746589
20181214111900,38862.5,38924.99566860497
20181214112000,38887.5,38920.89865654707
20181214112100,38862.5,38935.74801310897
20181214112200,38875.0,38929.093365743756
20181214112300,38862.5,38928.32127958536
20181214112400,38875.0,38924.99566860497
20181214112500,38900.0,38928.32127958536
20181214112600,38937.5,38947.28089310229
20181214112700,38912.5,38977.816089987755
20181214112800,38912.5,38975.23767389357
20181214112900,38925.0,38967.02857799828
20181214113000,38925.0,38974.473351985216
20181214113100,38912.5,38978.57949845493
20181214113200,38925.0,38971.13335430622
20181214113300,38925.0,38974.473351985216
20181214113400,38937.5,38978.57949845493
20181214113500,38925.0,38986.03020980954
20181214113600,38937.5,38982.685416564345
20181214113700,38925.0,38986.03020980954
20181214113800,38925.0,38982.685416564345
20181214113900,38912.5,38978.57949845493
20181214114000,38912.5,38971.13335430622
20181214114100,38912.5,38967.02857799828
20181214114200,38925.0,38967.02857799828
20181214114300,38937.5,38974.473351985216
20181214114400,38912.5,38986.03020980954
20181214114500,38912.5,38975.23767389357
20181214114600,38925.0,38967.02857799828
20181214114700,38925.0,38974.473351985216
20181214114800,38887.5,38978.57949845493
20181214114900,38862.5,38956.25202730298
20181214115000,38875.0,38929.093365743756
20181214115100,38875.0,38928.32127958536
20181214115200,38887.5,38932.41989016533
20181214115300,38887.5,38939.84799385071
20181214115400,38875.0,38943.94843131304
20181214115500,38875.0,38936.51895746589
20181214115600,38875.0,38932.41989016533
20181214115700,38862.5,38932.41989016533
20181214115800,38875.0,38924.99566860497
20181214115900,38862.5,38928.32127958536
20181214120000,38875.0,38924.99566860497
20181214120100,38875.0,38928.32127958536
20181214120200,38887.5,38932.41989016533
20181214120300,38862.5,38939.84799385071
20181214120400,38875.0,38929.093365743756
20181214120500,38875.0,38928.32127958536
20181214120600,38887.5,38932.41989016533
20181214120700,38862.5,38939.84799385071
20181214120800,38875.0,38929.093365743756
20181214120900,38875.0,38928.32127958536
20181214121000,38862.5,38932.41989016533
20181214121100,38887.5,38924.99566860497
20181214121200,38887.5,38935.74801310897
20181214121300,38937.5,38943.94843131304
20181214121400,39000.0,38973.70925843716
20181214121500,39037.5,39027.4588778615
20181214121600,39025.0,39070.499312877655
20181214121700,38962.5,39075.36635585129
20181214121800,38962.5,39033.83538238704
20181214121900,38987.5,39013.27519156039
20181214122000,39025.0,39028.21383699775
20181214122100,39012.5,39058.88856202364
20181214122200,39012.5,39063.75629007816
20181214122300,38975.0,39059.6380405128
20181214122400,38962.5,39037.19524741173
20181214122500,38975.0,39017.38704703748
20181214122600,38987.5,39020.74280157685
20181214122700,38975.0,39032.327976077795
20181214122800,38975.0,39028.9685677737
20181214122900,38962.5,39024.85557049513
20181214123000,38987.5,39017.38704703748
20181214123100,38987.5,39028.21383699775
20181214123200,38975.0,39036.443028599024
20181214123300,38987.5,39028.9685677737
20181214123400,38987.5,39032.327976077795
20181214123500,38975.0,39036.443028599024
20181214123600,39037.5,39028.9685677737
20181214123700,39087.5,39062.25893162191
20181214123800,39075.0,39112.886180728674
20181214123900,39075.0,39121.878780797124
20181214124000,39087.5,39117.752081900835
20181214124100,39075.0,39125.26787593961
20181214124200,39075.0,39121.878780797124
20181214124300,39087.5,39117.752081900835
20181214124400,39050.0,39125.26787593961
20181214124500,39037.5,39106.855642050505
20181214124600,39012.5,39086.98395751417
20181214124700,39025.0,39067.87476800382
20181214124800,39012.5,39067.12688803673
20181214124900,39025.0,39063.75629007816
20181214125000,39012.5,39067.12688803673
20181214125100,39012.5,39063.75629007816
20181214125200,39012.5,39059.6380405128
20181214125300,39025.0,39059.6380405128
20181214125400,39025.0,39067.12688803673
20181214125500,39025.0,39071.24673612416
20181214125600,39025.0,39071.24673612416
20181214125700,39025.0,39071.24673612416
20181214125800,39037.5,39071.24673612416
20181214125900,39025.0,39078.74106429517
20181214130000,39025.0,39075.36635585129
20181214130100,39000.0,39071.24673612416
20181214130200,38975.0,39056.269954517484
20181214130300,38987.5,39033.08202177286
20181214130400,38962.5,39032.327976077795
20181214130500,38937.5,39021.49867415428
20181214130600,38937.5,38998.353216424584
20181214130700,38925.0,38990.137726441026
20181214130800,38937.5,38982.685416564345
20181214130900,38925.0,38986.03020980954
20181214131000,38912.5,38982.685416564345
20181214131100,38912.5,38971.13335430622
20181214131200,38912.5,38967.02857799828
20181214131300,38925.0,38967.02857799828
20181214131400,38975.0,38974.473351985216
20181214131500,39000.0,39008.40632170439
20181214131600,38987.5,39039.80472050607
20181214131700,38962.5,39040.55716767907
20181214131800,38975.0,39021.49867415428
20181214131900,38962.5,39020.74280157685
20181214132000,38975.0,39017.38704703748
20181214132100,38987.5,39020.74280157685
20181214132200,39000.0,39032.327976077795
20181214132300,39012.5,39043.92045810819
20181214132400,39012.5,39055.52024766803
20181214132500,39025.0,39059.6380405128
20181214132600,39037.5,39067.12688803673
20181214132700,39025.0,39078.74106429517
20181214132800,39037.5,39075.36635585129
20181214132900,39025.0,39078.74106429517
20181214133000,39037.5,39075.36635585129
20181214133100,39012.5,39078.74106429517
20181214133200,39025.0,39067.87476800382
20181214133300,39025.0,39067.12688803673
20181214133400,39012.5,39071.24673612416
20181214133500,39025.0,39063.75629007816
20181214133600,38987.5,39067.12688803673
20181214133700,38962.5,39048.78772944212
20181214133800,38962.5,39021.49867415428
20181214133900,38975.0,39013.27519156039
20181214134000,38950.0,39020.74280157685
20181214134100,38912.5,39009.922405704856
20181214134200,38912.5,38979.34245020151
20181214134300,38887.5,38967.02857799828
20181214134400,38862.5,38952.15113312006
20181214134500,38862.5,38929.093365743756
20181214134600,38862.5,38920.89865654707
20181214134700,38875.0,38920.89865654707
20181214134800,38862.5,38928.32127958536
20181214134900,38875.0,38924.99566860497
20181214135000,38862.5,38928.32127958536
20181214135100,38875.0,38924.99566860497
20181214135200,38875.0,38928.32127958536
20181214135300,38862.5,38932.41989016533
20181214135400,38862.5,38924.99566860497
20181214135500,38862.5,38920.89865654707
20181214135600,38887.5,38920.89865654707
20181214135700,38925.0,38935.74801310897
20181214135800,38937.5,38966.26357100904
20181214135900,38912.5,38986.03020980954
20181214140000,38912.5,38975.23767389357
20181214140100,38925.0,38967.02857799828
20181214140200,38887.5,38974.473351985216
20181214140300,38862.5,38956.25202730298
20181214140400,38850.0,38929.093365743756
20181214140500,38812.5,38913.4799156338
20181214140600,38825.0,38887.15796619654
20181214140700,38812.5,38882.286812737584
20181214140800,38825.0,38878.97673025727
20181214140900,38812.5,38882.286812737584
20181214141000,38812.5,38878.97673025727
20181214141100,38825.0,38874.88611228764
20181214141200,38837.5,38882.286812737584
20181214141300,38825.0,38893.78429688513
20181214141400,38825.0,38890.470103919506
20181214141500,38862.5,38886.3783441484
20181214141600,38875.0,38908.608305454254
20181214141700,38875.0,38928.32127958536
20181214141800,38862.5,38932.41989016533
20181214141900,38875.0,38924.99566860497
20181214142000,38887.5,38928.32127958536
20181214142100,38912.5,38939.84799385071
20181214142200,38912.5,38958.82062390447
20181214142300,38912.5,38967.02857799828
20181214142400,38925.0,38967.02857799828
20181214142500,38912.5,38974.473351985216
20181214142600,38937.5,38971.13335430622
20181214142700,38912.5,38981.92246481776
20181214142800,38912.5,38975.23767389357
20181214142900,38912.5,38967.02857799828
20181214143000,38925.0,38967.02857799828
20181214143100,38925.0,38974.473351985216
20181214143200,38925.0,38978.57949845493
20181214143300,38925.0,38978.57949845493
20181214143400,38912.5,38978.57949845493
20181214143500,38912.5,38971.13335430622
20181214143600,38925.0,38967.02857799828
20181214143700,38912.5,38974.473351985216
20181214143800,38925.0,38971.13335430622
20181214143900,38925.0,38974.473351985216
20181214144000,38925.0,38978.57949845493
20181214144100,38925.0,38978.57949845493
20181214144200,38912.5,38978.57949845493
20181214144300,38937.5,38971.13335430622
20181214144400,38912.5,38981.92246481776
20181214144500,38912.5,38975.23767389357
20181214144600,38912.5,38967.02857799828
20181214144700,38925.0,38967.02857799828
20181214144800,38925.0,38974.473351985216
20181214144900,38925.0,38978.57949845493
20181214145000,38912.5,38978.57949845493
20181214145100,38912.5,38971.13335430622
20181214145200,38887.5,38967.02857799828
20181214145300,38875.0,38952.15113312006
20181214145400,38887.5,38936.51895746589
20181214145500,38862.5,38939.84799385071
20181214145600,38862.5,38929.093365743756
20181214145700,38862.5,38920.89865654707
20181214145800,38875.0,38920.89865654707
20181214145900,38875.0,38928.32127958536
20181214150000,38875.0,38932.41989016533
20181214150100,38875.0,38932.41989016533
20181214150200,38875.0,38932.41989016533
20181214150300,38862.5,38932.41989016533
20181214150400,38862.5,38924.99566860497
20181214150500,38862.5,38920.89865654707
20181214150600,38862.5,38920.89865654707
20181214150700,38875.0,38920.89865654707
20181214150800,38875.0,38928.32127958536
20181214150900,38862.5,38932.41989016533
20181214151000,38862.5,38924.99566860497
20181214151100,38862.5,38920.89865654707
20181214151200,38875.0,38920.89865654707
20181214151300,38900.0,38928.32127958536
20181214151400,38950.0,38947.28089310229
20181214151500,38950.0,38985.267486423254
20181214151600,38962.5,39001.70257687569
20181214151700,38975.0,39009.16447788477
20181214151800,38975.0,39020.74280157685
20181214151900,38987.5,39024.85557049513
20181214153000,38950.0,39032.327976077795
20181214153500,38950.0,39014.03266265988
20181217090000,38687.5,39001.70257687569
20181217090100,38762.5,38845.961540564895
20181217090200,38737.5,38804.505240917206
20181217090300,38787.5,38814.251201599836
20181217090400,38812.5,38835.58325022459
20181217090500,38837.5,38866.707388311625
20181217090600,38875.0,38889.69093859196
20181217090700,39000.0,38920.12497186661
20181217090800,39125.0,39006.88886754215
20181217090900,39175.0,39123.0546079576
20181217091000,39162.5,39194.5441685617
20181217091100,39162.5,39203.54476124048
20181217091200,39087.5,39199.406872689724
20181217091300,39037.5,39154.16938327253
20181217091400,38987.5,39099.350352585316
20181217091500,38962.5,39052.90323868394
20181217091600,38975.0,39021.49867415428
20181217091700,38962.5,39020.74280157685
20181217091800,38950.0,39017.38704703748
20181217091900,39012.5,39005.81260547042
20181217092000,39112.5,39039.05181661248
20181217092100,39150.0,39119.66345757246
20181217092200,39137.5,39175.313491374254
20181217092300,39112.5,39180.17665222287
20181217092400,39100.0,39160.96835434437
20181217092500,39150.0,39145.17723992467
20181217092600,39175.0,39171.17834314704
20181217092700,39212.5,39202.82154418528
20181217092800,39287.5,39233.787885308266
20181217092900,39262.5,39291.72517582774
20181217093000,39275.0,39301.44122131169
20181217093100,39262.5,39300.73547381908
20181217093200,39187.5,39297.2903162241
20181217093300,39162.5,39247.649811953306
20181217093400,39150.0,39207.68310651183
20181217093500,39150.0,39191.85728132725
20181217093600,39225.0,39187.72121965885
20181217093700,39275.0,39233.06969217956
20181217093800,39250.0,39288.28195929527
20181217093900,39200.0,39289.697336405516
20181217094000,39162.5,39251.078413426876
20181217094100,39187.5,39211.82145178318
20181217094200,39262.5,39214.51793015003
20181217094300,39300.0,39268.24242994189
20181217094400,39237.5,39315.9381037578
20181217094500,39200.0,39290.40548168123
20181217094600,39112.5,39246.93458750844
20181217094700,39125.0,39181.631307303905
20181217094800,39112.5,39160.23760139942
20181217094900,39112.5,39156.83685988188
20181217095000,39100.0,39152.70513705909
20181217095100,39125.0,39145.17723992467
20181217095200,39162.5,39156.104965135455
20181217095300,39200.0,39186.99457719922
20181217095400,39175.0,39222.07962460816
20181217095500,39137.5,39219.37926411629
20181217095600,39125.0,39188.44740539789
20181217095700,39162.5,39168.502873927355
20181217095800,39212.5,39186.99457719922
20181217095900,39225.0,39229.64451611042
20181217100000,39225.0,39253.79361733794
20181217100100,39200.0,39257.93927013874
20181217100200,39200.0,39242.79144667089
20181217100300,39212.5,39234.50562171638
20181217100400,39212.5,39242.07508042455
20181217100500,39225.0,39246.21890634298
20181217100600,39212.5,39253.79361733794
20181217100700,39237.5,39250.3636457026
20181217100800,39225.0,39261.371982097626
20181217100900,39187.5,39262.084694579244
20181217101000,39175.0,39235.223358124495
20181217101100,39187.5,39215.239091962576
20181217101200,39200.0,39218.658559024334
20181217101300,39237.5,39230.36339432001
20181217101400,39275.0,39257.22564421594
20181217101500,39300.0,39292.43309274316
20181217101600,39362.5,39320.09243424982
20181217101700,39375.0,39366.49467535317
20181217101800,39375.0,39394.94026135653
20181217101900,39362.5,39399.10384044051
20181217102000,39387.5,39391.4662161842
20181217102100,39350.0,39402.58005503565
20181217102200,39362.5,39387.99354117364
20181217102300,39387.5,39383.14134161919
20181217102400,39387.5,39402.58005503565
20181217102500,39412.5,39410.91041024774
20181217102600,39425.0,39426.207238808274
20181217102700,39425.0,39442.19988118857
20181217102800,39437.5,39446.36928346008
20181217102900,39437.5,39454.0308855474
20181217103000,39437.5,39458.201429620385
20181217103100,39425.0,39458.201429620385
20181217103200,39412.5,39450.53879991174
20181217103300,39425.0,39438.710878416896
20181217103400,39425.0,39442.19988118857
20181217103500,39425.0,39446.36928346008
20181217103600,39425.0,39446.36928346008
20181217103700,39387.5,39446.36928346008
20181217103800,39362.5,39423.40685650706
20181217103900,39362.5,39395.62876764685
20181217104000,39362.5,39387.30400726199
20181217104100,39362.5,39387.30400726199
20181217104200,39400.0,39387.30400726199
20181217104300,39437.5,39410.22453010082
20181217104400,39437.5,39445.68979740143
20181217104500,39462.5,39458.201429620385
20181217104600,39487.5,39473.53879213333
20181217104700,39487.5,39497.24281914532
20181217104800,39475.0,39505.59532530606
20181217104900,39437.5,39497.912599891424
20181217105000,39412.5,39470.714888721704
20181217105100,39412.5,39442.87959560752
20181217105200,39412.5,39434.54284630716
20181217105300,39425.0,39434.54284630716
20181217105400,39387.5,39442.19988118857
20181217105500,39375.0,39423.40685650706
20181217105600,39362.5,39403.26753370464
20181217105700,39362.5,39391.4662161842
20181217105800,39362.5,39387.30400726199
20181217105900,39375.0,39387.30400726199
20181217110000,39375.0,39394.94026135653
20181217110100,39375.0,39399.10384044051
20181217110200,39387.5,39399.10384044051
20181217110300,39375.0,39406.74546100199
20181217110400,39350.0,39403.26753370464
20181217110500,39325.0,39383.832474052906
20181217110600,39325.0,39360.25929749012
20181217110700,39312.5,39351.94241553545
20181217110800,39337.5,39344.32591460645
20181217110900,39337.5,39355.40481433272
20181217111000,39312.5,39363.72318062931
20181217111100,39325.0,39348.48184362054
20181217111200,39325.0,39347.784887999296
20181217111300,39325.0,39351.94241553545
20181217111400,39325.0,39351.94241553545
20181217111500,39362.5,39351.94241553545
20181217111600,39387.5,39374.81772303581
20181217111700,39362.5,39402.58005503565
20181217111800,39400.0,39395.62876764685
20181217111900,39425.0,39410.22453010082
20181217112000,39437.5,39438.03059309721
20181217112100,39425.0,39454.0308855474
20181217112200,39425.0,39450.53879991174
20181217112300,39462.5,39446.36928346008
20181217112400,39475.0,39469.36516519636
20181217112500,39475.0,39489.56226315349
20181217112600,39475.0,39493.73748861253
20181217112700,39475.0,39493.73748861253
20181217112800,39462.5,39493.73748861253
20181217112900,39462.5,39486.059330403805
20181217113000,39462.5,39481.88593182713
20181217113100,39475.0,39481.88593182713
20181217113200,39487.5,39489.56226315349
20181217113300,39487.5,39501.41918640584
20181217113400,39475.0,39505.59532530606
20181217113500,39500.0,39497.912599891424
20181217113600,39525.0,39509.10442378372
20181217113700,39512.5,39532.84624442458
20181217113800,39537.5,39533.50951690227
20181217113900,39550.0,39544.72657460719
20181217114000,39575.0,39560.796174407005
20181217114100,39575.0,39580.40478788316
20181217114200,39525.0,39588.776704669
20181217114300,39525.0,39557.93093778193
20181217114400,39512.5,39541.20719991624
20181217114500,39512.5,39533.50951690227
20181217114600,39525.0,39529.330523498356
20181217114700,39562.5,39537.026607990265
20181217114800,39575.0,39564.321372285485
20181217114900,39575.0,39584.59063209593
20181217115000,39587.5,39588.776704669
20181217115100,39587.5,39596.49733789265
20181217115200,39575.0,39600.68386718631
20181217115300,39575.0,39592.96254888177
20181217115400,39575.0,39588.776704669
20181217115500,39575.0,39588.776704669
20181217115600,39575.0,39588.776704669
20181217115700,39587.5,39588.776704669
20181217115800,39575.0,39596.49733789265
20181217115900,39587.5,39592.96254888177
20181217120000,39587.5,39596.49733789265
20181217120100,39562.5,39600.68386718631
20181217120200,39562.5,39585.244427621365
20181217120300,39562.5,39576.87479443848
20181217120400,39575.0,39576.87479443848
20181217120500,39575.0,39584.59063209593
20181217120600,39575.0,39588.776704669
20181217120700,39575.0,39588.776704669
20181217120800,39587.5,39588.776704669
20181217120900,39562.5,39596.49733789265
20181217121000,39575.0,39585.244427621365
20181217121100,39587.5,39584.59063209593
20181217121200,39575.0,39596.49733789265
20181217121300,39575.0,39592.96254888177
20181217121400,39562.5,39588.776704669
20181217121500,39512.5,39581.05926848948
20181217121600,39512.5,39546.048780716956
20181217121700,39525.0,39529.330523498356
20181217121800,39512.5,39537.026607990265
20181217121900,39525.0,39533.50951690227
20181217122000,39512.5,39537.026607990265
20181217122100,39537.5,39533.50951690227
20181217122200,39525.0,39544.72657460719
20181217122300,39525.0,39545.38756348193
20181217122400,39537.5,39541.20719991624
20181217122500,39537.5,39548.908422514796
20181217122600,39575.0,39553.089927881956
20181217122700,39550.0,39576.21951457113
20181217122800,39525.0,39573.34628533572
20181217122900,39525.0,39549.568612128496
20181217123000,39537.5,39541.20719991624
20181217123100,39525.0,39548.908422514796
20181217123200,39487.5,39545.38756348193
20181217123300,39487.5,39518.125911429524
20181217123400,39475.0,39505.59532530606
20181217123500,39487.5,39497.912599891424
20181217123600,39462.5,39501.41918640584
20181217123700,39462.5,39490.23375660181
20181217123800,39475.0,39481.88593182713
20181217123900,39450.0,39489.56226315349
20181217124000,39462.5,39478.38551104069
20181217124100,39500.0,39477.71219071001
20181217124200,39487.5,39504.927028901875
20181217124300,39475.0,39509.77203510702
20181217124400,39475.0,39497.912599891424
20181217124500,39462.5,39493.73748861253
20181217124600,39487.5,39486.059330403805
20181217124700,39450.0,39497.24281914532
20181217124800,39450.0,39482.558452896774
20181217124900,39462.5,39470.04019822925
20181217125000,39462.5,39477.71219071001
20181217125100,39437.5,39481.88593182713
20181217125200,39437.5,39466.54388792813
20181217125300,39412.5,39458.201429620385
20181217125400,39437.5,39442.87959560752
20181217125500,39437.5,39449.86045565456
20181217125600,39425.0,39458.201429620385
20181217125700,39425.0,39450.53879991174
20181217125800,39400.0,39446.36928346008
20181217125900,39387.5,39431.05749730021
20181217130000,39412.5,39415.075816214085
20181217130100,39425.0,39426.207238808274
20181217130200,39412.5,39442.19988118857
20181217130300,39412.5,39438.710878416896
20181217130400,39425.0,39434.54284630716
20181217130500,39425.0,39442.19988118857
20181217130600,39425.0,39446.36928346008
20181217130700,39425.0,39446.36928346008
20181217130800,39437.5,39446.36928346008
20181217130900,39425.0,39454.0308855474
20181217131000,39437.5,39450.53879991174
20181217131100,39425.0,39454.0308855474
20181217131200,39412.5,39450.53879991174
20181217131300,39425.0,39438.710878416896
20181217131400,39412.5,39442.19988118857
20181217131500,39412.5,39438.710878416896
20181217131600,39425.0,39434.54284630716
20181217131700,39425.0,39442.19988118857
20181217131800,39400.0,39446.36928346008
20181217131900,39375.0,39431.05749730021
20181217132000,39375.0,39407.4317978695
20181217132100,39375.0,39399.10384044051
20181217132200,39337.5,39399.10384044051
20181217132300,39325.0,39376.2018147856
20181217132400,39325.0,39356.10062815249
20181217132500,39325.0,39351.94241553545
20181217132600,39325.0,39351.94241553545
20181217132700,39325.0,39351.94241553545
20181217132800,39325.0,39351.94241553545
20181217132900,39337.5,39351.94241553545
20181217133000,39325.0,39359.56405457109
20181217133100,39312.5,39356.10062815249
20181217133200,39312.5,39344.32591460645
20181217133300,39337.5,39340.16872961074
20181217133400,39325.0,39355.40481433272
20181217133500,39350.0,39356.10062815249
20181217133600,39387.5,39367.18866229057
20181217133700,39375.0,39398.415790870786
20181217133800,39375.0,39403.26753370464
20181217133900,39375.0,39399.10384044051
20181217134000,39350.0,39399.10384044051
20181217134100,39325.0,39383.832474052906
20181217134200,39325.0,39360.25929749012
20181217134300,39312.5,39351.94241553545
20181217134400,39312.5,39344.32591460645
20181217134500,39337.5,39340.16872961074
20181217134600,39325.0,39355.40481433272
20181217134700,39325.0,39356.10062815249
20181217134800,39337.5,39351.94241553545
20181217134900,39325.0,39359.56405457109
20181217135000,39337.5,39356.10062815249
20181217135100,39312.5,39359.56405457109
20181217135200,39325.0,39348.48184362054
20181217135300,39337.5,39347.784887999296
20181217135400,39312.5,39359.56405457109
20181217135500,39325.0,39348.48184362054
20181217135600,39325.0,39347.784887999296
20181217135700,39312.5,39351.94241553545
20181217135800,39325.0,39344.32591460645
20181217135900,39300.0,39347.784887999296
20181217140000,39275.0,39336.711811460555
20181217140100,39287.5,39313.19161448628
20181217140200,39275.0,39312.48815059662
20181217140300,39275.0,39309.03922505677
20181217140400,39275.0,39304.88729234785
20181217140500,39275.0,39304.88729234785
20181217140600,39287.5,39304.88729234785
20181217140700,39262.5,39312.48815059662
20181217140800,39262.5,39301.44122131169
20181217140900,39262.5,39293.1398678571
20181217141000,39262.5,39293.1398678571
20181217141100,39262.5,39293.1398678571
20181217141200,39287.5,39293.1398678571
20181217141300,39275.0,39308.33484772593
20181217141400,39262.5,39309.03922505677
20181217141500,39287.5,39297.2903162241
20181217141600,39275.0,39308.33484772593
20181217141700,39275.0,39309.03922505677
20181217141800,39275.0,39304.88729234785
20181217141900,39250.0,39304.88729234785
20181217142000,39187.5,39289.697336405516
20181217142100,39162.5,39243.50735619664
20181217142200,39200.0,39207.68310651183
20181217142300,39262.5,39222.07962460816
20181217142400,39275.0,39272.391736507416
20181217142500,39250.0,39300.73547381908
20181217142600,39237.5,39289.697336405516
20181217142700,39225.0,39273.81373606622
20181217142800,39225.0,39262.084694579244
20181217142900,39212.5,39257.93927013874
20181217143000,39212.5,39250.3636457026
20181217143100,39225.0,39246.21890634298
20181217143200,39212.5,39253.79361733794
20181217143300,39212.5,39250.3636457026
20181217143400,39225.0,39246.21890634298
20181217143500,39225.0,39253.79361733794
20181217143600,39225.0,39257.93927013874
20181217143700,39225.0,39257.93927013874
20181217143800,39212.5,39257.93927013874
20181217143900,39212.5,39250.3636457026
20181217144000,39212.5,39246.21890634298
20181217144100,39225.0,39246.21890634298
20181217144200,39225.0,39253.79361733794
20181217144300,39237.5,39257.93927013874
20181217144400,39212.5,39265.519005060196
20181217144500,39212.5,39254.50747162104
20181217144600,39225.0,39246.21890634298
20181217144700,39225.0,39253.79361733794
20181217144800,39225.0,39257.93927013874
20181217144900,39225.0,39257.93927013874
20181217145000,39237.5,39257.93927013874
20181217145100,39200.0,39265.519005060196
20181217145200,39175.0,39246.93458750844
20181217145300,39175.0,39219.37926411629
20181217145400,39162.5,39211.09914816916
20181217145500,39175.0,39203.54476124048
20181217145600,39162.5,39206.960574537516
20181217145700,39162.5,39203.54476124048
20181217145800,39162.5,39199.406872689724
20181217145900,39162.5,39199.406872689724
20181217150000,39162.5,39199.406872689724
20181217150100,39175.0,39199.406872689724
20181217150200,39175.0,39206.960574537516
20181217150300,39175.0,39211.09914816916
20181217150400,39187.5,39211.09914816916
20181217150500,39187.5,39218.658559024334
20181217150600,39175.0,39222.799187898636
20181217150700,39175.0,39215.239091962576
20181217150800,39175.0,39211.09914816916
20181217150900,39187.5,39211.09914816916
20181217151000,39175.0,39218.658559024334
20181217151100,39175.0,39215.239091962576
20181217151200,39162.5,39211.09914816916
20181217151300,39187.5,39203.54476124048
20181217151400,39187.5,39214.51793015003
20181217151500,39162.5,39222.799187898636
20181217151600,39175.0,39207.68310651183
20181217151700,39175.0,39206.960574537516
20181217151800,39175.0,39211.09914816916
20181217151900,39162.5,39211.09914816916
20181217153000,39150.0,39203.54476124048
20181217153500,39150.0,39191.85728132725
20181218090000,38425.0,39187.72121965885
20181218090100,38562.5,38756.87476396561
20181218090200,38587.5,38602.09261253476
20181218090300,38662.5,38661.21554970741
20181218090400,38662.5,38713.17368261516
20181218090500,38687.5,38737.57192492485
20181218090600,38750.0,38752.239049971104
20181218090700,38800.0,38797.140849754214
20181218090800,38800.0,38847.05218933523
20181218090900,38825.0,38863.402101397514
20181218091000,38875.0,38878.19573804736
20181218091100,38887.5,38916.02727472782
20181218091200,38875.0,38939.84799385071
20181218091300,38837.5,38936.51895746589
20181218091400,38875.0,38910.15978530049
20181218091500,38875.0,38920.12497186661
20181218091600,38862.5,38932.41989016533
20181218091700,38875.0,38924.99566860497
20181218091800,38850.0,38928.32127958536
20181218091900,38812.5,38917.575557529926
20181218092000,38775.0,38887.15796619654
20181218092100,38787.5,38852.71027237177
20181218092200,38762.5,38847.839118912816
20181218092300,38725.0,38837.15984970331
20181218092400,38712.5,38806.88658207655
20181218092500,38725.0,38787.29760758579
20181218092600,38712.5,38790.57663306594
20181218092700,38700.0,38787.29760758579
20181218092800,38725.0,38775.87091512978
20181218092900,38725.0,38786.5008585155
20181218093000,38700.0,38794.65332105756
20181218093100,38700.0,38779.944862797856
20181218093200,38712.5,38771.79788090289
20181218093300,38750.0,38779.14697192609
20181218093400,38775.0,38805.299021303654
20181218093500,38787.5,38832.28755444288
20181218093600,38787.5,38847.839118912816
20181218093700,38787.5,38851.92562639713
20181218093800,38750.0,38851.92562639713
20181218093900,38725.0,38829.78335544467
20181218094000,38725.0,38802.80829556286
20181218094100,38737.5,38794.65332105756
20181218094200,38762.5,38802.014058455825
20181218094300,38812.5,38820.829804986715
20181218094400,38825.0,38858.52957777679
20181218094500,38825.0,38882.286812737584
20181218094600,38800.0,38886.3783441484
20181218094700,38787.5,38871.57899849117
20181218094800,38787.5,38856.011905521154
20181218094900,38812.5,38851.92562639713
20181218095000,38837.5,38866.707388311625
20181218095100,38837.5,38889.69093859196
20181218095200,38850.0,38897.8781118989
20181218095300,38887.5,38905.28908856213
20181218095400,38937.5,38931.64803236723
20181218095500,38937.5,38973.70925843716
20181218095600,38937.5,38990.137726441026
20181218095700,38975.0,38990.137726441026
20181218095800,39012.5,39012.51794882119
20181218095900,39037.5,39047.28534705937
20181218100000,39000.0,39074.62030276656
20181218100100,38987.5,39060.38706228137
20181218100200,39012.5,39040.55716767907
20181218100300,38987.5,39051.402454823256
20181218100400,38987.5,39044.67267692089
20181218100500,39000.0,39036.443028599024
20181218100600,39025.0,39043.92045810819
20181218100700,39037.5,39063.007725030184
20181218100800,39075.0,39078.74106429517
20181218100900,39075.0,39105.374040454626
20181218101000,39050.0,39117.752081900835
20181218101100,39025.0,39102.731911838055
20181218101200,39062.5,39079.48688901961
20181218101300,39062.5,39093.74228045344
20181218101400,39062.5,39106.115297973156
20181218101500,39037.5,39106.115297973156
20181218101600,39062.5,39091.10608920455
20181218101700,39062.5,39097.866467386484
20181218101800,39037.5,39106.115297973156
20181218101900,39000.0,39091.10608920455
20181218102000,38950.0,39060.38706228137
20181218102100,38950.0,39018.14314797521
20181218102200,38900.0,39001.70257687569
20181218102300,38912.5,38971.89744785428
20181218102400,38925.0,38962.92425841093
20181218102500,38925.0,38974.473351985216
20181218102600,38937.5,38978.57949845493
20181218102700,38900.0,38986.03020980954
20181218102800,38912.5,38967.79381334782
20181218102900,38912.5,38962.92425841093
20181218103000,38937.5,38967.02857799828
20181218103100,39000.0,38981.92246481776
20181218103200,39012.5,39027.4588778615
20181218103300,39062.5,39055.52024766803
20181218103400,39087.5,39089.61855024099
20181218103500,39050.0,39121.14026360214
20181218103600,39012.5,39106.855642050505
20181218103700,39025.0,39071.99370265007
20181218103800,39025.0,39067.12688803673
20181218103900,39012.5,39071.24673612416
20181218104000,39012.5,39063.75629007816
20181218104100,39050.0,39059.6380405128
20181218104200,39075.0,39082.11737126112
20181218104300,39062.5,39109.50005427003
20181218104400,39075.0,39110.23994162679
20181218104500,39100.0,39113.62583972514
20181218104600,39137.5,39132.78800882399
20181218104700,39112.5,39163.63994143903
20181218104800,39100.0,39160.96835434437
20181218104900,39075.0,39145.17723992467
20181218105000,39112.5,39126.00547969341
20181218105100,39087.5,39140.31225219369
20181218105200,39075.0,39137.652768194675
20181218105300,39075.0,39121.878780797124
20181218105400,39137.5,39117.752081900835
20181218105500,39162.5,39155.37284202874
20181218105600,39175.0,39191.13178066909
20181218105700,39162.5,39206.960574537516
20181218105800,39150.0,39203.54476124048
20181218105900,39187.5,39191.85728132725
20181218110000,39162.5,39210.377529636025
20181218110100,39162.5,39207.68310651183
20181218110200,39175.0,39199.406872689724
20181218110300,39187.5,39206.960574537516
20181218110400,39175.0,39218.658559024334
20181218110500,39162.5,39215.239091962576
20181218110600,39175.0,39203.54476124048
20181218110700,39137.5,39206.960574537516
20181218110800,39087.5,39188.44740539789
20181218110900,39037.5,39145.91073319316
20181218111000,39075.0,39099.350352585316
20181218111100,39100.0,39105.374040454626
20181218111200,39087.5,39132.78800882399
20181218111300,39075.0,39133.52401405573
20181218111400,39087.5,39121.878780797124
20181218111500,39075.0,39125.26787593961
20181218111600,39075.0,39121.878780797124
20181218111700,39087.5,39117.752081900835
20181218111800,39112.5,39125.26787593961
20181218111900,39137.5,39144.44328993559
20181218112000,39112.5,39167.77349114418
20181218112100,39050.0,39160.96835434437
20181218112200,39025.0,39115.10447263718
20181218112300,39037.5,39079.48688901961
20181218112400,39050.0,39078.74106429517
20181218112500,39062.5,39090.36231972277
20181218112600,39050.0,39101.990654319525
20181218112700,39025.0,39098.608638346195
20181218112800,39050.0,39079.48688901961
20181218112900,39062.5,39086.2397313118
20181218113000,39037.5,39101.990654319525
20181218113100,39025.0,39091.10608920455
20181218113200,39025.0,39075.36635585129
20181218113300,39037.5,39071.24673612416
20181218113400,39075.0,39078.74106429517
20181218113500,39075.0,39105.374040454626
20181218113600,39087.5,39117.752081900835
20181218113700,39075.0,39125.26787593961
20181218113800,39062.5,39121.878780797124
20181218113900,39075.0,39110.23994162679
20181218114000,39075.0,39113.62583972514
20181218114100,39062.5,39117.752081900835
20181218114200,39062.5,39110.23994162679
20181218114300,39075.0,39106.115297973156
20181218114400,39075.0,39113.62583972514
20181218114500,39087.5,39117.752081900835
20181218114600,39087.5,39125.26787593961
20181218114700,39087.5,39129.39617335796
20181218114800,39125.0,39129.39617335796
20181218114900,39125.0,39151.972557231784
20181218115000,39125.0,39164.37000930309
20181218115100,39137.5,39164.37000930309
20181218115200,39137.5,39171.907725930214
20181218115300,39112.5,39176.04241743684
20181218115400,39112.5,39160.96835434437
20181218115500,39125.0,39152.70513705909
20181218115600,39112.5,39160.23760139942
20181218115700,39137.5,39156.83685988188
20181218115800,39087.5,39167.77349114418
20181218115900,39062.5,39145.91073319316
20181218120000,39075.0,39114.36504200101
20181218120100,39062.5,39113.62583972514
20181218120200,39050.0,39110.23994162679
20181218120300,39012.5,39098.608638346195
20181218120400,39012.5,39071.99370265007
20181218120500,39012.5,39059.6380405128
20181218120600,38987.5,39059.6380405128
20181218120700,39012.5,39044.67267692089
20181218120800,39037.5,39051.402454823256
20181218120900,39050.0,39074.62030276656
20181218121000,39062.5,39090.36231972277
20181218121100,39087.5,39101.990654319525
20181218121200,39087.5,39121.14026360214
20181218121300,39087.5,39129.39617335796
20181218121400,39075.0,39129.39617335796
20181218121500,39062.5,39121.878780797124
20181218121600,39087.5,39110.23994162679
20181218121700,39087.5,39121.14026360214
20181218121800,39050.0,39129.39617335796
20181218121900,39037.5,39106.855642050505
20181218122000,39025.0,39086.98395751417
20181218122100,39037.5,39075.36635585129
20181218122200,39025.0,39078.74106429517
20181218122300,39012.5,39075.36635585129
20181218122400,39025.0,39063.75629007816
20181218122500,39012.5,39067.12688803673
20181218122600,39037.5,39063.75629007816
20181218122700,39037.5,39074.62030276656
20181218122800,39050.0,39082.862282544374
20181218122900,39075.0,39090.36231972277
20181218123000,39087.5,39109.50005427003
20181218123100,39087.5,39125.26787593961
20181218123200,39087.5,39129.39617335796
20181218123300,39075.0,39129.39617335796
20181218123400,39087.5,39121.878780797124
20181218123500,39062.5,39125.26787593961
20181218123600,39087.5,39114.36504200101
20181218123700,39075.0,39121.14026360214
20181218123800,39062.5,39121.878780797124
20181218123900,39075.0,39110.23994162679
20181218124000,39075.0,39113.62583972514
20181218124100,39075.0,39117.752081900835
20181218124200,39087.5,39117.752081900835
20181218124300,39050.0,39125.26787593961
20181218124400,39025.0,39106.855642050505
20181218124500,38987.5,39079.48688901961
20181218124600,38975.0,39048.78772944212
20181218124700,38975.0,39028.9685677737
20181218124800,38975.0,39024.85557049513
20181218124900,38975.0,39024.85557049513
20181218125000,39012.5,39024.85557049513
20181218125100,39025.0,39047.28534705937
20181218125200,39062.5,39067.12688803673
20181218125300,39050.0,39093.74228045344
20181218125400,39025.0,39098.608638346195
20181218125500,39025.0,39079.48688901961
20181218125600,39012.5,39071.24673612416
20181218125700,39037.5,39063.75629007816
20181218125800,39037.5,39074.62030276656
20181218125900,39037.5,39082.862282544374
20181218130000,39037.5,39082.862282544374
20181218130100,39075.0,39082.862282544374
20181218130200,39087.5,39105.374040454626
20181218130300,39087.5,39125.26787593961
20181218130400,39087.5,39129.39617335796
20181218130500,39087.5,39129.39617335796
20181218130600,39062.5,39129.39617335796
20181218130700,39075.0,39114.36504200101
20181218130800,39075.0,39113.62583972514
20181218130900,39087.5,39117.752081900835
20181218131000,39075.0,39125.26787593961
20181218131100,39062.5,39121.878780797124
20181218131200,39037.5,39110.23994162679
20181218131300,39025.0,39091.10608920455
20181218131400,39025.0,39075.36635585129
20181218131500,39012.5,39071.24673612416
20181218131600,39025.0,39063.75629007816
20181218131700,39025.0,39067.12688803673
20181218131800,39012.5,39071.24673612416
20181218131900,39012.5,39063.75629007816
20181218132000,39025.0,39059.6380405128
20181218132100,39037.5,39067.12688803673
20181218132200,39037.5,39078.74106429517
20181218132300,39037.5,39082.862282544374
20181218132400,39025.0,39082.862282544374
20181218132500,39012.5,39075.36635585129
20181218132600,39012.5,39063.75629007816
20181218132700,39037.5,39059.6380405128
20181218132800,39025.0,39074.62030276656
20181218132900,39025.0,39075.36635585129
20181218133000,39012.5,39071.24673612416
20181218133100,39037.5,39063.75629007816
20181218133200,39037.5,39074.62030276656
20181218133300,39025.0,39082.862282544374
20181218133400,39037.5,39075.36635585129
20181218133500,39025.0,39078.74106429517
20181218133600,39025.0,39075.36635585129
20181218133700,39050.0,39071.24673612416
20181218133800,39075.0,39086.2397313118
20181218133900,39075.0,39109.50005427003
20181218134000,39075.0,39117.752081900835
20181218134100,39050.0,39117.752081900835
20181218134200,39012.5,39102.731911838055
20181218134300,39037.5,39071.99370265007
20181218134400,39012.5,39074.62030276656
20181218134500,39012.5,39067.87476800382
20181218134600,39025.0,39059.6380405128
20181218134700,39012.5,39067.12688803673
20181218134800,39012.5,39063.75629007816
20181218134900,39012.5,39059.6380405128
20181218135000,39012.5,39059.6380405128
20181218135100,39050.0,39059.6380405128
20181218135200,39075.0,39082.11737126112
20181218135300,39075.0,39109.50005427003
20181218135400,39062.5,39117.752081900835
20181218135500,39075.0,39110.23994162679
20181218135600,39050.0,39113.62583972514
20181218135700,39025.0,39102.731911838055
20181218135800,39012.5,39079.48688901961
20181218135900,39012.5,39063.75629007816
20181218140000,39012.5,39059.6380405128
20181218140100,39012.5,39059.6380405128
20181218140200,39025.0,39059.6380405128
20181218140300,39037.5,39067.12688803673
20181218140400,39037.5,39078.74106429517
20181218140500,39037.5,39082.862282544374
20181218140600,39025.0,39082.862282544374
20181218140700,39012.5,39075.36635585129
20181218140800,39025.0,39063.75629007816
20181218140900,39025.0,39067.12688803673
20181218141000,39012.5,39071.24673612416
20181218141100,39012.5,39063.75629007816
20181218141200,39012.5,39059.6380405128
20181218141300,39025.0,39059.6380405128
20181218141400,39025.0,39067.12688803673
20181218141500,39025.0,39071.24673612416
20181218141600,39025.0,39071.24673612416
20181218141700,39000.0,39071.24673612416
20181218141800,39012.5,39056.269954517484
20181218141900,39037.5,39055.52024766803
20181218142000,39025.0,39074.62030276656
20181218142100,39025.0,39075.36635585129
20181218142200,39012.5,39071.24673612416
20181218142300,39025.0,39063.75629007816
20181218142400,39025.0,39067.12688803673
20181218142500,39025.0,39071.24673612416
20181218142600,39012.5,39071.24673612416
20181218142700,39037.5,39063.75629007816
20181218142800,39025.0,39074.62030276656
20181218142900,39025.0,39075.36635585129
20181218143000,39025.0,39071.24673612416
20181218143100,39025.0,39071.24673612416
20181218143200,39012.5,39071.24673612416
20181218143300,39025.0,39063.75629007816
20181218143400,39012.5,39067.12688803673
20181218143500,39025.0,39063.75629007816
20181218143600,39012.5,39067.12688803673
20181218143700,39012.5,39063.75629007816
20181218143800,39012.5,39059.6380405128
20181218143900,39025.0,39059.6380405128
20181218144000,39037.5,39067.12688803673
20181218144100,39025.0,39078.74106429517
20181218144200,39025.0,39075.36635585129
20181218144300,39037.5,39071.24673612416
20181218144400,39012.5,39078.74106429517
20181218144500,39012.5,39067.87476800382
20181218144600,39025.0,39059.6380405128
20181218144700,39012.5,39067.12688803673
20181218144800,39037.5,39063.75629007816
20181218144900,39025.0,39074.62030276656
20181218145000,39025.0,39075.36635585129
20181218145100,39025.0,39071.24673612416
20181218145200,39012.5,39071.24673612416
20181218145300,39050.0,39063.75629007816
20181218145400,39062.5,39082.11737126112
20181218145500,39075.0,39101.990654319525
20181218145600,39062.5,39113.62583972514
20181218145700,39075.0,39110.23994162679
20181218145800,39075.0,39113.62583972514
20181218145900,39075.0,39117.752081900835
20181218150000,39050.0,39117.752081900835
20181218150100,39012.5,39102.731911838055
20181218150200,39037.5,39071.99370265007
20181218150300,39075.0,39074.62030276656
20181218150400,39062.5,39105.374040454626
20181218150500,39050.0,39110.23994162679
20181218150600,39050.0,39098.608638346195
20181218150700,39037.5,39094.485364854336
20181218150800,39025.0,39086.98395751417
20181218150900,39037.5,39075.36635585129
20181218151000,39037.5,39078.74106429517
20181218151100,39025.0,39082.862282544374
20181218151200,39025.0,39075.36635585129
20181218151300,39037.5,39071.24673612416
20181218151400,39050.0,39078.74106429517
20181218151500,39012.5,39090.36231972277
20181218151600,39037.5,39071.99370265007
20181218151700,39025.0,39074.62030276656
20181218151800,39025.0,39075.36635585129
20181218151900,38987.5,39071.24673612416
20181218153000,38900.0,39048.78772944212
20181218153500,38900.0,38984.210178256035
20181219090000,39012.5,38955.48519343138
20181219090100,39137.5,39022.58795276284
20181219090200,39150.0,39134.710117429495
20181219090300,39150.0,39183.584701269865
20181219090400,39200.0,39187.72121965885
20181219090500,39287.5,39217.937625572085
20181219090600,39312.5,39287.57335729897
20181219090700,39225.0,39331.856529042125
20181219090800,39187.5,39286.9652338326
20181219090900,39175.0,39235.223358124495
20181219091000,39112.5,39215.239091962576
20181219091100,39075.0,39173.36557805538
20181219091200,39050.0,39130.13263531029
20181219091300,39000.0,39102.731911838055
20181219091400,38987.5,39064.50417004526
20181219091500,38975.0,39040.55716767907
20181219091600,38925.0,39028.9685677737
20181219091700,38950.0,38995.005682855844
20181219091800,38962.5,38993.48457492888
20181219091900,38950.0,39009.16447788477
20181219092000,38950.0,39005.81260547042
20181219092100,38937.5,39001.70257687569
20181219092200,38962.5,38994.24478635192
20181219092300,38987.5,39005.05376420915
20181219092400,38975.0,39028.21383699775
20181219092500,38975.0,39028.9685677737
20181219092600,39025.0,39024.85557049513
20181219092700,39037.5,39054.77031245828
20181219092800,39050.0,39078.74106429517
20181219092900,39050.0,39090.36231972277
20181219093000,39037.5,39094.485364854336
20181219093100,39075.0,39086.98395751417
20181219093200,39075.0,39105.374040454626
20181219093300,39087.5,39117.752081900835
20181219093400,39087.5,39125.26787593961
20181219093500,39062.5,39129.39617335796
20181219093600,39075.0,39114.36504200101
20181219093700,39075.0,39113.62583972514
20181219093800,39100.0,39117.752081900835
20181219093900,39150.0,39132.78800882399
20181219094000,39125.0,39171.17834314704
20181219094100,39062.5,39172.6366519928
20181219094200,39075.0,39126.74262672663
20181219094300,39062.5,39113.62583972514
20181219094400,39087.5,39110.23994162679
20181219094500,39112.5,39121.14026360214
20181219094600,39087.5,39144.44328993559
20181219094700,39050.0,39137.652768194675
20181219094800,39037.5,39106.855642050505
20181219094900,39012.5,39086.98395751417
20181219095000,39012.5,39067.87476800382
20181219095100,39000.0,39059.6380405128
20181219095200,39012.5,39052.15353183448
20181219095300,39012.5,39055.52024766803
20181219095400,39012.5,39059.6380405128
20181219095500,39012.5,39059.6380405128
20181219095600,39012.5,39059.6380405128
20181219095700,39012.5,39059.6380405128
20181219095800,38950.0,39059.6380405128
20181219095900,38950.0,39022.253861650825
20181219100000,38975.0,39001.70257687569
20181219100100,38987.5,39016.63003265858
20181219100200,38975.0,39032.327976077795
20181219100300,38975.0,39028.9685677737
20181219100400,39000.0,39024.85557049513
20181219100500,38962.5,39039.80472050607
20181219100600,38925.0,39025.610529631376
20181219100700,38900.0,38990.898851305246
20181219100800,38912.5,38963.69063556194
20181219100900,38912.5,38962.92425841093
20181219101000,38925.0,38967.02857799828
20181219101100,38925.0,38974.473351985216
20181219101200,38912.5,38978.57949845493
20181219101300,38912.5,38971.13335430622
20181219101400,38937.5,38967.02857799828
20181219101500,38912.5,38981.92246481776
20181219101600,38937.5,38975.23767389357
20181219101700,38925.0,38981.92246481776
20181219101800,38950.0,38982.685416564345
20181219101900,38950.0,38993.48457492888
20181219102000,38912.5,39001.70257687569
20181219102100,38925.0,38979.34245020151
20181219102200,38912.5,38974.473351985216
20181219102300,38912.5,38971.13335430622
20181219102400,38925.0,38967.02857799828
20181219102500,38912.5,38974.473351985216
20181219102600,38912.5,38971.13335430622
20181219102700,38912.5,38967.02857799828
20181219102800,38912.5,38967.02857799828
20181219102900,38925.0,38967.02857799828
20181219103000,38950.0,38974.473351985216
20181219103100,38925.0,38993.48457492888
20181219103200,38925.0,38986.79156303406
20181219103300,38912.5,38978.57949845493
20181219103400,38912.5,38971.13335430622
20181219103500,38925.0,38967.02857799828
20181219103600,38937.5,38974.473351985216
20181219103700,38937.5,38986.03020980954
20181219103800,38937.5,38990.137726441026
20181219103900,38962.5,38990.137726441026
20181219104000,38975.0,39005.05376420915
20181219104100,38987.5,39020.74280157685
20181219104200,39012.5,39032.327976077795
20181219104300,39000.0,39051.402454823256
20181219104400,39012.5,39052.15353183448
20181219104500,39000.0,39055.52024766803
20181219104600,38987.5,39052.15353183448
20181219104700,39050.0,39040.55716767907
20181219104800,39050.0,39073.873107880354
20181219104900,39012.5,39094.485364854336
20181219105000,38962.5,39071.99370265007
20181219105100,38975.0,39029.72284182906
20181219105200,39000.0,39020.74280157685
20181219105300,39025.0,39039.80472050607
20181219105400,39037.5,39063.007725030184
20181219105500,39012.5,39078.74106429517
20181219105600,39025.0,39067.87476800382
20181219105700,39012.5,39067.12688803673
20181219105800,39025.0,39063.75629007816
20181219105900,39012.5,39067.12688803673
20181219110000,39037.5,39063.75629007816
20181219110100,39012.5,39074.62030276656
20181219110200,39000.0,39067.87476800382
20181219110300,39012.5,39052.15353183448
20181219110400,39025.0,39055.52024766803
20181219110500,39037.5,39067.12688803673
20181219110600,39025.0,39078.74106429517
20181219110700,38987.5,39075.36635585129
20181219110800,38962.5,39048.78772944212
20181219110900,38987.5,39021.49867415428
20181219111000,38975.0,39028.21383699775
20181219111100,38962.5,39028.9685677737
20181219111200,38975.0,39017.38704703748
20181219111300,38975.0,39020.74280157685
20181219111400,38962.5,39024.85557049513
20181219111500,38962.5,39017.38704703748
20181219111600,38962.5,39013.27519156039
20181219111700,38975.0,39013.27519156039
20181219111800,38975.0,39020.74280157685
20181219111900,38975.0,39024.85557049513
20181219112000,38987.5,39024.85557049513
20181219112100,38975.0,39032.327976077795
20181219112200,38962.5,39028.9685677737
20181219112300,38975.0,39017.38704703748
20181219112400,38975.0,39020.74280157685
20181219112500,38975.0,39024.85557049513
20181219112600,38962.5,39024.85557049513
20181219112700,38975.0,39017.38704703748
20181219112800,38962.5,39020.74280157685
20181219112900,38987.5,39017.38704703748
20181219113000,38975.0,39028.21383699775
20181219113100,38962.5,39028.9685677737
20181219113200,38962.5,39017.38704703748
20181219113300,38962.5,39013.27519156039
20181219113400,38937.5,39013.27519156039
20181219113500,38937.5,38998.353216424584
20181219113600,38925.0,38990.137726441026
20181219113700,38925.0,38982.685416564345
20181219113800,38925.0,38978.57949845493
20181219113900,38912.5,38978.57949845493
20181219114000,38937.5,38971.13335430622
20181219114100,38975.0,38981.92246481776
20181219114200,38962.5,39012.51794882119
20181219114300,38962.5,39017.38704703748
20181219114400,38962.5,39013.27519156039
20181219114500,38975.0,39013.27519156039
20181219114600,38975.0,39020.74280157685
20181219114700,38987.5,39024.85557049513
20181219114800,38987.5,39032.327976077795
20181219114900,38962.5,39036.443028599024
20181219115000,38975.0,39021.49867415428
20181219115100,38962.5,39020.74280157685
20181219115200,38962.5,39017.38704703748
20181219115300,38987.5,39013.27519156039
20181219115400,38962.5,39028.21383699775
20181219115500,38975.0,39021.49867415428
20181219115600,38975.0,39020.74280157685
20181219115700,38962.5,39024.85557049513
20181219115800,38987.5,39017.38704703748
20181219115900,38975.0,39028.21383699775
20181219120000,38975.0,39028.9685677737
20181219120100,38962.5,39024.85557049513
20181219120200,38962.5,39017.38704703748
20181219120300,38975.0,39013.27519156039
20181219120400,38962.5,39020.74280157685
20181219120500,38962.5,39017.38704703748
20181219120600,38975.0,39013.27519156039
20181219120700,38962.5,39020.74280157685
20181219120800,38975.0,39017.38704703748
20181219120900,38962.5,39020.74280157685
20181219121000,38962.5,39017.38704703748
20181219121100,38975.0,39013.27519156039
20181219121200,38962.5,39020.74280157685
20181219121300,38962.5,39017.38704703748
20181219121400,38962.5,39013.27519156039
20181219121500,38975.0,39013.27519156039
20181219121600,38962.5,39020.74280157685
20181219121700,38962.5,39017.38704703748
20181219121800,38962.5,39013.27519156039
20181219121900,38962.5,39013.27519156039
20181219122000,38975.0,39013.27519156039
20181219122100,38962.5,39020.74280157685
20181219122200,38962.5,39017.38704703748
20181219122300,38987.5,39013.27519156039
20181219122400,38975.0,39028.21383699775
20181219122500,38962.5,39028.9685677737
20181219122600,38975.0,39017.38704703748
20181219122700,38962.5,39020.74280157685
20181219122800,38975.0,39017.38704703748
20181219122900,38962.5,39020.74280157685
20181219123000,38975.0,39017.38704703748
20181219123100,38962.5,39020.74280157685
20181219123200,38962.5,39017.38704703748
20181219123300,38962.5,39013.27519156039
20181219123400,38962.5,39013.27519156039
20181219123500,38962.5,39013.27519156039
20181219123600,38962.5,39013.27519156039
20181219123700,38962.5,39013.27519156039
20181219123800,38987.5,39013.27519156039
20181219123900,38975.0,39028.21383699775
20181219124000,38962.5,39028.9685677737
20181219124100,38975.0,39017.38704703748
20181219124200,38975.0,39020.74280157685
20181219124300,38975.0,39024.85557049513
20181219124400,38975.0,39024.85557049513
20181219124500,38987.5,39024.85557049513
20181219124600,38962.5,39032.327976077795
20181219124700,38962.5,39021.49867415428
20181219124800,38975.0,39013.27519156039
20181219124900,38987.5,39020.74280157685
20181219125000,39025.0,39032.327976077795
20181219125100,39075.0,39058.88856202364
20181219125200,39062.5,39101.24871172011
20181219125300,39050.0,39110.23994162679
20181219125400,39012.5,39098.608638346195
20181219125500,39025.0,39071.99370265007
20181219125600,39025.0,39067.12688803673
20181219125700,39025.0,39071.24673612416
20181219125800,39037.5,39071.24673612416
20181219125900,39025.0,39078.74106429517
20181219130000,39012.5,39075.36635585129
20181219130100,39012.5,39063.75629007816
20181219130200,39012.5,39059.6380405128
20181219130300,39025.0,39059.6380405128
20181219130400,39012.5,39067.12688803673
20181219130500,39012.5,39063.75629007816
20181219130600,39000.0,39059.6380405128
20181219130700,38987.5,39052.15353183448
20181219130800,39012.5,39040.55716767907
20181219130900,39037.5,39051.402454823256
20181219131000,39000.0,39074.62030276656
20181219131100,38975.0,39060.38706228137
20181219131200,38975.0,39033.08202177286
20181219131300,38987.5,39024.85557049513
20181219131400,39012.5,39032.327976077795
20181219131500,39000.0,39051.402454823256
20181219131600,39025.0,39052.15353183448
20181219131700,39012.5,39063.007725030184
20181219131800,39025.0,39063.75629007816
20181219131900,39012.5,39067.12688803673
20181219132000,39025.0,39063.75629007816
20181219132100,39012.5,39067.12688803673
20181219132200,39025.0,39063.75629007816
20181219132300,39025.0,39067.12688803673
20181219132400,39012.5,39071.24673612416
20181219132500,39025.0,39063.75629007816
20181219132600,39025.0,39067.12688803673
20181219132700,39012.5,39071.24673612416
20181219132800,39025.0,39063.75629007816
20181219132900,39025.0,39067.12688803673
20181219133000,39025.0,39071.24673612416
20181219133100,39025.0,39071.24673612416
20181219133200,39025.0,39071.24673612416
20181219133300,39037.5,39071.24673612416
20181219133400,39012.5,39078.74106429517
20181219133500,39025.0,39067.87476800382
20181219133600,39025.0,39067.12688803673
20181219133700,39012.5,39071.24673612416
20181219133800,39037.5,39063.75629007816
20181219133900,39025.0,39074.62030276656
20181219134000,39025.0,39075.36635585129
20181219134100,39037.5,39071.24673612416
20181219134200,39050.0,39078.74106429517
20181219134300,39075.0,39090.36231972277
20181219134400,39075.0,39109.50005427003
20181219134500,39062.5,39117.752081900835
20181219134600,39062.5,39110.23994162679
20181219134700,39075.0,39106.115297973156
20181219134800,39050.0,39113.62583972514
20181219134900,39025.0,39102.731911838055
20181219135000,39037.5,39079.48688901961
20181219135100,39075.0,39078.74106429517
20181219135200,39062.5,39105.374040454626
20181219135300,39075.0,39110.23994162679
20181219135400,39075.0,39113.62583972514
20181219135500,39075.0,39117.752081900835
20181219135600,39062.5,39117.752081900835
20181219135700,39075.0,39110.23994162679
20181219135800,39062.5,39113.62583972514
20181219135900,39062.5,39110.23994162679
20181219140000,39075.0,39106.115297973156
20181219140100,39062.5,39113.62583972514
20181219140200,39062.5,39110.23994162679
20181219140300,39062.5,39106.115297973156
20181219140400,39075.0,39106.115297973156
20181219140500,39075.0,39113.62583972514
20181219140600,39050.0,39117.752081900835
20181219140700,39025.0,39102.731911838055
20181219140800,39025.0,39079.48688901961
20181219140900,39037.5,39071.24673612416
20181219141000,39037.5,39078.74106429517
20181219141100,39037.5,39082.862282544374
20181219141200,39025.0,39082.862282544374
20181219141300,39025.0,39075.36635585129
20181219141400,39025.0,39071.24673612416
20181219141500,39025.0,39071.24673612416
20181219141600,39025.0,39071.24673612416
20181219141700,39012.5,39071.24673612416
20181219141800,39037.5,39063.75629007816
20181219141900,39062.5,39074.62030276656
20181219142000,39062.5,39097.866467386484
20181219142100,39050.0,39106.115297973156
20181219142200,39012.5,39098.608638346195
20181219142300,39025.0,39071.99370265007
20181219142400,39037.5,39067.12688803673
20181219142500,39037.5,39078.74106429517
20181219142600,39062.5,39082.862282544374
20181219142700,39062.5,39097.866467386484
20181219142800,39062.5,39106.115297973156
20181219142900,39050.0,39106.115297973156
20181219143000,39012.5,39098.608638346195
20181219143100,39062.5,39071.99370265007
20181219143200,39075.0,39089.61855024099
20181219143300,39062.5,39113.62583972514
20181219143400,39075.0,39110.23994162679
20181219143500,39062.5,39113.62583972514
20181219143600,39062.5,39110.23994162679
20181219143700,39062.5,39106.115297973156
20181219143800,39075.0,39106.115297973156
20181219143900,39062.5,39113.62583972514
20181219144000,39062.5,39110.23994162679
20181219144100,39062.5,39106.115297973156
20181219144200,39062.5,39106.115297973156
20181219144300,39062.5,39106.115297973156
20181219144400,39087.5,39106.115297973156
20181219144500,39062.5,39121.14026360214
20181219144600,39062.5,39114.36504200101
20181219144700,39062.5,39106.115297973156
20181219144800,39025.0,39106.115297973156
20181219144900,39037.5,39083.607422187924
20181219145000,39037.5,39078.74106429517
20181219145100,39037.5,39082.862282544374
20181219145200,39062.5,39082.862282544374
20181219145300,39075.0,39097.866467386484
20181219145400,39075.0,39113.62583972514
20181219145500,39075.0,39117.752081900835
20181219145600,39075.0,39117.752081900835
20181219145700,39062.5,39117.752081900835
20181219145800,39062.5,39110.23994162679
20181219145900,39075.0,39106.115297973156
20181219150000,39062.5,39113.62583972514
20181219150100,39075.0,39110.23994162679
20181219150200,39075.0,39113.62583972514
20181219150300,39087.5,39117.752081900835
20181219150400,39062.5,39125.26787593961
20181219150500,39062.5,39114.36504200101
20181219150600,39062.5,39106.115297973156
20181219150700,39050.0,39106.115297973156
20181219150800,39012.5,39098.608638346195
20181219150900,39025.0,39071.99370265007
20181219151000,39025.0,39067.12688803673
20181219151100,39037.5,39071.24673612416
20181219151200,39025.0,39078.74106429517
20181219151300,39062.5,39075.36635585129
20181219151400,39075.0,39093.74228045344
20181219151500,39075.0,39113.62583972514
20181219151600,39075.0,39117.752081900835
20181219151700,39087.5,39117.752081900835
20181219151800,39062.5,39125.26787593961
20181219151900,39062.5,39114.36504200101
20181219153000,39100.0,39106.115297973156
20181219153500,39100.0,39128.65902632475
20181220090000,38612.5,39141.04711562395
20181220090100,38625.0,38850.6701014936
20181220090200,38662.5,38699.352860823274
20181220090300,38662.5,38725.370862707496
20181220090400,38662.5,38737.57192492485
20181220090500,38637.5,38737.57192492485
20181220090600,38625.0,38722.92078509927
20181220090700,38637.5,38707.47632160783
20181220090800,38700.0,38710.72862893343
20181220090900,38737.5,38751.436591893435
20181220091000,38762.5,38793.85817050934
20181220091100,38775.0,38820.829804986715
20181220091200,38737.5,38836.37177832425
20181220091300,38750.0,38818.330629915
20181220091400,38737.5,38813.45924809575
20181220091500,38737.5,38810.17200164497
20181220091600,38737.5,38806.09325841069
20181220091700,38737.5,38806.09325841069
20181220091800,38675.0,38806.09325841069
20181220091900,38650.0,38769.32451054454
20181220092000,38637.5,38734.31048318744
20181220092100,38625.0,38718.855971843004
20181220092200,38662.5,38707.47632160783
20181220092300,38737.5,38725.370862707496
20181220092400,38725.0,38781.62673637271
20181220092500,38712.5,38798.73023740947
20181220092600,38712.5,38787.29760758579
20181220092700,38712.5,38783.22228975594
20181220092800,38700.0,38783.22228975594
20181220092900,38675.0,38775.87091512978
20181220093000,38675.0,38757.111801952124
20181220093100,38675.0,38748.9723559469
20181220093200,38662.5,38748.9723559469
20181220093300,38725.0,38741.63879342377
20181220093400,38712.5,38774.2730781436
20181220093500,38712.5,38787.29760758579
20181220093600,38762.5,38783.22228975594
20181220093700,38737.5,38812.666381150484
20181220093800,38712.5,38814.251201599836
20181220093900,38725.0,38791.37269705534
20181220094000,38750.0,38790.57663306594
20181220094100,38762.5,38809.37890633941
20181220094200,38775.0,38824.91151690483
20181220094300,38775.0,38836.37177832425
20181220094400,38787.5,38840.45554548502
20181220094500,38787.5,38847.839118912816
20181220094600,38825.0,38851.92562639713
20181220094700,38825.0,38874.104891717434
20181220094800,38825.0,38886.3783441484
20181220094900,38812.5,38886.3783441484
20181220095000,38800.0,38878.97673025727
20181220095100,38787.5,38867.49066412449
20181220095200,38775.0,38856.011905521154
20181220095300,38762.5,38844.540682807565
20181220095400,38775.0,38833.07699598372
20181220095500,38787.5,38836.37177832425
20181220095600,38787.5,38847.839118912816
20181220095700,38762.5,38851.92562639713
20181220095800,38775.0,38837.15984970331
20181220095900,38775.0,38836.37177832425
20181220100000,38775.0,38840.45554548502
20181220100100,38837.5,38840.45554548502
20181220100200,38875.0,38877.41474583745
20181220100300,38900.0,38920.12497186661
20181220100400,38912.5,38947.28089310229
20181220100500,38912.5,38962.92425841093
20181220100600,38950.0,38967.02857799828
20181220100700,38975.0,38989.376144856215
20181220100800,38987.5,39016.63003265858
20181220100900,39000.0,39032.327976077795
20181220101000,39050.0,39043.92045810819
20181220101100,39087.5,39077.99523957074
20181220101200,39062.5,39117.01310798526
20181220101300,39037.5,39114.36504200101
20181220101400,38987.5,39091.10608920455
20181220101500,38962.5,39052.90323868394
20181220101600,38975.0,39021.49867415428
20181220101700,38962.5,39020.74280157685
20181220101800,38975.0,39017.38704703748
20181220101900,38975.0,39020.74280157685
20181220102000,38987.5,39024.85557049513
20181220102100,38962.5,39032.327976077795
20181220102200,38987.5,39021.49867415428
20181220102300,38975.0,39028.21383699775
20181220102400,38962.5,39028.9685677737
20181220102500,38987.5,39017.38704703748
20181220102600,38975.0,39028.21383699775
20181220102700,38962.5,39028.9685677737
20181220102800,39000.0,39017.38704703748
20181220102900,39050.0,39035.68921126425
20181220103000,39075.0,39077.99523957074
20181220103100,39050.0,39109.50005427003
20181220103200,39012.5,39102.731911838055
20181220103300,39012.5,39071.99370265007
20181220103400,39025.0,39059.6380405128
20181220103500,39025.0,39067.12688803673
20181220103600,39012.5,39071.24673612416
20181220103700,39000.0,39063.75629007816
20181220103800,38962.5,39052.15353183448
20181220103900,38975.0,39025.610529631376
20181220104000,38962.5,39020.74280157685
20181220104100,38962.5,39017.38704703748
20181220104200,38987.5,39013.27519156039
20181220104300,38987.5,39028.21383699775
20181220104400,38975.0,39036.443028599024
20181220104500,38962.5,39028.9685677737
20181220104600,38975.0,39017.38704703748
20181220104700,38975.0,39020.74280157685
20181220104800,38962.5,39024.85557049513
20181220104900,38987.5,39017.38704703748
20181220105000,38950.0,39028.21383699775
20181220105100,38912.5,39014.03266265988
20181220105200,38925.0,38979.34245020151
20181220105300,38962.5,38974.473351985216
20181220105400,38975.0,39000.94327889383
20181220105500,38975.0,39020.74280157685
20181220105600,38975.0,39024.85557049513
20181220105700,38987.5,39024.85557049513
20181220105800,38975.0,39032.327976077795
20181220105900,38975.0,39028.9685677737
20181220110000,38950.0,39024.85557049513
20181220110100,38912.5,39009.922405704856
20181220110200,38912.5,38979.34245020151
20181220110300,38925.0,38967.02857799828
20181220110400,38912.5,38974.473351985216
20181220110500,38912.5,38971.13335430622
20181220110600,38925.0,38967.02857799828
20181220110700,38937.5,38974.473351985216
20181220110800,38950.0,38986.03020980954
20181220110900,38975.0,38997.59369008243
20181220111000,38962.5,39016.63003265858
20181220111100,38962.5,39017.38704703748
20181220111200,38962.5,39013.27519156039
20181220111300,38950.0,39013.27519156039
20181220111400,38912.5,39005.81260547042
20181220111500,38912.5,38979.34245020151
20181220111600,38912.5,38967.02857799828
20181220111700,38912.5,38967.02857799828
20181220111800,38937.5,38967.02857799828
20181220111900,38925.0,38981.92246481776
20181220112000,38912.5,38982.685416564345
20181220112100,38912.5,38971.13335430622
20181220112200,38887.5,38967.02857799828
20181220112300,38862.5,38952.15113312006
20181220112400,38862.5,38929.093365743756
20181220112500,38862.5,38920.89865654707
20181220112600,38862.5,38920.89865654707
20181220112700,38875.0,38920.89865654707
20181220112800,38862.5,38928.32127958536
20181220112900,38875.0,38924.99566860497
20181220113000,38862.5,38928.32127958536
20181220113100,38875.0,38924.99566860497
20181220113200,38862.5,38928.32127958536
20181220113300,38862.5,38924.99566860497
20181220113400,38875.0,38920.89865654707
20181220113500,38875.0,38928.32127958536
20181220113600,38862.5,38932.41989016533
20181220113700,38875.0,38924.99566860497
20181220113800,38862.5,38928.32127958536
20181220113900,38875.0,38924.99566860497
20181220114000,38875.0,38928.32127958536
20181220114100,38875.0,38932.41989016533
20181220114200,38875.0,38932.41989016533
20181220114300,38875.0,38932.41989016533
20181220114400,38862.5,38932.41989016533
20181220114500,38875.0,38924.99566860497
20181220114600,38875.0,38928.32127958536
20181220114700,38862.5,38932.41989016533
20181220114800,38862.5,38924.99566860497
20181220114900,38875.0,38920.89865654707
20181220115000,38875.0,38928.32127958536
20181220115100,38875.0,38932.41989016533
20181220115200,38887.5,38932.41989016533
20181220115300,38862.5,38939.84799385071
20181220115400,38875.0,38929.093365743756
20181220115500,38875.0,38928.32127958536
20181220115600,38862.5,38932.41989016533
20181220115700,38862.5,38924.99566860497
20181220115800,38875.0,38920.89865654707
20181220115900,38875.0,38928.32127958536
20181220120000,38887.5,38932.41989016533
20181220120100,38875.0,38939.84799385071
20181220120200,38862.5,38936.51895746589
20181220120300,38875.0,38924.99566860497
20181220120400,38875.0,38928.32127958536
20181220120500,38875.0,38932.41989016533
20181220120600,38887.5,38932.41989016533
20181220120700,38862.5,38939.84799385071
20181220120800,38875.0,38929.093365743756
20181220120900,38875.0,38928.32127958536
20181220121000,38850.0,38932.41989016533
20181220121100,38812.5,38917.575557529926
20181220121200,38825.0,38887.15796619654
20181220121300,38800.0,38882.286812737584
20181220121400,38737.5,38871.57899849117
20181220121500,38725.0,38826.49154178798
20181220121600,38725.0,38798.73023740947
20181220121700,38712.5,38794.65332105756
20181220121800,38725.0,38787.29760758579
20181220121900,38725.0,38790.57663306594
20181220122000,38737.5,38794.65332105756
20181220122100,38737.5,38802.014058455825
20181220122200,38762.5,38806.09325841069
20181220122300,38775.0,38820.829804986715
20181220122400,38750.0,38836.37177832425
20181220122500,38712.5,38825.701643526554
20181220122600,38725.0,38795.44892832637
20181220122700,38712.5,38790.57663306594
20181220122800,38712.5,38787.29760758579
20181220122900,38737.5,38783.22228975594
20181220123000,38737.5,38797.93577194214
20181220123100,38712.5,38806.09325841069
20181220123200,38712.5,38791.37269705534
20181220123300,38750.0,38783.22228975594
20181220123400,38787.5,38805.299021303654
20181220123500,38775.0,38839.66815918684
20181220123600,38787.5,38844.540682807565
20181220123700,38775.0,38847.839118912816
20181220123800,38787.5,38844.540682807565
20181220123900,38775.0,38847.839118912816
20181220124000,38775.0,38844.540682807565
20181220124100,38762.5,38840.45554548502
20181220124200,38800.0,38833.07699598372
20181220124300,38812.5,38851.13983862102
20181220124400,38775.0,38870.79686447978
20181220124500,38762.5,38852.71027237177
20181220124600,38737.5,38833.07699598372
20181220124700,38712.5,38814.251201599836
20181220124800,38712.5,38791.37269705534
20181220124900,38737.5,38783.22228975594
20181220125000,38737.5,38797.93577194214
20181220125100,38725.0,38806.09325841069
20181220125200,38725.0,38798.73023740947
20181220125300,38712.5,38794.65332105756
20181220125400,38725.0,38787.29760758579
20181220125500,38712.5,38790.57663306594
20181220125600,38737.5,38787.29760758579
20181220125700,38762.5,38797.93577194214
20181220125800,38800.0,38820.829804986715
20181220125900,38800.0,38851.13983862102
20181220130000,38775.0,38863.402101397514
20181220130100,38775.0,38848.62536340952
20181220130200,38762.5,38840.45554548502
20181220130300,38775.0,38833.07699598372
20181220130400,38775.0,38836.37177832425
20181220130500,38775.0,38840.45554548502
20181220130600,38775.0,38840.45554548502
20181220130700,38775.0,38840.45554548502
20181220130800,38762.5,38840.45554548502
20181220130900,38775.0,38833.07699598372
20181220131000,38775.0,38836.37177832425
20181220131100,38775.0,38840.45554548502
20181220131200,38787.5,38840.45554548502
20181220131300,38775.0,38847.839118912816
20181220131400,38775.0,38844.540682807565
20181220131500,38775.0,38840.45554548502
20181220131600,38762.5,38840.45554548502
20181220131700,38762.5,38833.07699598372
20181220131800,38762.5,38828.99368554354
20181220131900,38787.5,38828.99368554354
20181220132000,38762.5,38843.75352486968
20181220132100,38762.5,38837.15984970331
20181220132200,38737.5,38828.99368554354
20181220132300,38712.5,38814.251201599836
20181220132400,38712.5,38791.37269705534
20181220132500,38712.5,38783.22228975594
20181220132600,38725.0,38783.22228975594
20181220132700,38712.5,38790.57663306594
20181220132800,38700.0,38787.29760758579
20181220132900,38675.0,38775.87091512978
20181220133000,38687.5,38757.111801952124
20181220133100,38687.5,38756.310257315636
20181220133200,38662.5,38760.38100793958
20181220133300,38675.0,38745.707488805056
20181220133400,38675.0,38744.903203845024
20181220133500,38675.0,38748.9723559469
20181220133600,38687.5,38748.9723559469
20181220133700,38675.0,38756.310257315636
20181220133800,38675.0,38753.04196476936
20181220133900,38662.5,38748.9723559469
20181220134000,38662.5,38741.63879342377
20181220134100,38662.5,38737.57192492485
20181220134200,38662.5,38737.57192492485
20181220134300,38650.0,38737.57192492485
20181220134400,38612.5,38730.24384304881
20181220134500,38612.5,38704.2251560837
20181220134600,38612.5,38692.04396121204
20181220134700,38625.0,38692.04396121204
20181220134800,38612.5,38699.352860823274
20181220134900,38587.5,38696.1039789021
20181220135000,38562.5,38677.4391785264
20181220135100,38575.0,38654.745189100504
20181220135200,38562.5,38653.92583236098
20181220135300,38562.5,38650.69247893989
20181220135400,38562.5,38646.63976877928
20181220135500,38575.0,38646.63976877928
20181220135600,38562.5,38653.92583236098
20181220135700,38562.5,38650.69247893989
20181220135800,38562.5,38646.63976877928
20181220135900,38575.0,38646.63976877928
20181220140000,38562.5,38653.92583236098
20181220140100,38562.5,38650.69247893989
20181220140200,38575.0,38646.63976877928
20181220140300,38575.0,38653.92583236098
20181220140400,38575.0,38657.97968432307
20181220140500,38562.5,38657.97968432307
20181220140600,38575.0,38650.69247893989
20181220140700,38562.5,38653.92583236098
20181220140800,38562.5,38650.69247893989
20181220140900,38562.5,38646.63976877928
20181220141000,38562.5,38646.63976877928
20181220141100,38562.5,38646.63976877928
20181220141200,38562.5,38646.63976877928
20181220141300,38575.0,38646.63976877928
20181220141400,38587.5,38653.92583236098
20181220141500,38587.5,38665.27031511068
20181220141600,38575.0,38669.326450675726
20181220141700,38562.5,38662.03399300575
20181220141800,38575.0,38650.69247893989
20181220141900,38575.0,38653.92583236098
20181220142000,38562.5,38657.97968432307
20181220142100,38575.0,38650.69247893989
20181220142200,38587.5,38653.92583236098
20181220142300,38575.0,38665.27031511068
20181220142400,38575.0,38662.03399300575
20181220142500,38575.0,38657.97968432307
20181220142600,38587.5,38657.97968432307
20181220142700,38575.0,38665.27031511068
20181220142800,38587.5,38662.03399300575
20181220142900,38587.5,38665.27031511068
20181220143000,38562.5,38669.326450675726
20181220143100,38575.0,38654.745189100504
20181220143200,38575.0,38653.92583236098
20181220143300,38562.5,38657.97968432307
20181220143400,38562.5,38650.69247893989
20181220143500,38562.5,38646.63976877928
20181220143600,38587.5,38646.63976877928
20181220143700,38575.0,38661.21554970741
20181220143800,38562.5,38662.03399300575
20181220143900,38562.5,38650.69247893989
20181220144000,38562.5,38646.63976877928
20181220144100,38575.0,38646.63976877928
20181220144200,38562.5,38653.92583236098
20181220144300,38562.5,38650.69247893989
20181220144400,38562.5,38646.63976877928
20181220144500,38562.5,38646.63976877928
20181220144600,38575.0,38646.63976877928
20181220144700,38562.5,38653.92583236098
20181220144800,38575.0,38650.69247893989
20181220144900,38562.5,38653.92583236098
20181220145000,38562.5,38650.69247893989
20181220145100,38575.0,38646.63976877928
20181220145200,38562.5,38653.92583236098
20181220145300,38562.5,38650.69247893989
20181220145400,38562.5,38646.63976877928
20181220145500,38575.0,38646.63976877928
20181220145600,38562.5,38653.92583236098
20181220145700,38562.5,38650.69247893989
20181220145800,38575.0,38646.63976877928
20181220145900,38587.5,38653.92583236098
20181220150000,38600.0,38665.27031511068
20181220150100,38575.0,38676.6237039119
20181220150200,38575.0,38666.08830168843
20181220150300,38587.5,38657.97968432307
20181220150400,38587.5,38665.27031511068
20181220150500,38587.5,38669.326450675726
20181220150600,38562.5,38669.326450675726
20181220150700,38575.0,38654.745189100504
20181220150800,38550.0,38653.92583236098
20181220150900,38525.0,38643.409840762615
20181220151000,38525.0,38620.76243683696
20181220151100,38537.5,38612.66980469227
20181220151200,38537.5,38619.93759945035
20181220151300,38525.0,38623.985285684466
20181220151400,38525.0,38616.71589240432
20181220151500,38525.0,38612.66980469227
20181220151600,38512.5,38612.66980469227
20181220151700,38562.5,38605.4061204195
20181220151800,38575.0,38630.435322225094
20181220151900,38625.0,38653.92583236098
20181220153000,38650.0,38687.17052415013
20181220153500,38650.0,38718.04757639766
20181221090000,38262.5,38726.17788799107
20181221090100,38212.5,38501.19641162455
20181221090200,38225.0,38348.35372418165
20181221090300,38250.0,38339.48969095945
20181221090400,38162.5,38357.738875597715
20181221090500,38125.0,38315.90920686722
20181221090600,38212.5,38266.7407233268
20181221090700,38325.0,38304.42131385207
20181221090800,38387.5,38396.59437984228
20181221090900,38437.5,38468.604373559356
20181221091000,38500.0,38517.55545809865
20181221091100,38500.0,38569.85658816993
20181221091200,38487.5,38590.06122201681
20181221091300,38537.5,38582.809640839696
20181221091400,38512.5,38607.79636763036
20181221091500,38500.0,38609.450609609485
20181221091600,38475.0,38594.10456940532
20181221091700,38462.5,38575.56239850819
20181221091800,38475.0,38560.24558842182
20181221091900,38487.5,38563.44742812216
20181221092000,38487.5,38574.72979687154
20181221092100,38512.5,38578.769490495324
20181221092200,38550.0,38593.27425137162
20181221092300,38600.0,38623.16067665815
20181221092400,38637.5,38664.45255689323
20181221092500,38575.0,38702.60311290622
20181221092600,38562.5,38678.25442478061
20181221092700,38600.0,38650.69247893989
20181221092800,38637.5,38668.50983425975
20181221092900,38600.0,38702.60311290622
20181221093000,38550.0,38692.85692386329
20181221093100,38512.5,38651.5122924
20181221093200,38512.5,38613.49555552006
20181221093300,38525.0,38601.36163122952
20181221093400,38537.5,38608.62371698022
20181221093500,38512.5,38619.93759945035
20181221093600,38525.0,38609.450609609485
20181221093700,38537.5,38608.62371698022
20181221093800,38500.0,38619.93759945035
20181221093900,38450.0,38602.18943729997
20181221094000,38487.5,38561.08070202172
20181221094100,38487.5,38566.65109470487
20181221094200,38500.0,38578.769490495324
20181221094300,38487.5,38586.02015823126
20181221094400,38475.0,38582.809640839696
20181221094500,38487.5,38571.52384668589
20181221094600,38450.0,38574.72979687154
20181221094700,38412.5,38557.04489052296
20181221094800,38412.5,38523.269261047244
20181221094900,38425.0,38511.18374913931
20181221095000,38425.0,38518.39810758829
20181221095100,38437.5,38522.428438439965
20181221095200,38412.5,38529.64896261692
20181221095300,38437.5,38519.24075707793
20181221095400,38437.5,38525.617261603475
20181221095500,38462.5,38533.68043527007
20181221095600,38475.0,38548.13792556524
20181221095700,38487.5,38563.44742812216
20181221095800,38537.5,38574.72979687154
20181221095900,38537.5,38607.79636763036
20181221100000,38562.5,38623.985285684466
20181221100100,38537.5,38638.537088781595
20181221100200,38500.0,38632.08248503506
20181221100300,38500.0,38602.18943729997
20181221100400,38512.5,38590.06122201681
20181221100500,38537.5,38597.31759876013
20181221100600,38512.5,38615.890369936824
20181221100700,38512.5,38609.450609609485
20181221100800,38512.5,38601.36163122952
20181221100900,38525.0,38601.36163122952
20181221101000,38550.0,38608.62371698022
20181221101100,38587.5,38627.20950469375
20181221101200,38587.5,38657.16055594385
20181221101300,38600.0,38669.326450675726
20181221101400,38575.0,38676.6237039119
20181221101500,38537.5,38666.08830168843
20181221101600,38537.5,38636.131313070655
20181221101700,38537.5,38623.985285684466
20181221101800,38537.5,38623.985285684466
20181221101900,38525.0,38623.985285684466
20181221102000,38525.0,38616.71589240432
20181221102100,38512.5,38612.66980469227
20181221102200,38537.5,38605.4061204195
20181221102300,38512.5,38615.890369936824
20181221102400,38550.0,38609.450609609485
20181221102500,38575.0,38623.16067665815
20181221102600,38562.5,38649.872893840075
20181221102700,38562.5,38650.69247893989
20181221102800,38562.5,38646.63976877928
20181221102900,38587.5,38646.63976877928
20181221103000,38587.5,38661.21554970741
20181221103100,38550.0,38669.326450675726
20181221103200,38512.5,38647.46095240116
20181221103300,38512.5,38613.49555552006
20181221103400,38525.0,38601.36163122952
20181221103500,38525.0,38608.62371698022
20181221103600,38512.5,38612.66980469227
20181221103700,38512.5,38605.4061204195
20181221103800,38512.5,38601.36163122952
20181221103900,38525.0,38601.36163122952
20181221104000,38537.5,38608.62371698022
20181221104100,38487.5,38619.93759945035
20181221104200,38450.0,38594.93351727724
20181221104300,38437.5,38557.04489052296
20181221104400,38450.0,38537.71259300411
20181221104500,38425.0,38540.90666845441
20181221104600,38450.0,38530.48841506243
20181221104700,38475.0,38536.873368918896
20181221104800,38462.5,38559.41024646163
20181221104900,38475.0,38560.24558842182
20181221105000,38475.0,38563.44742812216
20181221105100,38475.0,38567.48552322388
20181221105200,38462.5,38567.48552322388
20181221105300,38475.0,38560.24558842182
20181221105400,38462.5,38563.44742812216
20181221105500,38462.5,38560.24558842182
20181221105600,38475.0,38556.209091842175
20181221105700,38462.5,38563.44742812216
20181221105800,38437.5,38560.24558842182
20181221105900,38425.0,38541.745207458735
20181221110000,38425.0,38526.45785585046
20181221110100,38437.5,38522.428438439965
20181221110200,38462.5,38529.64896261692
20181221110300,38475.0,38548.13792556524
20181221110400,38462.5,38563.44742812216
20181221110500,38475.0,38560.24558842182
20181221110600,38462.5,38563.44742812216
20181221110700,38475.0,38560.24558842182
20181221110800,38487.5,38563.44742812216
20181221110900,38475.0,38574.72979687154
20181221111000,38462.5,38571.52384668589
20181221111100,38462.5,38560.24558842182
20181221111200,38475.0,38556.209091842175
20181221111300,38475.0,38563.44742812216
20181221111400,38475.0,38567.48552322388
20181221111500,38475.0,38567.48552322388
20181221111600,38475.0,38567.48552322388
20181221111700,38437.5,38567.48552322388
20181221111800,38425.0,38545.77805027366
20181221111900,38412.5,38526.45785585046
20181221112000,38412.5,38515.21179638803
20181221112100,38412.5,38511.18374913931
20181221112200,38425.0,38511.18374913931
20181221112300,38437.5,38518.39810758829
20181221112400,38425.0,38529.64896261692
20181221112500,38437.5,38526.45785585046
20181221112600,38387.5,38529.64896261692
20181221112700,38375.0,38504.81774918735
20181221112800,38412.5,38481.52066022158
20181221112900,38425.0,38499.1016626358
20181221113000,38425.0,38518.39810758829
20181221113100,38425.0,38522.428438439965
20181221113200,38412.5,38522.428438439965
20181221113300,38450.0,38515.21179638803
20181221113400,38462.5,38532.84052610397
20181221113500,38475.0,38552.17305198312
20181221113600,38487.5,38563.44742812216
20181221113700,38462.5,38574.72979687154
20181221113800,38462.5,38564.28208500147
20181221113900,38462.5,38556.209091842175
20181221114000,38475.0,38556.209091842175
20181221114100,38462.5,38563.44742812216
20181221114200,38475.0,38560.24558842182
20181221114300,38462.5,38563.44742812216
20181221114400,38462.5,38560.24558842182
20181221114500,38462.5,38556.209091842175
20181221114600,38462.5,38556.209091842175
20181221114700,38462.5,38556.209091842175
20181221114800,38475.0,38556.209091842175
20181221114900,38487.5,38563.44742812216
20181221115000,38462.5,38574.72979687154
20181221115100,38487.5,38564.28208500147
20181221115200,38462.5,38570.68987488747
20181221115300,38475.0,38564.28208500147
20181221115400,38475.0,38563.44742812216
20181221115500,38475.0,38567.48552322388
20181221115600,38487.5,38567.48552322388
20181221115700,38475.0,38574.72979687154
20181221115800,38462.5,38571.52384668589
20181221115900,38475.0,38560.24558842182
20181221120000,38475.0,38563.44742812216
20181221120100,38487.5,38567.48552322388
20181221120200,38475.0,38574.72979687154
20181221120300,38462.5,38571.52384668589
20181221120400,38462.5,38560.24558842182
20181221120500,38462.5,38556.209091842175
20181221120600,38462.5,38556.209091842175
20181221120700,38462.5,38556.209091842175
20181221120800,38475.0,38556.209091842175
20181221120900,38475.0,38563.44742812216
20181221121000,38475.0,38567.48552322388
20181221121100,38462.5,38567.48552322388
20181221121200,38462.5,38560.24558842182
20181221121300,38462.5,38556.209091842175
20181221121400,38475.0,38556.209091842175
20181221121500,38437.5,38563.44742812216
20181221121600,38425.0,38545.77805027366
20181221121700,38437.5,38526.45785585046
20181221121800,38437.5,38529.64896261692
20181221121900,38425.0,38533.68043527007
20181221122000,38412.5,38526.45785585046
20181221122100,38425.0,38515.21179638803
20181221122200,38412.5,38518.39810758829
20181221122300,38425.0,38515.21179638803
20181221122400,38437.5,38518.39810758829
20181221122500,38425.0,38529.64896261692
20181221122600,38437.5,38526.45785585046
20181221122700,38412.5,38529.64896261692
20181221122800,38425.0,38519.24075707793
20181221122900,38425.0,38518.39810758829
20181221123000,38425.0,38522.428438439965
20181221123100,38437.5,38522.428438439965
20181221123200,38412.5,38529.64896261692
20181221123300,38425.0,38519.24075707793
20181221123400,38425.0,38518.39810758829
20181221123500,38437.5,38522.428438439965
20181221123600,38425.0,38529.64896261692
20181221123700,38425.0,38526.45785585046
20181221123800,38437.5,38522.428438439965
20181221123900,38425.0,38529.64896261692
20181221124000,38425.0,38526.45785585046
20181221124100,38437.5,38522.428438439965
20181221124200,38412.5,38529.64896261692
20181221124300,38412.5,38519.24075707793
20181221124400,38425.0,38511.18374913931
20181221124500,38425.0,38518.39810758829
20181221124600,38437.5,38522.428438439965
20181221124700,38412.5,38529.64896261692
20181221124800,38412.5,38519.24075707793
20181221124900,38425.0,38511.18374913931
20181221125000,38425.0,38518.39810758829
20181221125100,38425.0,38522.428438439965
20181221125200,38412.5,38522.428438439965
20181221125300,38412.5,38515.21179638803
20181221125400,38412.5,38511.18374913931
20181221125500,38412.5,38511.18374913931
20181221125600,38425.0,38511.18374913931
20181221125700,38425.0,38518.39810758829
20181221125800,38437.5,38522.428438439965
20181221125900,38425.0,38529.64896261692
20181221130000,38425.0,38526.45785585046
20181221130100,38425.0,38522.428438439965
20181221130200,38425.0,38522.428438439965
20181221130300,38425.0,38522.428438439965
20181221130400,38425.0,38522.428438439965
20181221130500,38425.0,38522.428438439965
20181221130600,38425.0,38522.428438439965
20181221130700,38437.5,38522.428438439965
20181221130800,38425.0,38529.64896261692
20181221130900,38412.5,38526.45785585046
20181221131000,38425.0,38515.21179638803
20181221131100,38437.5,38518.39810758829
20181221131200,38437.5,38529.64896261692
20181221131300,38425.0,38533.68043527007
20181221131400,38412.5,38526.45785585046
20181221131500,38425.0,38515.21179638803
20181221131600,38425.0,38518.39810758829
20181221131700,38412.5,38522.428438439965
20181221131800,38425.0,38515.21179638803
20181221131900,38425.0,38518.39810758829
20181221132000,38437.5,38522.428438439965
20181221132100,38412.5,38529.64896261692
20181221132200,38412.5,38519.24075707793
20181221132300,38412.5,38511.18374913931
20181221132400,38437.5,38511.18374913931
20181221132500,38425.0,38525.617261603475
20181221132600,38425.0,38526.45785585046
20181221132700,38437.5,38522.428438439965
20181221132800,38412.5,38529.64896261692
20181221132900,38437.5,38519.24075707793
20181221133000,38425.0,38525.617261603475
20181221133100,38412.5,38526.45785585046
20181221133200,38412.5,38515.21179638803
20181221133300,38425.0,38511.18374913931
20181221133400,38437.5,38518.39810758829
20181221133500,38425.0,38529.64896261692
20181221133600,38425.0,38526.45785585046
20181221133700,38437.5,38522.428438439965
20181221133800,38437.5,38529.64896261692
20181221133900,38412.5,38533.68043527007
20181221134000,38412.5,38519.24075707793
20181221134100,38425.0,38511.18374913931
20181221134200,38425.0,38518.39810758829
20181221134300,38425.0,38522.428438439965
20181221134400,38412.5,38522.428438439965
20181221134500,38437.5,38515.21179638803
20181221134600,38425.0,38525.617261603475
20181221134700,38425.0,38526.45785585046
20181221134800,38412.5,38522.428438439965
20181221134900,38437.5,38515.21179638803
20181221135000,38437.5,38525.617261603475
20181221135100,38425.0,38533.68043527007
20181221135200,38425.0,38526.45785585046
20181221135300,38400.0,38522.428438439965
20181221135400,38362.5,38507.999949902296
20181221135500,38387.5,38478.34736555815
20181221135600,38375.0,38480.67161664367
20181221135700,38362.5,38481.52066022158
20181221135800,38375.0,38470.306342840195
20181221135900,38387.5,38473.47689718008
20181221140000,38337.5,38484.69486832619
20181221140100,38337.5,38459.9518019706
20181221140200,38337.5,38443.88597011566
20181221140300,38300.0,38443.88597011566
20181221140400,38262.5,38422.37580046058
20181221140500,38275.0,38388.890416920185
20181221140600,38275.0,38384.02131870389
20181221140700,38275.0,38388.026301562786
20181221140800,38262.5,38388.026301562786
20181221140900,38275.0,38380.882278084755
20181221141000,38275.0,38384.02131870389
20181221141100,38262.5,38388.026301562786
20181221141200,38275.0,38380.882278084755
20181221141300,38287.5,38384.02131870389
20181221141400,38325.0,38395.17489224672
20181221141500,38312.5,38420.658987760544
20181221141600,38312.5,38425.52945613861
20181221141700,38325.0,38421.517165750265
20181221141800,38325.0,38428.68448197842
20181221141900,38337.5,38432.69722908735
20181221142000,38312.5,38439.869797602296
20181221142100,38325.0,38429.54174652696
20181221142200,38325.0,38428.68448197842
20181221142300,38325.0,38432.69722908735
20181221142400,38337.5,38432.69722908735
20181221142500,38312.5,38439.869797602296
20181221142600,38312.5,38429.54174652696
20181221142700,38325.0,38421.517165750265
20181221142800,38312.5,38428.68448197842
20181221142900,38312.5,38425.52945613861
20181221143000,38325.0,38421.517165750265
20181221143100,38325.0,38428.68448197842
20181221143200,38312.5,38432.69722908735
20181221143300,38312.5,38425.52945613861
20181221143400,38325.0,38421.517165750265
20181221143500,38325.0,38428.68448197842
20181221143600,38325.0,38432.69722908735
20181221143700,38312.5,38432.69722908735
20181221143800,38337.5,38425.52945613861
20181221143900,38325.0,38435.8549952507
20181221144000,38312.5,38436.71134635806
20181221144100,38325.0,38425.52945613861
20181221144200,38312.5,38428.68448197842
20181221144300,38325.0,38425.52945613861
20181221144400,38337.5,38428.68448197842
20181221144500,38337.5,38439.869797602296
20181221144600,38325.0,38443.88597011566
20181221144700,38325.0,38436.71134635806
20181221144800,38337.5,38432.69722908735
20181221144900,38337.5,38439.869797602296
20181221145000,38312.5,38443.88597011566
20181221145100,38312.5,38429.54174652696
20181221145200,38325.0,38421.517165750265
20181221145300,38337.5,38428.68448197842
20181221145400,38337.5,38439.869797602296
20181221145500,38325.0,38443.88597011566
20181221145600,38337.5,38436.71134635806
20181221145700,38312.5,38439.869797602296
20181221145800,38337.5,38429.54174652696
20181221145900,38312.5,38435.8549952507
20181221150000,38325.0,38429.54174652696
20181221150100,38325.0,38428.68448197842
20181221150200,38337.5,38432.69722908735
20181221150300,38312.5,38439.869797602296
20181221150400,38325.0,38429.54174652696
20181221150500,38337.5,38428.68448197842
20181221150600,38325.0,38439.869797602296
20181221150700,38325.0,38436.71134635806
20181221150800,38325.0,38432.69722908735
20181221150900,38325.0,38432.69722908735
20181221151000,38337.5,38432.69722908735
20181221151100,38362.5,38439.869797602296
20181221151200,38387.5,38458.24754908681
20181221151300,38387.5,38480.67161664367
20181221151400,38412.5,38488.71880508959
20181221151500,38437.5,38503.12811136246
20181221151600,38425.0,38525.617261603475
20181221151700,38425.0,38526.45785585046
20181221151800,38412.5,38522.428438439965
20181221151900,38425.0,38515.21179638803
20181221153000,38650.0,38518.39810758829
20181221153500,38650.0,38653.06148864329
20181224090000,38487.5,38726.17788799107
20181224090100,38450.0,38631.32729753852
20181224090200,38500.0,38557.04489052296
20181224090300,38550.0,38573.89651015401
20181224090400,38475.0,38619.11184862256
20181224090500,38400.0,38591.72140136361
20181224090600,38400.0,38524.11076873541
20181224090700,38412.5,38499.94750916958
20181224090800,38425.0,38507.15524517
20181224090900,38412.5,38518.39810758829
20181224091000,38425.0,38515.21179638803
20181224091100,38412.5,38518.39810758829
20181224091200,38450.0,38515.21179638803
20181224091300,38462.5,38532.84052610397
20181224091400,38475.0,38552.17305198312
20181224091500,38462.5,38563.44742812216
20181224091600,38475.0,38560.24558842182
20181224091700,38487.5,38563.44742812216
20181224091800,38475.0,38574.72979687154
20181224091900,38487.5,38571.52384668589
20181224092000,38512.5,38574.72979687154
20181224092100,38537.5,38593.27425137162
20181224092200,38500.0,38615.890369936824
20181224092300,38512.5,38602.18943729997
20181224092400,38537.5,38597.31759876013
20181224092500,38525.0,38615.890369936824
20181224092600,38500.0,38616.71589240432
20181224092700,38487.5,38598.14654663205
20181224092800,38462.5,38582.809640839696
20181224092900,38475.0,38564.28208500147
20181224093000,38487.5,38563.44742812216
20181224093100,38500.0,38574.72979687154
20181224093200,38512.5,38586.02015823126
20181224093300,38512.5,38597.31759876013
20181224093400,38500.0,38601.36163122952
20181224093500,38475.0,38594.10456940532
20181224093600,38475.0,38575.56239850819
20181224093700,38450.0,38567.48552322388
20181224093800,38412.5,38553.00976410508
20181224093900,38425.0,38523.269261047244
20181224094000,38412.5,38518.39810758829
20181224094100,38400.0,38515.21179638803
20181224094200,38350.0,38503.97304445505
20181224094300,38325.0,38471.156756579876
20181224094400,38325.0,38440.72523526847
20181224094500,38362.5,38432.69722908735
20181224094600,38387.5,38454.2286362499
20181224094700,38387.5,38480.67161664367
20181224094800,38400.0,38488.71880508959
20181224094900,38375.0,38495.921517163515
20181224095000,38375.0,38485.542541742325
20181224095100,38375.0,38477.49832198024
20181224095200,38375.0,38477.49832198024
20181224095300,38362.5,38477.49832198024
20181224095400,38362.5,38470.306342840195
20181224095500,38387.5,38466.28628820181
20181224095600,38387.5,38480.67161664367
20181224095700,38425.0,38488.71880508959
20181224095800,38425.0,38510.33995784819
20181224095900,38437.5,38522.428438439965
20181224100000,38412.5,38529.64896261692
20181224100100,38425.0,38519.24075707793
20181224100200,38425.0,38518.39810758829
20181224100300,38437.5,38522.428438439965
20181224100400,38425.0,38529.64896261692
20181224100500,38437.5,38526.45785585046
20181224100600,38412.5,38529.64896261692
20181224100700,38412.5,38519.24075707793
20181224100800,38375.0,38511.18374913931
20181224100900,38375.0,38489.56556506455
20181224101000,38375.0,38477.49832198024
20181224101100,38387.5,38477.49832198024
20181224101200,38375.0,38484.69486832619
20181224101300,38375.0,38481.52066022158
20181224101400,38362.5,38477.49832198024
20181224101500,38387.5,38470.306342840195
20181224101600,38362.5,38480.67161664367
20181224101700,38362.5,38474.32685419917
20181224101800,38387.5,38466.28628820181
20181224101900,38450.0,38480.67161664367
20181224102000,38462.5,38524.77529719472
20181224102100,38412.5,38552.17305198312
20181224102200,38425.0,38527.29890681803
20181224102300,38437.5,38518.39810758829
20181224102400,38437.5,38529.64896261692
20181224102500,38425.0,38533.68043527007
20181224102600,38412.5,38526.45785585046
20181224102700,38400.0,38515.21179638803
20181224102800,38400.0,38503.97304445505
20181224102900,38412.5,38499.94750916958
20181224103000,38425.0,38507.15524517
20181224103100,38425.0,38518.39810758829
20181224103200,38425.0,38522.428438439965
20181224103300,38412.5,38522.428438439965
20181224103400,38437.5,38515.21179638803
20181224103500,38425.0,38525.617261603475
20181224103600,38412.5,38526.45785585046
20181224103700,38437.5,38515.21179638803
20181224103800,38412.5,38525.617261603475
20181224103900,38412.5,38519.24075707793
20181224104000,38425.0,38511.18374913931
20181224104100,38425.0,38518.39810758829
20181224104200,38400.0,38522.428438439965
20181224104300,38375.0,38507.999949902296
20181224104400,38375.0,38485.542541742325
20181224104500,38362.5,38477.49832198024
20181224104600,38400.0,38470.306342840195
20181224104700,38437.5,38487.871588394046
20181224104800,38425.0,38521.585788950324
20181224104900,38425.0,38526.45785585046
20181224105000,38412.5,38522.428438439965
20181224105100,38425.0,38515.21179638803
20181224105200,38450.0,38518.39810758829
20181224105300,38462.5,38536.873368918896
20181224105400,38475.0,38552.17305198312
20181224105500,38475.0,38563.44742812216
20181224105600,38462.5,38567.48552322388
20181224105700,38487.5,38560.24558842182
20181224105800,38475.0,38570.68987488747
20181224105900,38512.5,38571.52384668589
20181224110000,38512.5,38589.23136070371
20181224110100,38525.0,38601.36163122952
20181224110200,38525.0,38608.62371698022
20181224110300,38537.5,38612.66980469227
20181224110400,38525.0,38619.93759945035
20181224110500,38537.5,38616.71589240432
20181224110600,38525.0,38619.93759945035
20181224110700,38500.0,38616.71589240432
20181224110800,38462.5,38598.14654663205
20181224110900,38475.0,38568.319038301706
20181224111000,38475.0,38563.44742812216
20181224111100,38487.5,38567.48552322388
20181224111200,38462.5,38574.72979687154
20181224111300,38487.5,38564.28208500147
20181224111400,38475.0,38570.68987488747
20181224111500,38475.0,38571.52384668589
20181224111600,38487.5,38567.48552322388
20181224111700,38462.5,38574.72979687154
20181224111800,38500.0,38564.28208500147
20181224111900,38525.0,38577.93734557927
20181224112000,38525.0,38604.577857628465
20181224112100,38525.0,38612.66980469227
20181224112200,38537.5,38612.66980469227
20181224112300,38537.5,38619.93759945035
20181224112400,38525.0,38623.985285684466
20181224112500,38525.0,38616.71589240432
20181224112600,38537.5,38612.66980469227
20181224112700,38525.0,38619.93759945035
20181224112800,38537.5,38616.71589240432
20181224112900,38525.0,38619.93759945035
20181224113000,38525.0,38616.71589240432
20181224113100,38512.5,38612.66980469227
20181224113200,38537.5,38605.4061204195
20181224113300,38525.0,38615.890369936824
20181224113400,38525.0,38616.71589240432
20181224113500,38525.0,38612.66980469227
20181224113600,38537.5,38612.66980469227
20181224113700,38537.5,38619.93759945035
20181224113800,38512.5,38623.985285684466
20181224113900,38537.5,38609.450609609485
20181224114000,38537.5,38615.890369936824
20181224114100,38537.5,38623.985285684466
20181224114200,38525.0,38623.985285684466
20181224114300,38525.0,38616.71589240432
20181224114400,38512.5,38612.66980469227
20181224114500,38537.5,38605.4061204195
20181224114600,38575.0,38615.890369936824
20181224114700,38587.5,38645.819498598576
20181224114800,38575.0,38665.27031511068
20181224114900,38587.5,38662.03399300575
20181224115000,38587.5,38665.27031511068
20181224115100,38562.5,38669.326450675726
20181224115200,38575.0,38654.745189100504
20181224115300,38600.0,38653.92583236098
20181224115400,38637.5,38672.56642654538
20181224115500,38662.5,38702.60311290622
20181224115600,38675.0,38729.43704612553
20181224115700,38650.0,38744.903203845024
20181224115800,38625.0,38734.31048318744
20181224115900,38637.5,38711.53862290084
20181224120000,38625.0,38710.72862893343
20181224120100,38612.5,38707.47632160783
20181224120200,38625.0,38696.1039789021
20181224120300,38625.0,38699.352860823274
20181224120400,38612.5,38703.41402031481
20181224120500,38612.5,38696.1039789021
20181224120600,38612.5,38692.04396121204
20181224120700,38612.5,38692.04396121204
20181224120800,38637.5,38692.04396121204
20181224120900,38625.0,38706.66495747864
20181224121000,38612.5,38707.47632160783
20181224121100,38612.5,38696.1039789021
20181224121200,38612.5,38692.04396121204
20181224121300,38612.5,38692.04396121204
20181224121400,38612.5,38692.04396121204
20181224121500,38637.5,38692.04396121204
20181224121600,38662.5,38706.66495747864
20181224121700,38700.0,38729.43704612553
20181224121800,38712.5,38759.57992002368
20181224121900,38712.5,38779.14697192609
20181224122000,38687.5,38783.22228975594
20181224122100,38712.5,38768.525249511
20181224122200,38712.5,38775.07256753743
20181224122300,38712.5,38783.22228975594
20181224122400,38712.5,38783.22228975594
20181224122500,38712.5,38783.22228975594
20181224122600,38712.5,38783.22228975594
20181224122700,38750.0,38783.22228975594
20181224122800,38775.0,38805.299021303654
20181224122900,38800.0,38832.28755444288
20181224123000,38787.5,38855.22680282593
20181224123100,38787.5,38856.011905521154
20181224123200,38750.0,38851.92562639713
20181224123300,38750.0,38829.78335544467
20181224123400,38775.0,38817.539589852095
20181224123500,38787.5,38832.28755444288
20181224123600,38775.0,38847.839118912816
20181224123700,38775.0,38844.540682807565
20181224123800,38762.5,38840.45554548502
20181224123900,38775.0,38833.07699598372
20181224124000,38762.5,38836.37177832425
20181224124100,38750.0,38833.07699598372
20181224124200,38725.0,38821.62038832903
20181224124300,38737.5,38802.80829556286
20181224124400,38725.0,38802.014058455825
20181224124500,38725.0,38798.73023740947
20181224124600,38737.5,38794.65332105756
20181224124700,38725.0,38802.014058455825
20181224124800,38725.0,38798.73023740947
20181224124900,38737.5,38794.65332105756
20181224125000,38750.0,38802.014058455825
20181224125100,38775.0,38813.45924809575
20181224125200,38762.5,38832.28755444288
20181224125300,38775.0,38833.07699598372
20181224125400,38775.0,38836.37177832425
20181224125500,38787.5,38840.45554548502
20181224125600,38762.5,38847.839118912816
20181224125700,38750.0,38837.15984970331
20181224125800,38712.5,38821.62038832903
20181224125900,38712.5,38795.44892832637
20181224130000,38725.0,38783.22228975594
20181224130100,38725.0,38790.57663306594
20181224130200,38725.0,38794.65332105756
20181224130300,38725.0,38794.65332105756
20181224130400,38725.0,38794.65332105756
20181224130500,38725.0,38794.65332105756
20181224130600,38737.5,38794.65332105756
20181224130700,38725.0,38802.014058455825
20181224130800,38700.0,38798.73023740947
20181224130900,38662.5,38779.944862797856
20181224131000,38637.5,38749.77572746575
20181224131100,38612.5,38722.92078509927
20181224131200,38625.0,38700.16422495246
20181224131300,38625.0,38699.352860823274
20181224131400,38637.5,38703.41402031481
20181224131500,38625.0,38710.72862893343
20181224131600,38600.0,38707.47632160783
20181224131700,38575.0,38688.79781961441
20181224131800,38562.5,38666.08830168843
20181224131900,38562.5,38650.69247893989
20181224132000,38575.0,38646.63976877928
20181224132100,38587.5,38653.92583236098
20181224132200,38612.5,38665.27031511068
20181224132300,38625.0,38683.92506763339
20181224132400,38625.0,38699.352860823274
20181224132500,38625.0,38703.41402031481
20181224132600,38612.5,38703.41402031481
20181224132700,38625.0,38696.1039789021
20181224132800,38637.5,38699.352860823274
20181224132900,38637.5,38710.72862893343
20181224133000,38625.0,38714.79275710881
20181224133100,38612.5,38707.47632160783
20181224133200,38625.0,38696.1039789021
20181224133300,38625.0,38699.352860823274
20181224133400,38612.5,38703.41402031481
20181224133500,38612.5,38696.1039789021
20181224133600,38625.0,38692.04396121204
20181224133700,38625.0,38699.352860823274
20181224133800,38612.5,38703.41402031481
20181224133900,38637.5,38696.1039789021
20181224134000,38612.5,38706.66495747864
20181224134100,38612.5,38700.16422495246
20181224134200,38612.5,38692.04396121204
20181224134300,38625.0,38692.04396121204
20181224134400,38625.0,38699.352860823274
20181224134500,38625.0,38703.41402031481
20181224134600,38612.5,38703.41402031481
20181224134700,38637.5,38696.1039789021
20181224134800,38675.0,38706.66495747864
20181224134900,38675.0,38736.76581308246
20181224135000,38687.5,38748.9723559469
20181224135100,38687.5,38756.310257315636
20181224135200,38675.0,38760.38100793958
20181224135300,38675.0,38753.04196476936
20181224135400,38662.5,38748.9723559469
20181224135500,38675.0,38741.63879342377
20181224135600,38675.0,38744.903203845024
20181224135700,38675.0,38748.9723559469
20181224135800,38662.5,38748.9723559469
20181224135900,38662.5,38741.63879342377
20181224140000,38662.5,38737.57192492485
20181224140100,38675.0,38737.57192492485
20181224140200,38675.0,38744.903203845024
20181224140300,38675.0,38748.9723559469
20181224140400,38675.0,38748.9723559469
20181224140500,38662.5,38748.9723559469
20181224140600,38675.0,38741.63879342377
20181224140700,38675.0,38744.903203845024
20181224140800,38675.0,38748.9723559469
20181224140900,38675.0,38748.9723559469
20181224141000,38662.5,38748.9723559469
20181224141100,38662.5,38741.63879342377
20181224141200,38675.0,38737.57192492485
20181224141300,38675.0,38744.903203845024
20181224141400,38687.5,38748.9723559469
20181224141500,38712.5,38756.310257315636
20181224141600,38737.5,38775.07256753743
20181224141700,38687.5,38797.93577194214
20181224141800,38700.0,38776.66994780302
20181224141900,38712.5,38767.724161595106
20181224142000,38675.0,38779.14697192609
20181224142100,38687.5,38761.182552576065
20181224142200,38700.0,38756.310257315636
20181224142300,38687.5,38767.724161595106
20181224142400,38712.5,38764.452900364995
20181224142500,38712.5,38775.07256753743
20181224142600,38725.0,38783.22228975594
20181224142700,38725.0,38790.57663306594
20181224142800,38725.0,38794.65332105756
20181224142900,38725.0,38794.65332105756
20181224143000,38725.0,38794.65332105756
20181224143100,38712.5,38794.65332105756
20181224143200,38750.0,38787.29760758579
20181224143300,38762.5,38805.299021303654
20181224143400,38775.0,38824.91151690483
20181224143500,38775.0,38836.37177832425
20181224143600,38775.0,38840.45554548502
20181224143700,38762.5,38840.45554548502
20181224143800,38775.0,38833.07699598372
20181224143900,38775.0,38836.37177832425
20181224144000,38762.5,38840.45554548502
20181224144100,38762.5,38833.07699598372
20181224144200,38775.0,38828.99368554354
20181224144300,38775.0,38836.37177832425
20181224144400,38775.0,38840.45554548502
20181224144500,38775.0,38840.45554548502
20181224144600,38762.5,38840.45554548502
20181224144700,38787.5,38833.07699598372
20181224144800,38787.5,38843.75352486968
20181224144900,38837.5,38851.92562639713
20181224145000,38900.0,38881.50650560856
20181224145100,38975.0,38934.977297112346
20181224145200,38937.5,39000.18398091197
20181224145300,38912.5,39002.46164649725
20181224145400,38937.5,38975.23767389357
20181224145500,38912.5,38981.92246481776
20181224145600,38912.5,38975.23767389357
20181224145700,38912.5,38967.02857799828
20181224145800,38887.5,38967.02857799828
20181224145900,38862.5,38952.15113312006
20181224150000,38875.0,38929.093365743756
20181224150100,38862.5,38928.32127958536
20181224150200,38862.5,38924.99566860497
20181224150300,38900.0,38920.89865654707
20181224150400,38912.5,38943.17931383848
20181224150500,38862.5,38962.92425841093
20181224150600,38875.0,38937.289445102215
20181224150700,38875.0,38928.32127958536
20181224150800,38862.5,38932.41989016533
20181224150900,38862.5,38924.99566860497
20181224151000,38875.0,38920.89865654707
20181224151100,38862.5,38928.32127958536
20181224151200,38837.5,38924.99566860497
20181224151300,38825.0,38906.06528520584
20181224151400,38825.0,38890.470103919506
20181224151500,38812.5,38886.3783441484
20181224151600,38812.5,38878.97673025727
20181224151700,38837.5,38874.88611228764
20181224151800,38850.0,38889.69093859196
20181224151900,38812.5,38905.28908856213
